HICOM_PING_START run=5[  146.261442] random: crng init done
Messages: 2000  |  Payload: 64 B  |  Channel: hicom (HI-only)
WARNING: timeout at seq 2
Progress: 100/2000 (lost: 1)
Progress: 200/2000 (lost: 1)
Progress: 300/2000 (lost: 1)
Progress: 400/2000 (lost: 1)
Progress: 500/2000 (lost: 1)
Progress: 600/2000 (lost: 1)
Progress: 700/2000 (lost: 1)
WARNING: timeout at seq 740
Progress: 800/2000 (lost: 2)
Progress: 900/2000 (lost: 2)
Progress: 1000/2000 (lost: 2)
Progress: 1100/2000 (lost: 2)
Progress: 1200/2000 (lost: 2)
Progress: 1300/2000 (lost: 2)
Progress: 1400/2000 (lost: 2)
Progress: 1500/2000 (lost: 2)
Progress: 1600/2000 (lost: 2)
Progress: 1700/2000 (lost: 2)
Progress: 1800/2000 (lost: 2)
Progress: 1900/2000 (lost: 2)
Progress: 2000/2000 (lost: 2)
========== SHM PING-PONG RESULTS ==========
Messages sent:    2000
Messages lost:    2 (0.100%)
RTL (us):
Mean:   1859.136    Std dev: 705.811
Min:     263.504    Max:     9896.784
P50:    1914.624    P95:     2771.488
P99:    3675.952    P99.9:   6640.416
Throughput: 538 msg/s
============================================
===CSV_START===
Seq,RTT_ns
1,2376352
2,1730192
3,4416464
4,4234816
5,3105552
6,851904
7,5666000
8,2160464
9,2058976
10,326352
11,2405968
12,2191024
13,9896784
14,2159584
15,2359104
16,2162272
17,5028576
18,1396272
19,3982960
20,3354672
21,1948112
22,2028272
23,365824
24,1908448
25,2992000
26,2188224
27,2248672
28,2263840
29,1361008
30,1372368
31,1378608
32,1425616
33,1488624
34,315952
35,1931792
36,1934288
37,1870000
38,3063152
39,1900720
40,2222320
41,1868896
42,2128592
43,942368
44,2014288
45,386272
46,1155584
47,2112944
48,1501280
49,2199984
50,2295072
51,473600
52,1687344
53,1791568
54,1872592
55,2017808
56,1655696
57,2041040
58,1802864
59,299920
60,2173952
61,2891536
62,1857984
63,1934080
64,1767888
65,2179152
66,1526976
67,2164208
68,1599824
69,1856336
70,1917696
71,2060640
72,2335584
73,2538320
74,2019984
75,1669120
76,1981120
77,2088544
78,2221328
79,2145376
80,1653504
81,964608
82,319872
83,2224704
84,1195808
85,1884304
86,1687696
87,1618704
88,1650496
89,1886624
90,1657696
91,432176
92,1961616
93,1613328
94,1814016
95,1823008
96,1976624
97,2073472
98,1992240
99,2655424
100,2211008
101,1882144
102,2462944
103,2327056
104,1784080
105,1727696
106,1893472
107,412208
108,1149472
109,1683504
110,1788816
111,1946032
112,2125328
113,330976
114,2039568
115,992576
116,2128048
117,2325488
118,2548912
119,2021024
120,1902288
121,1861344
122,315200
123,1452880
124,2005680
125,1625904
126,464240
127,2889552
128,1816032
129,284816
130,1444544
131,302784
132,1406544
133,1385648
134,1415440
135,1415200
136,1708656
137,3917168
138,1733584
139,1099520
140,1921744
141,2053760
142,486144
143,2655440
144,2097760
145,1939232
146,1881696
147,2684432
148,1985120
149,2226192
150,1807536
151,2200768
152,1625456
153,2135632
154,2143248
155,2927840
156,326784
157,2255296
158,1907616
159,3765024
160,1980832
161,314912
162,2091968
163,2249264
164,2536688
165,1767568
166,1735536
167,331248
168,2064976
169,2804224
170,1992976
171,2111040
172,1571024
173,302368
174,2727584
175,1872832
176,2146016
177,2155360
178,1534384
179,2220640
180,2600096
181,2189936
182,1954336
183,1774064
184,1650640
185,1922128
186,1811184
187,1835904
188,2105440
189,449728
190,992256
191,2192704
192,1877328
193,537568
194,2654480
195,1777664
196,1804240
197,1940368
198,2125808
199,450528
200,2416960
201,2141776
202,1065728
203,2051312
204,1697856
205,2314848
206,1019952
207,2187904
208,1940384
209,2191120
210,2713552
211,2453296
212,2233360
213,1026192
214,1857296
215,1656624
216,1740000
217,1810480
218,1813328
219,367952
220,1595968
221,392192
222,2067264
223,1825424
224,2163296
225,1987776
226,1836928
227,1936320
228,1735424
229,1778336
230,1928352
231,1669280
232,1725104
233,1894784
234,1871856
235,1830544
236,1748976
237,1761456
238,360352
239,1520960
240,1964912
241,1737264
242,1949552
243,1926976
244,1884992
245,2028592
246,1886416
247,974048
248,2264000
249,1879456
250,1866016
251,310784
252,2031744
253,1835088
254,1852176
255,1628416
256,1870704
257,3227200
258,2585456
259,340848
260,1793040
261,2379216
262,1653968
263,1816256
264,2163248
265,1957280
266,1898960
267,2141536
268,2773280
269,2227872
270,1900112
271,1709248
272,2139776
273,1667312
274,1814736
275,311472
276,2339840
277,2579792
278,2169520
279,2518816
280,2317312
281,2083536
282,1888064
283,2155760
284,2420432
285,2828560
286,2006624
287,1794496
288,2075360
289,1674624
290,1895952
291,2173728
292,1807440
293,2526704
294,439056
295,1781808
296,1961328
297,1828992
298,403136
299,1866640
300,455456
301,2061552
302,1571568
303,1766448
304,1644848
305,2590112
306,367008
307,2841856
308,1994224
309,1911600
310,1672800
311,2154640
312,1713648
313,1856208
314,1835296
315,1702000
316,1772752
317,1791392
318,1913312
319,1638896
320,1935072
321,1829904
322,2175968
323,1514176
324,1709840
325,1902592
326,1839200
327,1245424
328,2169520
329,1873936
330,360288
331,2888304
332,2401472
333,2855760
334,2013712
335,2010960
336,1637648
337,2186672
338,1887840
339,1905104
340,2889392
341,1935360
342,300176
343,2223616
344,2609696
345,2771488
346,1493168
347,1433168
348,1410432
349,1457408
350,320384
351,1427216
352,1286688
353,1501520
354,4390128
355,1795008
356,2533104
357,2462704
358,2160912
359,1608096
360,2355264
361,1045440
362,2123872
363,1615520
364,1752112
365,284992
366,1690336
367,387280
368,1901408
369,2127296
370,1743008
371,1919856
372,415328
373,2493488
374,2140624
375,1887152
376,2727040
377,416688
378,2403696
379,1911600
380,1989680
381,2020656
382,1715232
383,2101184
384,1680560
385,1927040
386,1740176
387,2036400
388,320816
389,2258288
390,2256400
391,2223440
392,2155968
393,387472
394,2678928
395,2021424
396,1731680
397,1933920
398,2287824
399,2871552
400,1705472
401,2009232
402,2236192
403,2452128
404,2578448
405,2516720
406,2115664
407,2359168
408,1907520
409,2063376
410,1691760
411,2067616
412,382752
413,2689664
414,2331504
415,2085056
416,1655200
417,2261728
418,1148240
419,1963616
420,1909600
421,2147840
422,2680000
423,2388208
424,1913744
425,365312
426,961168
427,1948240
428,1648192
429,2122784
430,1698288
431,2182176
432,1662832
433,423280
434,1914032
435,2119984
436,2002672
437,1998816
438,437040
439,942448
440,1603136
441,346016
442,1929776
443,1991440
444,1672160
445,1982864
446,342336
447,399600
448,1854832
449,1942624
450,1850272
451,375008
452,1884560
453,1780608
454,2094304
455,1864336
456,1951968
457,1770080
458,391920
459,1861280
460,1067664
461,1800880
462,1725408
463,1852880
464,2224768
465,2034048
466,1756112
467,2227536
468,2572752
469,2358992
470,2193120
471,376256
472,416544
473,2027392
474,2036448
475,1908096
476,2316016
477,2568688
478,1778848
479,2133968
480,2311504
481,2310112
482,1746448
483,1786176
484,363840
485,1824192
486,1744656
487,1587392
488,1890576
489,1651552
490,378688
491,2228912
492,1279536
493,2040288
494,1654976
495,1959664
496,1657392
497,1901632
498,1547824
499,1791280
500,1931344
501,1769680
502,1971648
503,2161504
504,2353040
505,1970144
506,2119040
507,2772048
508,3762112
509,2203808
510,2282624
511,1028720
512,2110720
513,1825152
514,2272416
515,1104672
516,2134800
517,2216576
518,2033920
519,1843984
520,1808592
521,2046352
522,1827216
523,1650448
524,1920480
525,1958032
526,1887456
527,1993840
528,1682304
529,1990864
530,1838480
531,1817456
532,1433904
533,2586528
534,2937184
535,3234096
536,3621872
537,2997456
538,1860944
539,342064
540,1034400
541,2523200
542,2849856
543,3222736
544,2438960
545,2211216
546,1394368
547,2082272
548,1678096
549,2386864
550,3083264
551,1858704
552,1989360
553,1948944
554,1989088
555,2831376
556,1999648
557,1696992
558,2237200
559,2083168
560,1669632
561,2104192
562,2592512
563,2622256
564,1750768
565,2162848
566,1431104
567,1424000
568,323056
569,1509248
570,3602592
571,2415392
572,2081952
573,1715104
574,329248
575,2811152
576,1925392
577,1918768
578,2115136
579,2750160
580,446368
581,1857344
582,1965184
583,1687568
584,1974816
585,2809056
586,400960
587,2242176
588,2012336
589,2949776
590,353984
591,2695216
592,2280880
593,1820016
594,1749504
595,1851456
596,1996112
597,3201664
598,2043296
599,1865856
600,1995760
601,1017568
602,1922944
603,367760
604,2764368
605,2041008
606,2024720
607,1824288
608,319952
609,2250272
610,2770336
611,457632
612,1116848
613,2394880
614,3070416
615,1747440
616,1876640
617,2048608
618,2195344
619,1493760
620,2201648
621,2433280
622,2803264
623,2217072
624,2963952
625,371136
626,3484368
627,1864304
628,1996816
629,2234304
630,1811728
631,2524432
632,2288720
633,1940944
634,1828128
635,2114896
636,1767504
637,1932880
638,1728672
639,2203968
640,2721232
641,2531392
642,1971248
643,1878736
644,2041248
645,2394608
646,2606000
647,2063056
648,1719888
649,418752
650,1751504
651,1891296
652,1777584
653,362224
654,1835696
655,2054080
656,2240976
657,397552
658,2134912
659,2562608
660,1939296
661,1948288
662,1814992
663,2250784
664,333744
665,2577424
666,1920304
667,2021296
668,1864544
669,1736240
670,1805984
671,1992544
672,1987280
673,2134736
674,1643728
675,1832192
676,1842928
677,1955424
678,1658368
679,388944
680,1996208
681,2009408
682,1781440
683,3022976
684,2362272
685,1724192
686,2101504
687,2094384
688,2062752
689,1237760
690,1955472
691,1519552
692,1870528
693,1856768
694,357952
695,1848496
696,1009568
697,1995440
698,1982272
699,355072
700,1885904
701,2261232
702,406944
703,2249296
704,2778528
705,2056944
706,1716576
707,1903440
708,1992496
709,485680
710,2413616
711,1620208
712,1882752
713,1869760
714,1817680
715,2360816
716,1763872
717,355696
718,2753184
719,1975248
720,2048320
721,2409504
722,1020688
723,2161440
724,1746864
725,1524976
726,2021984
727,2019136
728,2408144
729,2501488
730,2037904
731,1748624
732,2210800
733,2216912
734,1707792
735,852208
736,1821920
737,1616560
738,1919584
739,2451888
740,2175888
741,2029088
742,374912
743,1000560
744,2394480
745,1509424
746,2192928
747,2483472
748,2501392
749,2068592
750,2193264
751,1993376
752,2038144
753,1837792
754,2189232
755,2079184
756,3505952
757,2160704
758,2215232
759,2493824
760,1992528
761,1808896
762,2192400
763,1731792
764,2077520
765,2508784
766,403312
767,1832688
768,2138560
769,1851312
770,1544240
771,1418848
772,294208
773,1658944
774,1445568
775,1498000
776,1385296
777,1478608
778,1309184
779,1435120
780,1479904
781,2222320
782,1993520
783,291104
784,1679808
785,1994240
786,1722192
787,1911088
788,1614576
789,344304
790,1793792
791,941536
792,1739920
793,2251248
794,1853296
795,1830592
796,1965264
797,1596752
798,1897040
799,2587760
800,2540224
801,2380256
802,2198624
803,2533168
804,1930192
805,1934960
806,2124800
807,321056
808,478528
809,1897056
810,1713280
811,1858048
812,1704160
813,2203088
814,1127840
815,1993008
816,1668352
817,1995984
818,1729392
819,392880
820,2729696
821,1986896
822,327184
823,2597504
824,2423008
825,2054192
826,1797456
827,1942000
828,1321664
829,1766368
830,1547296
831,1960448
832,1824464
833,1954000
834,380544
835,2488448
836,2365072
837,1923952
838,382752
839,2687664
840,2243744
841,2110560
842,1796576
843,2150624
844,2618240
845,2014688
846,1676528
847,2294752
848,2100128
849,2026144
850,2180272
851,2087424
852,1677856
853,1734480
854,2154656
855,2206112
856,1636992
857,333536
858,1655776
859,2918720
860,1838256
861,1781552
862,347504
863,1716336
864,427712
865,1883552
866,2778656
867,2484640
868,3383824
869,2060656
870,1761024
871,1997744
872,1941872
873,1971920
874,1016736
875,1597024
876,2020432
877,1954544
878,3223104
879,2257440
880,1638848
881,2349568
882,1880080
883,1855312
884,2313648
885,2535584
886,2238624
887,1683904
888,1929328
889,1934256
890,1797584
891,1878864
892,2051728
893,1808720
894,1795680
895,2090528
896,1868064
897,2020704
898,2586176
899,2000656
900,2061776
901,1703280
902,2134336
903,1503936
904,2125056
905,1624096
906,1935504
907,2557280
908,2189344
909,1906192
910,376464
911,1063376
912,2078848
913,1752880
914,389024
915,1872880
916,978736
917,2003904
918,1636240
919,2224784
920,1687456
921,343152
922,1916496
923,1630016
924,2159552
925,2033552
926,356896
927,2300048
928,2692000
929,1952960
930,1701088
931,1898912
932,392368
933,1075744
934,1938112
935,1887120
936,2052544
937,2258576
938,1934000
939,2119440
940,1999264
941,2063008
942,2844928
943,2661600
944,1899360
945,1675296
946,1909152
947,316976
948,2243568
949,1842992
950,2129376
951,2038640
952,2086448
953,1314720
954,1340128
955,263504
956,1487840
957,1293024
958,1348160
959,2189280
960,5091072
961,2664272
962,2710992
963,1958432
964,1750176
965,2273872
966,3247664
967,1752992
968,2075808
969,2160976
970,1863104
971,1260448
972,344608
973,1642400
974,1452224
975,2009360
976,1738432
977,1956768
978,2032112
979,382384
980,2601200
981,1819584
982,433520
983,2617520
984,1961744
985,1865504
986,510672
987,2794240
988,1926944
989,1710656
990,2125296
991,1907840
992,1624496
993,1844656
994,1992832
995,1938896
996,351664
997,929168
998,2022272
999,1395168
1000,2118160
1001,2710144
1002,2573776
1003,2134800
1004,1632448
1005,2241232
1006,2485328
1007,2247072
1008,2437616
1009,1817536
1010,2197456
1011,2540048
1012,2574784
1013,2150048
1014,1319968
1015,2359728
1016,922512
1017,1762560
1018,2017248
1019,1848464
1020,2208992
1021,2152880
1022,1527152
1023,2283440
1024,913216
1025,2309632
1026,1898704
1027,2033200
1028,343120
1029,1915696
1030,410944
1031,1181504
1032,2229072
1033,2671472
1034,2236640
1035,1849360
1036,1945536
1037,1933504
1038,1932608
1039,2065808
1040,1748480
1041,1944016
1042,1296768
1043,2039808
1044,2737632
1045,2574240
1046,400192
1047,1978832
1048,1045216
1049,2046960
1050,1817296
1051,2290432
1052,2404464
1053,2640256
1054,1982976
1055,1726768
1056,2099920
1057,2231440
1058,3003696
1059,1992192
1060,1612128
1061,391856
1062,2003184
1063,2703936
1064,371792
1065,1772880
1066,333488
1067,1929856
1068,1682624
1069,2060480
1070,1893232
1071,378352
1072,1738560
1073,329440
1074,1603328
1075,2871504
1076,1782096
1077,1803776
1078,2060944
1079,2120768
1080,2607312
1081,2497184
1082,332416
1083,2168320
1084,2307040
1085,1859200
1086,2140080
1087,1721456
1088,1641568
1089,1710912
1090,1787168
1091,1671392
1092,2110048
1093,1511520
1094,2057136
1095,1882688
1096,1889424
1097,1571808
1098,1909808
1099,377184
1100,1765392
1101,1556896
1102,2117456
1103,1425904
1104,1923552
1105,434816
1106,1163536
1107,2249952
1108,1750256
1109,403696
1110,2602144
1111,1534016
1112,1984912
1113,2075296
1114,435248
1115,1268896
1116,459392
1117,1780592
1118,1694816
1119,369088
1120,1990640
1121,1952480
1122,1429232
1123,1914624
1124,2059712
1125,3117920
1126,2548560
1127,1709040
1128,2292272
1129,2629168
1130,1798256
1131,1588080
1132,2087456
1133,1788176
1134,322800
1135,2139664
1136,367168
1137,1837440
1138,1946048
1139,2372976
1140,2159184
1141,2479024
1142,2130464
1143,1994192
1144,301296
1145,2711792
1146,2577472
1147,1637616
1148,1560336
1149,1450560
1150,1304016
1151,1462592
1152,1361056
1153,1330480
1154,303680
1155,4656192
1156,3004352
1157,2142880
1158,1928240
1159,2251840
1160,2210496
1161,2646384
1162,4198688
1163,1722096
1164,1834688
1165,1991344
1166,1465344
1167,394416
1168,1774336
1169,2147664
1170,1777600
1171,1914224
1172,2139504
1173,2119504
1174,1474976
1175,2000624
1176,1883104
1177,1902928
1178,289520
1179,2392320
1180,454816
1181,2081840
1182,309104
1183,1826368
1184,2075792
1185,358240
1186,1834512
1187,418208
1188,2487376
1189,1648752
1190,1896880
1191,1668144
1192,2325360
1193,2109056
1194,2085120
1195,1761904
1196,2421952
1197,2493200
1198,1982576
1199,370080
1200,348928
1201,1956112
1202,340784
1203,4361696
1204,1950848
1205,1686768
1206,347568
1207,1900016
1208,1921344
1209,1989904
1210,1663232
1211,2110848
1212,1635216
1213,378592
1214,2340992
1215,1652400
1216,2441008
1217,2707856
1218,2105712
1219,1480432
1220,2006640
1221,1864208
1222,1954176
1223,2003936
1224,1983552
1225,2559616
1226,2274368
1227,1986288
1228,1746352
1229,332768
1230,1806432
1231,299600
1232,2404112
1233,1722528
1234,2112288
1235,387152
1236,1845632
1237,1748960
1238,1956048
1239,1743888
1240,1845488
1241,1809712
1242,2030736
1243,383392
1244,2347440
1245,1514512
1246,305456
1247,1838608
1248,1796944
1249,2113920
1250,1653904
1251,1926720
1252,1840800
1253,2048064
1254,1561984
1255,1884608
1256,1968784
1257,1760976
1258,1723728
1259,366384
1260,1630864
1261,1884624
1262,392944
1263,1856176
1264,2184416
1265,2511504
1266,2575360
1267,389648
1268,1875008
1269,2446848
1270,2412112
1271,1860384
1272,1729552
1273,1913872
1274,1731904
1275,1843472
1276,2252816
1277,1691408
1278,1657152
1279,1937824
1280,1866272
1281,2095680
1282,1418384
1283,2057120
1284,1767296
1285,2332032
1286,1006048
1287,1853568
1288,346384
1289,1744880
1290,1761936
1291,1694096
1292,2151264
1293,1581040
1294,1883680
1295,1573456
1296,1842272
1297,1845120
1298,2196192
1299,1870400
1300,2461728
1301,2327536
1302,1233904
1303,2226224
1304,2612832
1305,2585904
1306,2056000
1307,3556896
1308,1793168
1309,1788688
1310,1474352
1311,2031968
1312,1532032
1313,343200
1314,2022416
1315,1948720
1316,1760944
1317,1905616
1318,2140112
1319,998176
1320,2124416
1321,1678832
1322,388192
1323,3255984
1324,2306336
1325,2702912
1326,2406896
1327,1473888
1328,324912
1329,1429632
1330,384112
1331,1430272
1332,1425840
1333,1387072
1334,4120448
1335,2020352
1336,2206400
1337,1882080
1338,459776
1339,2740992
1340,1924816
1341,341936
1342,1654560
1343,355936
1344,1857264
1345,1168256
1346,2171552
1347,1701776
1348,1931152
1349,1717728
1350,2015744
1351,323824
1352,1867680
1353,1672096
1354,1711216
1355,2348384
1356,1862912
1357,1949712
1358,1809648
1359,2027376
1360,2127424
1361,2285152
1362,1882432
1363,1942928
1364,377488
1365,432848
1366,1884912
1367,423632
1368,2936992
1369,2030064
1370,2272544
1371,927584
1372,1848208
1373,312336
1374,2235488
1375,1684928
1376,2456848
1377,2210880
1378,1578928
1379,2167824
1380,2001280
1381,1621344
1382,1936976
1383,1691856
1384,2098384
1385,1469760
1386,2001648
1387,1736720
1388,2175408
1389,2633456
1390,2518624
1391,431648
1392,1934032
1393,1953424
1394,1802816
1395,1796800
1396,1824704
1397,1898832
1398,1849136
1399,298768
1400,1986384
1401,1832912
1402,360416
1403,1891792
1404,1679104
1405,1601728
1406,1769456
1407,1805840
1408,2088928
1409,375024
1410,1578512
1411,1541008
1412,1585712
1413,1811456
1414,1851584
1415,1808976
1416,1781952
1417,1738016
1418,1785504
1419,2152672
1420,1835568
1421,2134064
1422,1710896
1423,1910768
1424,2083776
1425,378016
1426,2499824
1427,1727392
1428,371472
1429,2180992
1430,2114496
1431,1943120
1432,1666000
1433,1582336
1434,2575408
1435,1946992
1436,2486192
1437,2433888
1438,1799632
1439,2131024
1440,1870656
1441,479744
1442,2966688
1443,1656480
1444,1693296
1445,1808272
1446,1643552
1447,2235632
1448,1761984
1449,2061440
1450,1586592
1451,2100528
1452,2093904
1453,1675552
1454,1828880
1455,1837184
1456,1888576
1457,2147728
1458,1998096
1459,2280720
1460,2736192
1461,2170144
1462,1945520
1463,2077200
1464,2207600
1465,2468832
1466,2154352
1467,1853536
1468,1954592
1469,2379712
1470,2421968
1471,2011248
1472,1823600
1473,2412816
1474,2464816
1475,2144224
1476,1931216
1477,2121456
1478,1922448
1479,346608
1480,2487808
1481,2264768
1482,2323776
1483,343968
1484,380032
1485,2047328
1486,3341568
1487,2234912
1488,2195568
1489,978096
1490,2112704
1491,2172480
1492,529344
1493,3072848
1494,2020912
1495,2588144
1496,2631136
1497,2196512
1498,2583792
1499,2308256
1500,2782848
1501,2598176
1502,2528080
1503,1907840
1504,1941440
1505,2142976
1506,458464
1507,1166848
1508,2236032
1509,2874832
1510,2594944
1511,2051024
1512,2789584
1513,2308672
1514,2516416
1515,973504
1516,2201200
1517,2916592
1518,1728288
1519,2102256
1520,1849472
1521,2304704
1522,1724560
1523,2120544
1524,1682992
1525,1721936
1526,1629104
1527,1962192
1528,2195808
1529,1913344
1530,1042720
1531,2209744
1532,318112
1533,373152
1534,1810976
1535,1803552
1536,1968864
1537,1568912
1538,2217072
1539,2486416
1540,2395488
1541,1881664
1542,1788272
1543,2312304
1544,1822272
1545,2070160
1546,2658016
1547,2071792
1548,2103552
1549,2204736
1550,1665280
1551,1822096
1552,1952160
1553,1403488
1554,2361712
1555,2556240
1556,2734912
1557,1944144
1558,1713104
1559,2087920
1560,2298416
1561,2689440
1562,2082256
1563,1418528
1564,1891248
1565,1975936
1566,2119776
1567,2889168
1568,2184432
1569,2228192
1570,1584832
1571,1663216
1572,3559344
1573,2328656
1574,2013040
1575,1589632
1576,2021216
1577,2161888
1578,1872832
1579,888416
1580,2078288
1581,1700208
1582,2170736
1583,2652480
1584,2469648
1585,1744176
1586,1824912
1587,1890512
1588,1849728
1589,1827792
1590,2080816
1591,1983712
1592,1691760
1593,1822720
1594,1515376
1595,2072368
1596,1581680
1597,1950032
1598,2031664
1599,2587104
1600,1863792
1601,1655648
1602,1711968
1603,1918224
1604,2052608
1605,1839776
1606,2174608
1607,2425488
1608,2557216
1609,2382624
1610,1681184
1611,2246384
1612,1042624
1613,2064592
1614,1803904
1615,1801296
1616,1655264
1617,2042656
1618,352224
1619,318224
1620,2180976
1621,389424
1622,2018992
1623,372704
1624,1413360
1625,1913936
1626,1652848
1627,2115312
1628,1704032
1629,2226736
1630,959072
1631,1872032
1632,1844032
1633,1949808
1634,355040
1635,2561712
1636,2639456
1637,1892544
1638,1859520
1639,1802880
1640,336592
1641,1069024
1642,2124592
1643,2038384
1644,1985296
1645,2956032
1646,1848128
1647,1939952
1648,1765184
1649,1740208
1650,1918208
1651,2005888
1652,378352
1653,1428816
1654,2130592
1655,1423552
1656,2359376
1657,1005936
1658,1987472
1659,1920608
1660,2041328
1661,375696
1662,1960912
1663,2865184
1664,1791680
1665,954992
1666,1959984
1667,1891200
1668,2168112
1669,1437392
1670,2059968
1671,1859072
1672,1835856
1673,329360
1674,2728896
1675,1722304
1676,365648
1677,1869984
1678,1833392
1679,1868944
1680,1867712
1681,3789696
1682,347152
1683,1967520
1684,2802544
1685,1703728
1686,2310208
1687,1885248
1688,1885776
1689,420656
1690,2497952
1691,2275056
1692,2047760
1693,1933328
1694,1908288
1695,2299184
1696,1736880
1697,412464
1698,2161552
1699,2059712
1700,385024
1701,2605104
1702,2484464
1703,1987328
1704,1689456
1705,1964112
1706,1565808
1707,1888192
1708,1698336
1709,2210560
1710,2134304
1711,1901056
1712,2239328
1713,2240448
1714,1667776
1715,1755584
1716,1604128
1717,1467904
1718,2033344
1719,1674848
1720,1538080
1721,2275552
1722,377104
1723,1653680
1724,362000
1725,1976848
1726,2086512
1727,2128448
1728,1604800
1729,1935536
1730,1953072
1731,370464
1732,1679152
1733,1926704
1734,3178464
1735,2506976
1736,1739856
1737,554416
1738,1749920
1739,2333552
1740,998640
1741,2142992
1742,1871936
1743,1823664
1744,1761664
1745,376128
1746,2059584
1747,2257872
1748,2735984
1749,329616
1750,2508496
1751,1855120
1752,1820432
1753,1972720
1754,3113872
1755,427856
1756,1871952
1757,2128752
1758,1741088
1759,2027552
1760,1696624
1761,475296
1762,3263968
1763,2023280
1764,1723024
1765,1999456
1766,1746688
1767,2126864
1768,2410960
1769,2823616
1770,1891024
1771,1744800
1772,1835312
1773,1946656
1774,2012880
1775,1590432
1776,1846160
1777,1757552
1778,403216
1779,1802240
1780,1159280
1781,1940368
1782,1837008
1783,1940464
1784,1772608
1785,2183024
1786,2538368
1787,2239200
1788,2110352
1789,1842000
1790,2132864
1791,2021376
1792,1781264
1793,2589248
1794,2399472
1795,2198000
1796,1763552
1797,347360
1798,1970304
1799,1987952
1800,1745120
1801,1529568
1802,2238592
1803,1869792
1804,1721776
1805,2040784
1806,1633584
1807,2173904
1808,2158608
1809,3184064
1810,1962496
1811,351504
1812,2451296
1813,1606224
1814,1977968
1815,2085424
1816,456752
1817,1601872
1818,1394272
1819,1946656
1820,1815472
1821,2157600
1822,3228816
1823,1775344
1824,2195040
1825,1762208
1826,1999904
1827,1608800
1828,2042528
1829,2081440
1830,1951840
1831,2119136
1832,2738464
1833,2102096
1834,1892208
1835,1741904
1836,2327824
1837,1838272
1838,2854304
1839,2447008
1840,1782400
1841,2171488
1842,2282592
1843,2693200
1844,2046832
1845,2108448
1846,2034816
1847,838816
1848,1872336
1849,345840
1850,1513792
1851,1819456
1852,2122880
1853,2098640
1854,2877456
1855,2192816
1856,2210960
1857,2401120
1858,2541088
1859,2036880
1860,417232
1861,971984
1862,2069536
1863,1754688
1864,297408
1865,1893872
1866,1489616
1867,1388544
1868,292240
1869,1469312
1870,1337584
1871,1790672
1872,3382576
1873,2183856
1874,1002608
1875,1742144
1876,1860496
1877,2213856
1878,417408
1879,3025632
1880,1685888
1881,2141456
1882,345296
1883,2481824
1884,2450512
1885,1809712
1886,2012800
1887,2250720
1888,1140608
1889,1766992
1890,1785280
1891,2032320
1892,334320
1893,1379264
1894,1756816
1895,1807568
1896,1965168
1897,3616000
1898,1823584
1899,1779136
1900,1681936
1901,1727568
1902,1536896
1903,326016
1904,2178112
1905,2286112
1906,610512
1907,1804624
1908,2107632
1909,321920
1910,1004752
1911,1830448
1912,1763824
1913,2091648
1914,2108608
1915,2947344
1916,1744752
1917,1788112
1918,410336
1919,2129488
1920,2086528
1921,1898832
1922,2265680
1923,3675952
1924,2934896
1925,1926192
1926,1690928
1927,2015440
1928,1648112
1929,1894224
1930,1628192
1931,1880576
1932,1602608
1933,1770432
1934,1859376
1935,1817280
1936,367680
1937,1445280
1938,2194304
1939,2760128
1940,1917408
1941,1850160
1942,3214272
1943,2612832
1944,1993328
1945,1579728
1946,1740368
1947,355760
1948,2440960
1949,1792384
1950,1736544
1951,2003824
1952,2023424
1953,1661440
1954,1761504
1955,3214976
1956,2347984
1957,1851360
1958,1738768
1959,1835712
1960,1998800
1961,1818416
1962,1870544
1963,1930016
1964,1707264
1965,2363024
1966,2812560
1967,3963216
1968,1835552
1969,1844576
1970,1891632
1971,2056432
1972,1761136
1973,2238560
1974,2488736
1975,2309504
1976,1824192
1977,1884464
1978,2183616
1979,2685376
1980,2319584
1981,2074464
1982,1802448
1983,2273632
1984,2548688
1985,2705504
1986,1903040
1987,1009104
1988,1839216
1989,1563136
1990,1880224
1991,327968
1992,2251712
1993,5981520
1994,2397456
1995,2642096
1996,2262848
1997,2621792
1998,6640416
===CSV_END===
HICOM_PING_DONE run=5
