========================================
SHM Ping-Pong Client
Scenario 2 - EB corbos Linux Evaluation
========================================
Messages:       2000
Message size:   64 B
Poll interval:  100 us
Echo timeout:   10 ms

Waiting for shm_echo to register (UUID: b2c3d4e5-f6a7-8901-bcde-f12345678901)...
Found shm_echo!


========== SHM PING-PONG RESULTS ==========
Messages sent:    2000
Messages lost:    8 (0.400%)
RTL (us):
  Mean:   1892.271    Std dev: 877.484
  Min:      36.880    Max:     9863.424
  P50:    1622.752    P95:     2951.504
  P99:    6537.344    P99.9:   9234.352
Throughput: 528 msg/s
============================================
===CSV_START===
Seq,RTT_ns
1,6403040
2,3854080
3,1705872
4,2388320
5,3735792
6,1003024
7,3684784
8,1720640
9,5623632
10,1727488
11,2734528
12,1695872
13,2008752
14,1517888
15,2766144
16,1843184
17,2271248
18,1689360
19,2036128
20,1635232
21,1653728
22,1779312
23,1717376
24,2714032
25,1548624
26,2667632
27,1898832
28,1898544
29,1436864
30,1787552
31,1672256
32,2468032
33,8823776
34,1969728
35,2728272
36,2337168
37,1875328
38,6725376
39,1766768
40,1636624
41,1601456
42,2728560
43,1605296
44,2327840
45,1759216
46,6866704
47,1933392
48,1229296
49,1866464
50,2260048
51,1693632
52,2686304
53,1659520
54,1726816
55,4249728
56,1573968
57,2468240
58,8163776
59,1482432
60,1873904
61,1615280
62,3038160
63,1597936
64,1893936
65,1629792
66,3189696
67,1607696
68,1745728
69,1835568
70,1751552
71,1677504
72,2308592
73,9234352
74,1705056
75,2606256
76,3429792
77,1650976
78,1998128
79,1871792
80,7796816
81,2062624
82,1616112
83,2653328
84,1493840
85,1780240
86,1524464
87,1306752
88,1706496
89,1426192
90,2421680
91,8128848
92,8404928
93,1543920
94,1910656
95,1422784
96,2670544
97,1613024
98,1970688
99,1529008
100,2942768
101,1566192
102,1703872
103,8751040
104,3559472
105,1524192
106,2735680
107,1445936
108,2540400
109,1577152
110,2794128
111,1532096
112,1580320
113,1489616
114,2267040
115,1442176
116,7165264
117,3950144
118,3572480
119,1657952
120,1311488
121,3855968
122,1488464
123,7809600
124,1655568
125,2705120
126,1368560
127,2431216
128,3865808
129,1644304
130,1590080
131,2457712
132,1508448
133,2272768
134,1304096
135,2416704
136,1387232
137,1342512
138,1550832
139,1413936
140,2889232
141,7569760
142,1380704
143,1243200
144,1560592
145,1395824
146,2402288
147,1563424
148,1157312
149,9863424
150,2995488
151,2733056
152,2018736
153,1616336
154,1603376
155,1496368
156,1428176
157,1468720
158,1551632
159,1995776
160,8543008
161,3586688
162,1173536
163,1344368
164,1693760
165,1317792
166,1337504
167,996368
168,4653600
169,1713824
170,1759248
171,1471376
172,1326208
173,1908016
174,1419360
175,1529712
176,1369200
177,1428704
178,1444976
179,1423728
180,1218880
181,1577360
182,1568592
183,1175968
184,2228528
185,1311392
186,1705984
187,1527264
188,1226320
189,2202624
190,1322592
191,1937520
192,1321680
193,2324368
194,1565088
195,1167136
196,2539376
197,1487760
198,2382928
199,1482080
200,2219520
201,1355584
202,1656528
203,1287008
204,1287920
205,1680304
206,2133712
207,1689904
208,1258320
209,1263536
210,1789424
211,1370576
212,1593376
213,1444752
214,1701104
215,6026608
216,1332064
217,2588896
218,1453040
219,2262432
220,1427936
221,2419360
222,1944080
223,1821376
224,1507824
225,2071696
226,1675456
227,2411744
228,1854704
229,2533072
230,1682512
231,2503616
232,1538528
233,1951424
234,1468368
235,1423200
236,2551088
237,2502352
238,1641984
239,2932080
240,1441504
241,2589296
242,1446544
243,2085840
244,1586112
245,2552064
246,1779232
247,1894752
248,1818112
249,3039952
250,1555248
251,1712448
252,1835584
253,2459840
254,3495648
255,1569216
256,2396912
257,1718208
258,2865232
259,1545296
260,1739568
261,1588448
262,2499904
263,1521024
264,2630944
265,1663136
266,2844432
267,1872128
268,2028720
269,36880
270,1785648
271,1809728
272,1645200
273,2802816
274,1515168
275,3057168
276,1675152
277,2741408
278,3026400
279,1598256
280,1928160
281,1494704
282,2690432
283,1662512
284,1822832
285,1718832
286,2109712
287,1785616
288,2445216
289,1577936
290,2494800
291,1624656
292,2213104
293,1674656
294,2163728
295,1698592
296,2550512
297,1638400
298,2589648
299,1472880
300,1969184
301,1548464
302,2436672
303,1610144
304,2720944
305,1757584
306,1904656
307,1586208
308,2834672
309,1789456
310,1864368
311,1664640
312,2293600
313,1646672
314,2370000
315,1638064
316,2648224
317,1560272
318,1863952
319,1566016
320,2663792
321,1622752
322,2489584
323,4198736
324,1533024
325,2455104
326,3675312
327,1782656
328,2610672
329,1505600
330,1762512
331,1913776
332,2670960
333,1556592
334,2428992
335,1496944
336,2249776
337,1661728
338,2370144
339,1554080
340,2566592
341,3508816
342,1625696
343,2951616
344,1390512
345,2206576
346,1529680
347,2568928
348,3707792
349,1829456
350,1956944
351,1628800
352,2637856
353,1714224
354,2372272
355,1688240
356,2446832
357,1616416
358,2546752
359,4040944
360,1553920
361,1971376
362,1633104
363,2467616
364,1704944
365,6511520
366,1787824
367,2013952
368,1639040
369,2663888
370,1648640
371,2042384
372,1943680
373,2333392
374,3327616
375,1578496
376,2787936
377,1300656
378,2305984
379,1393168
380,1256576
381,1884048
382,1313104
383,45808
384,1734848
385,1606784
386,1455296
387,1737168
388,1604160
389,1755200
390,1528320
391,1384608
392,2502208
393,1317360
394,3219696
395,2380416
396,1587488
397,2403728
398,1436016
399,2128464
400,2858656
401,1744800
402,1352912
403,2147472
404,1380544
405,2506048
406,1582144
407,1339024
408,2245824
409,1457008
410,1458960
411,1464816
412,2337440
413,1509280
414,1481120
415,2229840
416,1448288
417,1829872
418,1241488
419,2483088
420,1622112
421,2315088
422,1580688
423,2320928
424,1366944
425,1300400
426,2513984
427,1307232
428,2206032
429,1285216
430,1864304
431,1367840
432,1256912
433,1842896
434,1706256
435,1573024
436,1734160
437,1444016
438,2449920
439,2589344
440,4153888
441,1289344
442,1209728
443,1563040
444,1473120
445,2139232
446,1443008
447,1470720
448,2325920
449,1274672
450,1723136
451,1466624
452,2178384
453,1576464
454,3149616
455,2988512
456,1761344
457,1299456
458,1101248
459,1399952
460,1385040
461,1659216
462,1387920
463,1617376
464,1654336
465,1573888
466,1725392
467,1459408
468,2027792
469,1565136
470,2558096
471,1757680
472,2246464
473,1647968
474,2454288
475,4112768
476,1588720
477,2126928
478,1428880
479,2491536
480,1368848
481,1305920
482,1660272
483,1401056
484,2149216
485,1496912
486,1360336
487,1358992
488,1661744
489,2115504
490,1614176
491,2292880
492,1415808
493,1441472
494,1798528
495,1264448
496,2090528
497,1491712
498,1222000
499,1642224
500,1623744
501,1483200
502,1423264
503,1403376
504,1402144
505,1221664
506,1326064
507,1718352
508,1390560
509,1423072
510,1159120
511,1412176
512,1408928
513,1052576
514,1527424
515,1270752
516,1721584
517,1398288
518,1846224
519,1673632
520,1346784
521,2129120
522,1704768
523,1793888
524,1572096
525,2444528
526,1397600
527,2085824
528,1529664
529,2966976
530,1294432
531,2140400
532,1329840
533,1190192
534,1614768
535,1437504
536,2372128
537,1486848
538,1280880
539,853776
540,1346800
541,1454896
542,1620416
543,1513296
544,1246400
545,2288576
546,1560320
547,1880032
548,1227120
549,1767568
550,1709760
551,1383248
552,1684208
553,1531408
554,2168752
555,1524160
556,2196304
557,1474448
558,1242224
559,1501888
560,1544048
561,81696
562,1744304
563,1314944
564,1432880
565,1478944
566,1276832
567,1276144
568,1479024
569,2634960
570,1592368
571,1598896
572,2203920
573,2803904
574,1314848
575,1566256
576,2380352
577,1476784
578,1372176
579,882528
580,1304304
581,1447280
582,1820928
583,1468960
584,1523472
585,1333264
586,1328864
587,1767136
588,1432128
589,2570032
590,1627568
591,2609264
592,1399568
593,2333888
594,1473920
595,1402176
596,1394944
597,1499968
598,1208096
599,2193408
600,1282752
601,1731360
602,1774368
603,1567104
604,1454064
605,1408080
606,1614672
607,1360912
608,1309696
609,1937472
610,1538576
611,1643872
612,1278448
613,1672864
614,1065104
615,1575536
616,1305456
617,886784
618,1445168
619,1478064
620,1654016
621,3692736
622,1340384
623,1490080
624,2516016
625,1218800
626,1762864
627,1420240
628,2264400
629,1372848
630,1297152
631,2203168
632,1478736
633,1336400
634,1441216
635,1514256
636,2387440
637,1213888
638,1558000
639,1312240
640,1239872
641,1595856
642,1574208
643,2032560
644,1578336
645,2378064
646,1668448
647,2461264
648,1575104
649,2060864
650,1322288
651,1356976
652,1566288
653,1291872
654,1271424
655,1475152
656,1510592
657,3432144
658,1554384
659,1767280
660,1854480
661,1858064
662,1442688
663,2187248
664,1497856
665,2571904
666,1522464
667,2704704
668,3877792
669,1789264
670,2149936
671,1459808
672,1292592
673,2138640
674,1378480
675,1807776
676,1781472
677,1724688
678,1653392
679,1483104
680,2414736
681,1324608
682,1470176
683,1713424
684,2270592
685,1534672
686,2519936
687,1388928
688,1268192
689,2132672
690,1548256
691,1717168
692,1343424
693,2118048
694,1539184
695,1487808
696,2247600
697,1367232
698,1902928
699,1220480
700,2192016
701,8703024
702,4695104
703,1313120
704,2739728
705,1456016
706,2159696
707,1440144
708,1562944
709,1713232
710,2140560
711,1564288
712,1382224
713,1595840
714,1460720
715,2109360
716,1363088
717,1364576
718,2163488
719,1360608
720,1787392
721,1342736
722,1283392
723,2164896
724,1489024
725,1448352
726,1431360
727,1478496
728,2456224
729,1249504
730,1618192
731,4522304
732,1420176
733,1495664
734,1347216
735,1222848
736,1597792
737,1279712
738,2247584
739,1421056
740,1582736
741,1388320
742,1394048
743,1382672
744,2013824
745,1235952
746,1545904
747,1373424
748,1553264
749,2777008
750,1406336
751,2286016
752,1541088
753,1985008
754,1250176
755,1736512
756,1695456
757,1409584
758,1599584
759,1323232
760,2380816
761,1423744
762,2205936
763,1735200
764,2328096
765,1245440
766,1410272
767,1604160
768,1418816
769,1277824
770,2164656
771,1405152
772,1641280
773,1441632
774,2186288
775,1340336
776,1506448
777,1716032
778,1349872
779,1184736
780,2019936
781,1566512
782,1695072
783,1427056
784,2337952
785,1455344
786,1369088
787,2185824
788,1538000
789,2292848
790,1476880
791,1483280
792,1610320
793,1333200
794,1381408
795,1648128
796,1585568
797,1624112
798,1366784
799,1696224
800,1481264
801,1320576
802,2385424
803,1461424
804,1751824
805,3510800
806,1478480
807,1251392
808,1069232
809,4589904
810,1467376
811,2361344
812,1559744
813,2668352
814,2310480
815,2640256
816,2802000
817,1524048
818,2655408
819,1517952
820,2142240
821,1805824
822,1931280
823,1554576
824,2645680
825,1633712
826,2938944
827,1574816
828,1719088
829,1722480
830,2792896
831,1616496
832,1842224
833,1755712
834,2640928
835,1554512
836,2036800
837,1649568
838,2456976
839,1717408
840,1933344
841,1653760
842,2830736
843,1530784
844,2147984
845,1686880
846,2671168
847,1465728
848,1938992
849,1566240
850,2694176
851,1632912
852,2586560
853,1554416
854,2532944
855,1554656
856,2171920
857,1767760
858,1935200
859,1558624
860,2683888
861,1705296
862,1916912
863,1656448
864,2951504
865,1475552
866,2101184
867,1676256
868,2705200
869,1490288
870,2434896
871,1471488
872,1969024
873,1619008
874,2558960
875,1619808
876,2838704
877,1590544
878,1774704
879,1589680
880,2547712
881,1630640
882,2583696
883,1531248
884,2654608
885,1536688
886,2000256
887,1658096
888,2411056
889,1604720
890,1737312
891,1671472
892,1580144
893,2689056
894,1350336
895,2491360
896,2525408
897,1549376
898,2549968
899,1610048
900,2467104
901,1495072
902,2575216
903,1564048
904,2624944
905,1506016
906,2008624
907,1580656
908,2470256
909,1495824
910,2660720
911,1542256
912,2491856
913,1533344
914,1999664
915,1813968
916,1741600
917,1619328
918,1534672
919,1852240
920,1615936
921,2048320
922,1411776
923,2302160
924,1492640
925,1503104
926,2353440
927,1443888
928,2393120
929,1476704
930,1252416
931,1883536
932,2537584
933,1525168
934,2377840
935,1500384
936,2547984
937,1552448
938,2700560
939,1709328
940,1757104
941,1657888
942,2469280
943,1610384
944,2549040
945,3914656
946,1524288
947,2469968
948,1607728
949,1949088
950,1444400
951,1403504
952,1079920
953,1614688
954,2633184
955,1375280
956,1345200
957,1612144
958,2390032
959,1472064
960,1398896
961,2154704
962,1661264
963,1760000
964,1659056
965,1674416
966,1436944
967,1601744
968,5675344
969,1698784
970,2047248
971,1888320
972,2311984
973,1635712
974,2400416
975,2036064
976,1860880
977,1708800
978,1771312
979,1777312
980,2746928
981,1751424
982,6024848
983,1690656
984,2002928
985,1814688
986,2343376
987,2222096
988,2243872
989,1461728
990,1573024
991,1435136
992,1397024
993,1984672
994,1623104
995,1252480
996,7979632
997,7339120
998,1464048
999,2240528
1000,1266064
1001,3308288
1002,1503632
1003,1514688
1004,2957040
1005,1680624
1006,3522352
1007,1759120
1008,2556512
1009,1352128
1010,2236624
1011,1509888
1012,2263360
1013,5650944
1014,1243632
1015,2446752
1016,7206288
1017,1456608
1018,2338576
1019,6537344
1020,1844000
1021,1272992
1022,1706080
1023,1454512
1024,1521952
1025,1706128
1026,1628528
1027,1581216
1028,1755616
1029,2530096
1030,1456560
1031,1422320
1032,2435984
1033,1232608
1034,2778256
1035,1509504
1036,2512720
1037,1480640
1038,2435952
1039,1318416
1040,1883376
1041,1403360
1042,2031328
1043,1550080
1044,2274016
1045,1436656
1046,1357616
1047,1357520
1048,1381232
1049,1272464
1050,1543984
1051,1399856
1052,2045792
1053,1431600
1054,1568160
1055,1725904
1056,1502848
1057,2098336
1058,1406064
1059,1251968
1060,1788208
1061,1224496
1062,2125664
1063,1454544
1064,1412640
1065,1763216
1066,1632848
1067,1642992
1068,1328464
1069,1428896
1070,1750816
1071,1507072
1072,1650640
1073,1360320
1074,1322048
1075,1667824
1076,1467024
1077,1257552
1078,1594112
1079,1514672
1080,2245664
1081,1375616
1082,1346240
1083,1791120
1084,1304752
1085,2277136
1086,1609536
1087,2140304
1088,4159584
1089,1593776
1090,2271920
1091,1553296
1092,1334272
1093,2132400
1094,1515824
1095,1292048
1096,1547040
1097,1280512
1098,1798064
1099,1447552
1100,2229536
1101,1331504
1102,1326416
1103,2072896
1104,1465888
1105,2651536
1106,2743664
1107,1302896
1108,1373632
1109,1666240
1110,2617312
1111,1943728
1112,1333264
1113,1628832
1114,1284496
1115,1369936
1116,1850304
1117,1413584
1118,2373280
1119,1313264
1120,1405184
1121,2579568
1122,1329536
1123,1089024
1124,1491712
1125,1438576
1126,2588096
1127,1238896
1128,2312336
1129,1655296
1130,1736016
1131,1220272
1132,1227024
1133,2231568
1134,1561456
1135,1537072
1136,1605008
1137,2313184
1138,1639808
1139,2206640
1140,1308352
1141,1543456
1142,2029056
1143,1488736
1144,1475984
1145,1372816
1146,1322016
1147,1838864
1148,1445744
1149,1626992
1150,1484608
1151,1407664
1152,1698224
1153,1836192
1154,2141808
1155,1595728
1156,2058144
1157,1721168
1158,1385104
1159,2494768
1160,1353616
1161,1755248
1162,1348096
1163,2081632
1164,1483328
1165,2378592
1166,1482288
1167,1301024
1168,1424544
1169,3606896
1170,2580256
1171,1512448
1172,1645872
1173,1365744
1174,1064848
1175,1586224
1176,1249856
1177,1950160
1178,1283920
1179,1566016
1180,1457216
1181,1451072
1182,1515408
1183,1697696
1184,1632448
1185,2759136
1186,1591984
1187,1314512
1188,1650240
1189,2476272
1190,1627472
1191,2353904
1192,1379488
1193,2054672
1194,1346912
1195,1583344
1196,1238080
1197,1496944
1198,1938304
1199,3481184
1200,1612416
1201,1174384
1202,1663312
1203,1362432
1204,1727072
1205,1603616
1206,1372016
1207,1607952
1208,8387872
1209,3493360
1210,1513856
1211,1144288
1212,1679792
1213,1571472
1214,2151856
1215,1392128
1216,1244880
1217,1748608
1218,1400080
1219,2202528
1220,1368848
1221,1303872
1222,985040
1223,1360480
1224,1580944
1225,2715168
1226,2396672
1227,1444576
1228,1450768
1229,2510752
1230,2517760
1231,1444784
1232,1290784
1233,1375936
1234,2223712
1235,1574160
1236,1534624
1237,1357536
1238,1497056
1239,4248048
1240,1178400
1241,1725440
1242,3140720
1243,2426528
1244,1416400
1245,1704944
1246,1261440
1247,2137792
1248,1472624
1249,1441744
1250,1964768
1251,1415712
1252,1477712
1253,1531824
1254,1234240
1255,1856848
1256,1440768
1257,2423776
1258,1544624
1259,2377856
1260,3751392
1261,3999376
1262,1465856
1263,2443344
1264,1460880
1265,1275424
1266,1322720
1267,1380736
1268,1420160
1269,2328080
1270,1348864
1271,1388304
1272,1373392
1273,1245376
1274,1933856
1275,1414688
1276,1953536
1277,1432704
1278,1513856
1279,2053184
1280,1441776
1281,1468368
1282,1390336
1283,1283408
1284,1550528
1285,1623040
1286,2085664
1287,1519872
1288,1347056
1289,1479136
1290,1529056
1291,1604512
1292,1533104
1293,1448176
1294,1451024
1295,1493328
1296,1333440
1297,1776368
1298,1530032
1299,1670160
1300,1705136
1301,2230176
1302,1712416
1303,2470928
1304,1442576
1305,1247376
1306,2512880
1307,1399776
1308,1549216
1309,1438704
1310,1224592
1311,1012992
1312,1623072
1313,1467632
1314,2373952
1315,1446000
1316,1575488
1317,1476864
1318,2294688
1319,1525792
1320,2283312
1321,1421152
1322,1506992
1323,1984384
1324,1539392
1325,1662528
1326,1422752
1327,1294000
1328,2268096
1329,1382608
1330,1570752
1331,1383744
1332,1445200
1333,1485072
1334,1329632
1335,1661728
1336,1524608
1337,2200400
1338,1527792
1339,2503280
1340,1536448
1341,2350000
1342,1672896
1343,2177040
1344,1640000
1345,1325984
1346,1470080
1347,1298352
1348,1808864
1349,1280080
1350,1197616
1351,813392
1352,1649152
1353,1349216
1354,2385328
1355,1349200
1356,1480928
1357,1529264
1358,1337248
1359,2458272
1360,1407808
1361,1663568
1362,1201456
1363,1316736
1364,1403392
1365,1465696
1366,1523440
1367,1508464
1368,2164800
1369,4314272
1370,1496688
1371,2241776
1372,1774720
1373,2688992
1374,2264608
1375,2422144
1376,1534656
1377,3326736
1378,1783552
1379,1726272
1380,2900192
1381,1508080
1382,1954048
1383,1709696
1384,2341200
1385,1577488
1386,2711504
1387,1599264
1388,2478832
1389,1491776
1390,2532928
1391,1583008
1392,1933376
1393,1705056
1394,2800464
1395,4261168
1396,1408736
1397,1837520
1398,1597120
1399,2839456
1400,1653968
1401,1879264
1402,1536960
1403,2458624
1404,1734592
1405,2688784
1406,1651008
1407,1913408
1408,1608688
1409,2489504
1410,1678224
1411,2295824
1412,1552592
1413,2459776
1414,1687632
1415,2059408
1416,1682896
1417,2454960
1418,1531568
1419,2948464
1420,1465296
1421,1907072
1422,1760784
1423,2518016
1424,1704560
1425,2414128
1426,1570080
1427,2176688
1428,1841680
1429,2551536
1430,1424832
1431,2502144
1432,1548368
1433,1863760
1434,1512704
1435,2772704
1436,1576080
1437,2565824
1438,1543440
1439,2547104
1440,1457440
1441,2053296
1442,1573424
1443,2465648
1444,1700544
1445,2666784
1446,4079824
1447,58064
1448,1828320
1449,1921680
1450,1426352
1451,2560704
1452,1476624
1453,2325952
1454,1588496
1455,1971888
1456,1743616
1457,2917088
1458,1401344
1459,2575056
1460,1571312
1461,1828832
1462,1718576
1463,2728240
1464,1531696
1465,2327680
1466,1635056
1467,2494416
1468,1529936
1469,2634576
1470,1534400
1471,1731696
1472,1567360
1473,2706096
1474,1567184
1475,2240240
1476,1560832
1477,2559712
1478,1557088
1479,2624464
1480,1549728
1481,2428208
1482,1505504
1483,2488464
1484,1512416
1485,2599664
1486,1483904
1487,2691024
1488,1951120
1489,2000112
1490,1536448
1491,1766624
1492,1632240
1493,2585232
1494,1631840
1495,2659712
1496,1477824
1497,2107504
1498,1757568
1499,2664224
1500,1833968
1501,1902912
1502,1457264
1503,2545232
1504,1527328
1505,2544112
1506,1459424
1507,2541616
1508,1483040
1509,1836864
1510,1557776
1511,1417472
1512,2633328
1513,2421168
1514,1556608
1515,2672816
1516,1605632
1517,2270032
1518,1775936
1519,2552528
1520,1705136
1521,1782880
1522,1708288
1523,2554560
1524,4586080
1525,1637488
1526,2142096
1527,1691920
1528,1880736
1529,1737712
1530,2631648
1531,1628928
1532,1470928
1533,2806816
1534,1972496
1535,3780448
1536,1359008
1537,2187696
1538,1573264
1539,1295328
1540,1446048
1541,1483600
1542,2376544
1543,1583648
1544,2291120
1545,1498176
1546,1464208
1547,2418384
1548,1259968
1549,1906048
1550,1313792
1551,2013840
1552,1639920
1553,2345152
1554,1607568
1555,1361920
1556,2465600
1557,1435136
1558,1199856
1559,1379008
1560,1288912
1561,1859632
1562,1380352
1563,2332096
1564,1421040
1565,2118672
1566,1418080
1567,1445408
1568,978560
1569,1484464
1570,1240368
1571,1334992
1572,1489040
1573,1422496
1574,1285008
1575,1623280
1576,1805744
1577,1196208
1578,1359072
1579,1647456
1580,1462144
1581,1374448
1582,1541216
1583,2637584
1584,2542368
1585,1238400
1586,1443648
1587,1443088
1588,2193376
1589,1757008
1590,1163968
1591,2025360
1592,1259264
1593,2021904
1594,1551280
1595,1266304
1596,1607408
1597,1535680
1598,2100000
1599,1405936
1600,2293584
1601,1319776
1602,1494112
1603,1697344
1604,1402448
1605,1641744
1606,1499840
1607,1500144
1608,1435616
1609,1212560
1610,1288976
1611,1918064
1612,1275232
1613,1221552
1614,2238976
1615,1417568
1616,1424432
1617,1477824
1618,1319088
1619,1570912
1620,1282704
1621,2795520
1622,1541824
1623,2307792
1624,1544480
1625,2428688
1626,1350640
1627,2238192
1628,1360320
1629,1340992
1630,1716752
1631,1366016
1632,2231632
1633,1437392
1634,1230432
1635,1394448
1636,1457968
1637,2389680
1638,1457456
1639,1261184
1640,2469184
1641,1394256
1642,1652288
1643,1359376
1644,1311440
1645,1058992
1646,1567632
1647,1298752
1648,1112880
1649,2843184
1650,3290800
1651,1672848
1652,1369712
1653,1522384
1654,1802832
1655,1431664
1656,1772080
1657,1656320
1658,1491168
1659,2414480
1660,1321472
1661,1674848
1662,1681184
1663,2158064
1664,1496160
1665,2315360
1666,2711600
1667,1717264
1668,3588080
1669,1554064
1670,2362480
1671,1460608
1672,1385360
1673,2287024
1674,1556208
1675,1705120
1676,1252624
1677,2205552
1678,1263952
1679,1552064
1680,1501440
1681,1297520
1682,1340896
1683,2017456
1684,1382880
1685,2033504
1686,1478496
1687,2731104
1688,1409168
1689,2548768
1690,1374656
1691,1599104
1692,1492352
1693,1392992
1694,1301376
1695,1178432
1696,1203440
1697,1913952
1698,1335312
1699,1307776
1700,1401296
1701,1318336
1702,2249936
1703,1398192
1704,1533936
1705,2817120
1706,2472256
1707,1365776
1708,1430272
1709,2161312
1710,1477696
1711,1619792
1712,1660944
1713,2222144
1714,2723872
1715,1678256
1716,1308384
1717,1748704
1718,1379040
1719,1578496
1720,1474736
1721,1514320
1722,1464032
1723,2137280
1724,1489392
1725,1771072
1726,1432400
1727,2090480
1728,1496256
1729,1224928
1730,1617072
1731,1382416
1732,1252592
1733,3756592
1734,1627504
1735,3461872
1736,1419696
1737,1226464
1738,1494176
1739,1421680
1740,1386272
1741,2567696
1742,1245680
1743,1740560
1744,1520784
1745,2651360
1746,1633024
1747,1718416
1748,1437952
1749,1114976
1750,1628752
1751,3684160
1752,1398800
1753,1524480
1754,1508256
1755,1630624
1756,1793984
1757,1621952
1758,1975744
1759,1529856
1760,1375136
1761,1697488
1762,1749920
1763,1473344
1764,2195840
1765,1490064
1766,1282976
1767,1811648
1768,1537808
1769,1949712
1770,1407792
1771,1392576
1772,1497408
1773,1440976
1774,2386784
1775,3603968
1776,1340752
1777,1391712
1778,1561840
1779,1423936
1780,2541008
1781,1430320
1782,1343776
1783,2417936
1784,1303824
1785,1900112
1786,1358512
1787,2496672
1788,1450752
1789,2127392
1790,1526032
1791,1532448
1792,1389968
1793,1375440
1794,1575056
1795,1379504
1796,2072864
1797,1601216
1798,1379472
1799,2975456
1800,2627904
1801,1361312
1802,2155040
1803,1513616
1804,3048464
1805,1416432
1806,2168672
1807,2659312
1808,2488640
1809,1412016
1810,1495904
1811,1433744
1812,2123712
1813,1613696
1814,1452656
1815,882784
1816,1407680
1817,1245408
1818,1642832
1819,1541392
1820,2218912
1821,1386048
1822,1207904
1823,1677408
1824,1286160
1825,1217056
1826,1351920
1827,1700752
1828,1706048
1829,1548144
1830,1409200
1831,1345776
1832,1367472
1833,1569216
1834,2354832
1835,1507248
1836,1786384
1837,1437168
1838,2080496
1839,2800320
1840,2499952
1841,1337008
1842,2421520
1843,1418336
1844,1365648
1845,1503312
1846,1367472
1847,906992
1848,1670272
1849,1337088
1850,1788592
1851,1274592
1852,2141264
1853,1240112
1854,1338080
1855,1533856
1856,1594944
1857,1977472
1858,2878448
1859,1879424
1860,1394928
1861,2565952
1862,1219296
1863,1914928
1864,1572736
1865,1299376
1866,1709792
1867,1285344
1868,1251392
1869,2271616
1870,1558544
1871,1852848
1872,3314512
1873,1430016
1874,1252560
1875,1827232
1876,3427328
1877,1482704
1878,1294832
1879,1462736
1880,1622464
1881,2144368
1882,1510592
1883,1299088
1884,2180192
1885,1427392
1886,1847888
1887,1618944
1888,2426704
1889,1235296
1890,2165024
1891,1236368
1892,1384208
1893,1436544
1894,1425056
1895,1389088
1896,1999824
1897,1288144
1898,1584304
1899,1352512
1900,1375760
1901,1317056
1902,1755968
1903,1451264
1904,2294928
1905,2157008
1906,1456896
1907,2150128
1908,1557024
1909,1264464
1910,1403424
1911,1651456
1912,1208720
1913,1932960
1914,1568720
1915,1415776
1916,1522496
1917,1249408
1918,1918400
1919,1408560
1920,2558800
1921,1227296
1922,1854800
1923,1456784
1924,1309696
1925,1386624
1926,1339600
1927,1596496
1928,1365104
1929,1679776
1930,1712752
1931,1459184
1932,1497264
1933,1597808
1934,2740192
1935,2123888
1936,1342032
1937,1464128
1938,1450112
1939,1386576
1940,3684832
1941,1542400
1942,1566768
1943,1254656
1944,1537472
1945,1142272
1946,1319920
1947,1639664
1948,1521840
1949,2402128
1950,1401488
1951,3038768
1952,1614288
1953,1672384
1954,1668720
1955,2167664
1956,1474112
1957,1521568
1958,1354752
1959,1257808
1960,1790816
1961,4126576
1962,1685472
1963,2094864
1964,1637632
1965,2246256
1966,1653280
1967,2855616
1968,3190528
1969,1734944
1970,2639136
1971,1545696
1972,2759552
1973,1920272
1974,1990016
1975,1578272
1976,1784032
1977,1686704
1978,2544016
1979,1702400
1980,2801296
1981,1484464
1982,1700496
1983,1715312
1984,2819968
1985,1574160
1986,2730384
1987,1446736
1988,1865632
1989,1438896
1990,2399312
1991,1577168
1992,5131088
===CSV_END===
===VMSTAT_START===
procs -----------memory---------- ---swap-- -----io---- -system-- ------cpu-----
 r  b   swpd   free   buff  cache   si   so    bi    bo   in   cs us sy id wa st
 5  0      0 144252   3896  35228    0    0    27    14  295  281 62 24 14  0  0
 5  0      0 144252   3896  35232    0    0     0     0  978 1391 67 29  4  0  0
 5  0      0 144252   3904  35232    0    0     0   120  926 1297 68 27  5  0  0
 5  0      0 144252   3904  35232    0    0     0     0  973 1387 72 25  3  0  0
 4  0      0 144252   3904  35232    0    0     0     0  617  754 60 12 28  0  0
 4  0      0 144252   3904  35232    0    0     0     0  349  271 60  2 38  0  0
 4  0      0 144252   3904  35232    0    0     0     0  388  245 69  2 29  0  0
===VMSTAT_END===
