========================================
SHM Ping-Pong Client
Scenario 2 - EB corbos Linux Evaluation
========================================
Messages:       2000
Message size:   64 B
Poll interval:  100 us
Echo timeout:   10 ms

Waiting for shm_echo to register (UUID: b2c3d4e5-f6a7-8901-bcde-f12345678901)...
Found shm_echo!


========== SHM PING-PONG RESULTS ==========
Messages sent:    2000
Messages lost:    1 (0.050%)
RTL (us):
  Mean:   1905.932    Std dev: 930.929
  Min:      64.864    Max:     9982.880
  P50:    1592.880    P95:     3242.752
  P99:    6694.496    P99.9:   9476.016
Throughput: 525 msg/s
============================================
===CSV_START===
Seq,RTT_ns
1,8719072
2,1569536
3,1667840
4,1488320
5,2386912
6,1639504
7,2340720
8,8064624
9,3649504
10,1489536
11,1344944
12,1533536
13,1362480
14,2286256
15,8538992
16,3555424
17,1381712
18,1442352
19,2284144
20,1528784
21,1621152
22,7777120
23,1655792
24,2250544
25,1553776
26,1307104
27,1829840
28,1579472
29,1739904
30,1647568
31,1321824
32,8207840
33,1654672
34,2985648
35,1457696
36,3090016
37,1375312
38,1692336
39,3551440
40,1464672
41,1277136
42,1006736
43,8617248
44,1493280
45,2536400
46,1486592
47,2003792
48,2803936
49,2610848
50,1344720
51,9476016
52,1566240
53,2412672
54,1431968
55,2310688
56,1554144
57,2195776
58,1675632
59,2287200
60,8544432
61,1539952
62,2273360
63,1512720
64,2530560
65,1462688
66,2070272
67,1709264
68,2259008
69,5049632
70,1618976
71,1482848
72,1295008
73,1311184
74,1946096
75,1273232
76,2703744
77,1366768
78,2211440
79,1523760
80,2116096
81,1411312
82,2673312
83,4757168
84,1592880
85,1744672
86,1453296
87,1356128
88,9322192
89,1624240
90,2399952
91,2750048
92,2149056
93,1565520
94,1630896
95,1305600
96,2283168
97,4730000
98,1910368
99,2075760
100,1853600
101,1727456
102,1556800
103,2259328
104,1597680
105,2533824
106,4261552
107,1394256
108,2362832
109,1843824
110,2387872
111,1350464
112,2291328
113,8314800
114,3951296
115,1354480
116,2660944
117,1495536
118,1959024
119,1472624
120,1465920
121,5887744
122,1475120
123,1626688
124,1221024
125,1412864
126,1523792
127,1342400
128,1403360
129,5807952
130,1325728
131,2006416
132,1423792
133,1384240
134,1971568
135,7672736
136,1570240
137,2044544
138,1588160
139,2364880
140,2790640
141,2562768
142,6694496
143,1460592
144,2607488
145,1616480
146,2544768
147,1407376
148,2485568
149,1384496
150,2611840
151,8517568
152,1297824
153,1656032
154,1278656
155,1355664
156,1721072
157,1455456
158,2300784
159,8203984
160,1618816
161,2650960
162,1406896
163,2227920
164,1377728
165,1392544
166,1044928
167,1574256
168,2243328
169,1676224
170,2490128
171,8277648
172,1586688
173,2338784
174,1427968
175,2304704
176,1533216
177,2329744
178,1449424
179,1502240
180,1691824
181,7173920
182,1618416
183,1557184
184,2533760
185,1487280
186,2684912
187,2389824
188,1418240
189,1391280
190,1860912
191,1597136
192,1935088
193,4299888
194,1433840
195,1945520
196,1545600
197,1316448
198,1732016
199,1371744
200,2256976
201,3574432
202,1415664
203,1447600
204,1768432
205,1478688
206,2178592
207,1528704
208,2352928
209,1341712
210,1272816
211,1778400
212,1221296
213,2042208
214,1515184
215,1558384
216,2457984
217,1400048
218,1566304
219,3571056
220,1492832
221,1445808
222,1434304
223,1364416
224,1715024
225,1288816
226,2100800
227,1387664
228,1286432
229,1698288
230,1613808
231,2211072
232,1212112
233,1288912
234,1614720
235,1368448
236,1201104
237,2124864
238,1472640
239,1389360
240,1241920
241,1459584
242,1370416
243,1474016
244,1246528
245,2591536
246,1529856
247,3585568
248,1630768
249,1419664
250,2354016
251,1423824
252,1440304
253,1794992
254,3519568
255,1307760
256,1243008
257,1568480
258,1342736
259,1384960
260,2234144
261,1478928
262,1692016
263,2490912
264,2308608
265,1367120
266,2223472
267,1400032
268,3053152
269,1400544
270,2843648
271,2475312
272,1427984
273,2302336
274,1415520
275,1593376
276,2254624
277,1333504
278,1553136
279,1242768
280,1286736
281,1533744
282,1284960
283,1260544
284,1866272
285,1340608
286,1574928
287,1471744
288,1560048
289,1846624
290,1309168
291,2163264
292,2786112
293,1618272
294,1265008
295,2296528
296,2938208
297,2654592
298,2469920
299,1644064
300,2324112
301,1274928
302,1506080
303,1904544
304,1484784
305,1502192
306,1403008
307,1412592
308,3044656
309,1297648
310,2300512
311,1432144
312,1701072
313,1302672
314,2320928
315,1417488
316,1457616
317,2255840
318,1459504
319,1593168
320,1512576
321,2343632
322,1393488
323,3343376
324,1244336
325,1514784
326,1231504
327,3244016
328,1433152
329,1224544
330,1914048
331,1037424
332,2111488
333,1512944
334,1223408
335,2034704
336,1770112
337,1417376
338,1334640
339,1364880
340,2585552
341,1391744
342,1696368
343,1323328
344,2341936
345,1548720
346,1283680
347,1300464
348,1327952
349,1321008
350,2289728
351,1422000
352,1348000
353,1374480
354,1299360
355,1767616
356,1413936
357,2477200
358,1293680
359,2075648
360,1346976
361,1329904
362,1338608
363,1407888
364,1447568
365,2657536
366,1453568
367,2239152
368,1464544
369,1650656
370,3839632
371,1490480
372,1207408
373,1569440
374,3828528
375,3663648
376,4504608
377,2174528
378,1660512
379,3675024
380,1330224
381,1318528
382,1465264
383,1392032
384,1463968
385,2229072
386,1421888
387,1497232
388,1377200
389,2424144
390,1488000
391,3242752
392,1285056
393,2536928
394,1331216
395,2233248
396,1341856
397,1372320
398,1712464
399,3370752
400,1642992
401,1328272
402,2553056
403,1264208
404,2145504
405,3581184
406,1475824
407,2221408
408,1351808
409,1292832
410,2030480
411,1368992
412,1753376
413,3869872
414,1485104
415,2408208
416,1354896
417,1518272
418,1761104
419,1253520
420,2178880
421,2659744
422,1566416
423,1386016
424,1341168
425,2847776
426,2153008
427,1764816
428,2385024
429,1615072
430,2375040
431,1329920
432,1441200
433,2177952
434,1522320
435,1713184
436,1419344
437,2298064
438,2756288
439,1740256
440,1591664
441,1588096
442,1429024
443,1526848
444,2061568
445,1499728
446,1756672
447,1418816
448,1345776
449,2183872
450,1548368
451,1644864
452,2621744
453,1024192
454,1396688
455,1390480
456,1597168
457,2684144
458,1366128
459,2519472
460,1406672
461,1466880
462,1837424
463,1608304
464,1600576
465,2693824
466,1451952
467,1564752
468,2230560
469,1390464
470,1431120
471,1346368
472,2188128
473,1578272
474,2861344
475,1559744
476,1301088
477,2513728
478,4031536
479,1411456
480,1231760
481,1958720
482,1332896
483,2074336
484,1494880
485,2465312
486,1454272
487,2259568
488,1585968
489,1449200
490,2535280
491,2434640
492,1569056
493,2393248
494,1541888
495,1249648
496,1357616
497,1344912
498,1363872
499,1534288
500,3975920
501,1313200
502,2398560
503,1397824
504,1412848
505,2503600
506,1450208
507,2623296
508,2521760
509,3919232
510,1386688
511,1347840
512,1886720
513,1359120
514,2017664
515,1489760
516,1448864
517,2471328
518,1289584
519,1609632
520,1425920
521,2948496
522,2997552
523,1579312
524,1337200
525,3800384
526,1448064
527,1248464
528,1538048
529,1458048
530,3839184
531,1421248
532,1366784
533,1643216
534,1299984
535,1973792
536,1336144
537,1427184
538,1517840
539,1447808
540,2323984
541,1520544
542,1265824
543,1671280
544,2558672
545,2564544
546,1472640
547,2936400
548,1595888
549,1485296
550,1593968
551,1534432
552,1457904
553,1569952
554,1278016
555,1367520
556,1550048
557,1637664
558,1780144
559,1540368
560,1393696
561,1490160
562,2714464
563,2656464
564,2408816
565,1591952
566,2330160
567,2614208
568,1446144
569,1461936
570,1397024
571,2364688
572,1689776
573,2669296
574,2282576
575,1568096
576,1360144
577,1487728
578,1478880
579,2197744
580,1370512
581,1196448
582,1683216
583,1254432
584,2379712
585,1508192
586,1453408
587,2627808
588,2568928
589,2716768
590,837792
591,1249520
592,1495456
593,1502304
594,2715600
595,2313456
596,1514608
597,1629968
598,1452640
599,2269568
600,1467600
601,2986752
602,1256992
603,2279376
604,1473552
605,2319648
606,1620848
607,1372560
608,1264400
609,1326672
610,1030096
611,1426544
612,1310160
613,1579392
614,2112064
615,1593328
616,3075696
617,2128736
618,1458512
619,3036912
620,3607296
621,1902688
622,2343392
623,1412608
624,6488272
625,1392496
626,2298944
627,1512880
628,2490736
629,1464464
630,2477936
631,1697344
632,2278224
633,1428944
634,1397584
635,1838816
636,1473264
637,2152368
638,1294000
639,1344512
640,2380832
641,1313648
642,1498384
643,1389648
644,1314304
645,1921376
646,1300432
647,2045120
648,2757008
649,2476176
650,1300624
651,2248304
652,1590944
653,1737856
654,1459072
655,2298064
656,1371600
657,3052000
658,3376560
659,1275760
660,1570480
661,1514176
662,3476736
663,1629808
664,1286928
665,1774304
666,1283408
667,2201552
668,2689664
669,1535152
670,1397600
671,1252272
672,626864
673,1367456
674,2879200
675,1749424
676,1219408
677,1467472
678,3851184
679,1553616
680,2034032
681,1437520
682,1374304
683,1597840
684,1451744
685,2249392
686,1375024
687,1419104
688,1976160
689,1201440
690,2017456
691,2667936
692,1228608
693,1361008
694,1461280
695,1480464
696,1276912
697,2775616
698,2607136
699,1497328
700,1369408
701,1202064
702,1545632
703,1381120
704,2273424
705,1442224
706,1468976
707,3662704
708,2637008
709,1362128
710,1395888
711,1401296
712,1154832
713,1488176
714,1330480
715,2382560
716,2649392
717,9982880
718,4513856
719,1486768
720,1477504
721,1209472
722,1253120
723,2487696
724,1141472
725,2087744
726,2623120
727,2001904
728,3240128
729,1537408
730,1257616
731,2717568
732,1349552
733,1060224
734,1462464
735,2319536
736,4082352
737,1462608
738,1257312
739,925552
740,1482592
741,1540208
742,922208
743,1462864
744,1357424
745,1364832
746,1302080
747,1342944
748,1324400
749,1224016
750,1335920
751,1596800
752,1567680
753,2205616
754,1609984
755,1325552
756,2224512
757,1561168
758,1924064
759,1542064
760,1478656
761,1566656
762,1363968
763,1590432
764,1627312
765,1663072
766,1421552
767,1539984
768,1464704
769,1456528
770,2431840
771,1600480
772,2330576
773,1440496
774,1369408
775,3090416
776,2506336
777,3845744
778,1497040
779,2233056
780,1609264
781,2496432
782,1466832
783,1309312
784,2358016
785,2591504
786,1605840
787,3984752
788,1520704
789,1674880
790,2525424
791,1488832
792,1291536
793,4818368
794,1548752
795,2546832
796,1386160
797,2589536
798,1736816
799,1866896
800,1602784
801,2809536
802,1562624
803,1622304
804,1764448
805,2305344
806,4331728
807,1683088
808,2172144
809,1702784
810,1884800
811,1465792
812,2184544
813,4619568
814,64864
815,1495216
816,2504416
817,1755872
818,2412048
819,1602320
820,1652560
821,1846848
822,2492368
823,1694464
824,2480752
825,1384592
826,2250736
827,1720240
828,2295344
829,1679904
830,2404816
831,1739040
832,2438288
833,4047696
834,2171664
835,2437616
836,1477328
837,1654816
838,1564352
839,2200768
840,1676784
841,2853808
842,1617024
843,1829632
844,1469936
845,1337440
846,1534688
847,1600688
848,1685680
849,1535280
850,1490544
851,1915584
852,1295648
853,2265968
854,1829808
855,2046112
856,1551824
857,2399968
858,1522704
859,2374016
860,1528848
861,1477312
862,2684224
863,2172064
864,1964032
865,2106304
866,1475664
867,2582656
868,1475616
869,1270544
870,1941664
871,1417888
872,1704576
873,3041056
874,2425312
875,1318752
876,1542640
877,1645632
878,2105472
879,1561520
880,2373904
881,1542688
882,2572368
883,1485840
884,2317616
885,1554704
886,1440880
887,2553440
888,2452464
889,1510192
890,1299424
891,1710752
892,1512144
893,1776576
894,1402960
895,1509312
896,2137920
897,1377200
898,1915440
899,1600752
900,2277536
901,1450016
902,2316352
903,1746336
904,1756224
905,1561216
906,1667024
907,2026112
908,1392016
909,1631616
910,1503168
911,1451936
912,1657872
913,1190864
914,2351968
915,1636880
916,2376240
917,1290320
918,1318448
919,1664064
920,1516864
921,1824368
922,1630912
923,1447728
924,3563600
925,1669024
926,1770160
927,2603152
928,3366544
929,1824656
930,2348016
931,1442640
932,2646480
933,1508208
934,2466880
935,1518752
936,2531664
937,1479616
938,2555232
939,1680768
940,2569264
941,1426336
942,1975200
943,1633600
944,1364448
945,1102016
946,1414096
947,2731504
948,1714320
949,2727744
950,1507264
951,1878960
952,1448832
953,2400976
954,1321520
955,1601776
956,1642352
957,1560352
958,1701120
959,1661936
960,1297424
961,1793408
962,1441040
963,2596576
964,1549872
965,1810448
966,1483024
967,2516016
968,1535120
969,1317904
970,2236528
971,1593984
972,1604560
973,1311984
974,2333216
975,1365568
976,1211408
977,1814720
978,1492368
979,1818128
980,1515392
981,1441472
982,1539152
983,1617200
984,1771312
985,1752768
986,2531216
987,1600736
988,1734304
989,1941712
990,2495056
991,1593552
992,2279168
993,5077984
994,1556304
995,1858480
996,1596400
997,1549392
998,1519248
999,1218080
1000,4459536
1001,2648176
1002,2460064
1003,1559024
1004,2270304
1005,1879392
1006,2216672
1007,1470144
1008,2236464
1009,1787456
1010,2344720
1011,1393664
1012,1415616
1013,1734416
1014,1478992
1015,1769664
1016,1618352
1017,1212048
1018,2179248
1019,1637712
1020,2661696
1021,1342288
1022,1643264
1023,4202208
1024,1254400
1025,1336400
1026,835728
1027,1378432
1028,1684640
1029,1066368
1030,2712432
1031,1667472
1032,4108816
1033,2213312
1034,2238368
1035,1464016
1036,1672896
1037,1462352
1038,3253248
1039,1686672
1040,2909984
1041,1236400
1042,2280240
1043,1391120
1044,1448304
1045,1825344
1046,2273648
1047,1514992
1048,2535376
1049,1354352
1050,2943760
1051,1680592
1052,1707696
1053,1698160
1054,1411040
1055,3207152
1056,1552256
1057,1752592
1058,1324992
1059,2081232
1060,1714576
1061,2597488
1062,1617616
1063,1053664
1064,1542272
1065,2553488
1066,1568064
1067,2187648
1068,1627472
1069,1498656
1070,1068864
1071,3914832
1072,1565504
1073,2455440
1074,1438272
1075,2516736
1076,1525120
1077,1323360
1078,2520528
1079,2581824
1080,1703936
1081,2517024
1082,1280912
1083,2468032
1084,1534048
1085,2386752
1086,1552016
1087,2331728
1088,1544656
1089,2459824
1090,1621088
1091,2777504
1092,3527328
1093,1556320
1094,2497072
1095,1542208
1096,2482128
1097,1520608
1098,6811616
1099,1595792
1100,2039248
1101,1688928
1102,2480240
1103,1806512
1104,2461008
1105,3519520
1106,1505024
1107,2455296
1108,1473424
1109,2550048
1110,1469840
1111,2399648
1112,1460848
1113,1351840
1114,2632400
1115,1254032
1116,1988032
1117,1257552
1118,1701408
1119,1413760
1120,1645424
1121,1902784
1122,1500224
1123,1960656
1124,1528112
1125,2741056
1126,1389760
1127,2279760
1128,1565808
1129,2494448
1130,1680768
1131,1872448
1132,1680496
1133,2575888
1134,1681136
1135,2439664
1136,1761616
1137,1809504
1138,1712896
1139,1449040
1140,2242400
1141,1602304
1142,1843504
1143,1369808
1144,1710592
1145,1645712
1146,1410832
1147,2749216
1148,2381952
1149,1538016
1150,1326496
1151,2706432
1152,2594720
1153,1407632
1154,2487616
1155,1423360
1156,2289792
1157,1430368
1158,1405216
1159,1857616
1160,1279648
1161,2341824
1162,1489968
1163,2313920
1164,3933648
1165,1240176
1166,1372048
1167,1271072
1168,1507456
1169,2379888
1170,1410512
1171,2544560
1172,3966672
1173,1351344
1174,1428512
1175,1967344
1176,1427920
1177,3120464
1178,1597680
1179,2555712
1180,2616672
1181,1516944
1182,1281296
1183,2283008
1184,1701424
1185,1534416
1186,1667184
1187,1929024
1188,1575232
1189,2302240
1190,1392192
1191,1267456
1192,1654880
1193,1449696
1194,1826544
1195,1372512
1196,1548656
1197,2595104
1198,1601584
1199,3523168
1200,1745616
1201,1599616
1202,2196288
1203,1513520
1204,2725280
1205,1340192
1206,1466864
1207,2256880
1208,1489248
1209,2171840
1210,1463920
1211,1638352
1212,2761136
1213,1359920
1214,1295296
1215,2620240
1216,1488144
1217,1304896
1218,2431008
1219,1386944
1220,2001312
1221,1275776
1222,1686112
1223,1708576
1224,1258240
1225,1402176
1226,1571920
1227,2245392
1228,1662400
1229,2561808
1230,1782416
1231,2363136
1232,2542016
1233,2726944
1234,1244288
1235,2569232
1236,2389088
1237,9352624
1238,1677968
1239,3441360
1240,1577696
1241,1692816
1242,2194880
1243,1608400
1244,1522928
1245,2553664
1246,2091440
1247,1685232
1248,2216272
1249,67920
1250,1445568
1251,1564528
1252,2239824
1253,1513952
1254,1413728
1255,1440048
1256,2226048
1257,1790992
1258,2398832
1259,1684720
1260,2443312
1261,1664496
1262,1680496
1263,1645296
1264,1449216
1265,1787328
1266,3579152
1267,1460384
1268,1392512
1269,1235232
1270,1557152
1271,2322032
1272,1302768
1273,2657168
1274,1840864
1275,2104336
1276,1332496
1277,1454576
1278,5374560
1279,1657616
1280,2465072
1281,1399120
1282,2479136
1283,1624288
1284,2319456
1285,1627200
1286,2914304
1287,1579680
1288,1677840
1289,1755200
1290,2605312
1291,1314928
1292,2389328
1293,2296496
1294,1697712
1295,1479408
1296,2386448
1297,1740160
1298,2228688
1299,1619120
1300,2283536
1301,1379280
1302,1434016
1303,1549664
1304,1440768
1305,2133520
1306,1218416
1307,1594896
1308,1969920
1309,1414000
1310,1761296
1311,1362560
1312,1318576
1313,2292912
1314,1506496
1315,2014608
1316,1306112
1317,2477904
1318,1433984
1319,2171184
1320,1679312
1321,1362016
1322,2521072
1323,2676560
1324,3643216
1325,1455120
1326,2625664
1327,1459328
1328,1333440
1329,1635120
1330,1704640
1331,1848000
1332,1460752
1333,1442608
1334,2425728
1335,1399296
1336,1589376
1337,1274032
1338,2220272
1339,1536576
1340,2643824
1341,1468608
1342,2408928
1343,1570896
1344,1308816
1345,1562512
1346,1410240
1347,1271792
1348,1633536
1349,1300288
1350,1244720
1351,1323344
1352,3275056
1353,1238784
1354,1273312
1355,1628640
1356,1516912
1357,2245056
1358,1394352
1359,1213040
1360,1572512
1361,1370032
1362,1187152
1363,1778752
1364,1349776
1365,1655440
1366,1412000
1367,1435024
1368,1505952
1369,1469008
1370,1330704
1371,1349264
1372,1525648
1373,1156848
1374,888672
1375,1421936
1376,1683504
1377,2248272
1378,1417920
1379,1469824
1380,1457936
1381,1172000
1382,1652752
1383,3507296
1384,1617904
1385,1449936
1386,2235520
1387,1417888
1388,1321376
1389,1426848
1390,2484816
1391,1564496
1392,1313504
1393,1543040
1394,1291760
1395,1263552
1396,2161040
1397,1226656
1398,1525360
1399,1739664
1400,1297344
1401,2240048
1402,1281360
1403,1511568
1404,1228704
1405,1505040
1406,1716736
1407,1430880
1408,1558480
1409,1439136
1410,1638176
1411,1379728
1412,1615392
1413,1242912
1414,1516560
1415,1391264
1416,2253104
1417,1337408
1418,1366112
1419,1560304
1420,1492592
1421,1757632
1422,1534304
1423,1459264
1424,1537632
1425,1409264
1426,1318592
1427,1985008
1428,1516512
1429,1496912
1430,1141936
1431,1448368
1432,1492560
1433,1406272
1434,1400336
1435,1401600
1436,1621888
1437,2135600
1438,1417360
1439,1381120
1440,1602272
1441,1231120
1442,2447120
1443,1304400
1444,1351792
1445,1426688
1446,1342176
1447,1338448
1448,2256192
1449,1650528
1450,1406768
1451,1528304
1452,2175776
1453,1347776
1454,1437936
1455,1465136
1456,1407424
1457,2145264
1458,1321600
1459,1443536
1460,1585680
1461,2619856
1462,2310752
1463,1496448
1464,2171344
1465,1462672
1466,1418256
1467,2513952
1468,1330352
1469,1424368
1470,1416528
1471,1691968
1472,1337504
1473,1298960
1474,1990384
1475,1382464
1476,1538144
1477,3119760
1478,2220880
1479,1255856
1480,1280160
1481,1727616
1482,1240896
1483,1283216
1484,1376736
1485,1272112
1486,2146640
1487,1308512
1488,2290512
1489,1225568
1490,1265104
1491,2393936
1492,1158480
1493,1367600
1494,1490432
1495,1421152
1496,961856
1497,1658752
1498,1376992
1499,2088816
1500,1437760
1501,1425856
1502,1155840
1503,1426704
1504,1601072
1505,1425600
1506,2288208
1507,1519008
1508,1283472
1509,1288528
1510,1527248
1511,1330768
1512,1737984
1513,1424352
1514,2156352
1515,1411792
1516,1196608
1517,1257296
1518,2538272
1519,1319040
1520,1463472
1521,1278960
1522,1491216
1523,1391936
1524,2112224
1525,1305024
1526,1274592
1527,1404768
1528,1219520
1529,1388320
1530,1585472
1531,1328528
1532,1414768
1533,1305776
1534,1211056
1535,1623216
1536,1321008
1537,1301472
1538,1385776
1539,787856
1540,1438128
1541,1347104
1542,1635728
1543,1381104
1544,1461488
1545,2990352
1546,1596880
1547,1358608
1548,1351232
1549,1599968
1550,1265568
1551,1349328
1552,1507264
1553,1502176
1554,2383328
1555,1307088
1556,1551376
1557,2088944
1558,1265776
1559,1587248
1560,77472
1561,1588176
1562,1238176
1563,1307648
1564,1449168
1565,2517120
1566,1467312
1567,1345536
1568,2103136
1569,1327376
1570,1635024
1571,1642768
1572,2493344
1573,1385552
1574,1432944
1575,1207216
1576,1629104
1577,1722880
1578,2049088
1579,1196160
1580,2396160
1581,1386288
1582,1659168
1583,890928
1584,1756528
1585,1319856
1586,1548576
1587,2247840
1588,1316816
1589,1428560
1590,1490592
1591,1505632
1592,2219952
1593,1425488
1594,1449760
1595,2547504
1596,1269680
1597,2507504
1598,1529968
1599,1497088
1600,1316560
1601,2121408
1602,1672272
1603,1274576
1604,1435024
1605,1438656
1606,2073264
1607,1580864
1608,1374240
1609,1439792
1610,1397104
1611,3017408
1612,1328080
1613,2860528
1614,1447984
1615,1460736
1616,1516080
1617,1484080
1618,1571920
1619,1569744
1620,1948960
1621,1722960
1622,1233216
1623,1465424
1624,1491648
1625,2109184
1626,1428032
1627,1487856
1628,2629520
1629,1456128
1630,2514672
1631,1190720
1632,1358624
1633,4942512
1634,1430880
1635,1727056
1636,1278736
1637,1427104
1638,1986736
1639,1333296
1640,1549856
1641,1694096
1642,1297200
1643,1481216
1644,4280720
1645,1259328
1646,1839344
1647,1256288
1648,3552688
1649,2543904
1650,1754256
1651,1165280
1652,2187840
1653,1491504
1654,1304832
1655,2323104
1656,1520928
1657,969520
1658,1239616
1659,1208752
1660,1998800
1661,1239872
1662,1346112
1663,1983920
1664,1398736
1665,1770816
1666,1276960
1667,1497632
1668,1970016
1669,1415552
1670,1719424
1671,1555344
1672,1359264
1673,2684576
1674,2351968
1675,1556560
1676,2517040
1677,1489808
1678,2498352
1679,1609952
1680,1606544
1681,1263872
1682,1435824
1683,2018288
1684,1236512
1685,1322112
1686,1821472
1687,1876576
1688,1475088
1689,2676752
1690,1385680
1691,1492320
1692,2332400
1693,1278112
1694,1351072
1695,1402080
1696,1421728
1697,1335392
1698,1984032
1699,1401840
1700,1538720
1701,1389696
1702,1340544
1703,1558672
1704,1498304
1705,2018128
1706,1311824
1707,1216016
1708,1736992
1709,1596368
1710,1234128
1711,1533248
1712,1624608
1713,1888096
1714,1329152
1715,1386112
1716,1534640
1717,1668496
1718,2117712
1719,1520096
1720,2235280
1721,1526992
1722,1380080
1723,1414416
1724,1525600
1725,2217728
1726,1701952
1727,1387280
1728,1608768
1729,3099392
1730,1713728
1731,6620832
1732,1392880
1733,1339984
1734,2235888
1735,1566896
1736,1606464
1737,2117856
1738,2061840
1739,1558816
1740,1536192
1741,1788944
1742,2494192
1743,1330880
1744,2939952
1745,1661456
1746,2088016
1747,2070912
1748,1656512
1749,2241168
1750,1922768
1751,1792416
1752,2284576
1753,3915568
1754,1400592
1755,2278160
1756,1444944
1757,2979536
1758,1569376
1759,1860480
1760,1934432
1761,2623184
1762,1802752
1763,5698784
1764,1673600
1765,2715200
1766,1508880
1767,1831136
1768,1929632
1769,3192672
1770,3068320
1771,1327536
1772,2698784
1773,3822032
1774,1516176
1775,1425584
1776,1799296
1777,1537440
1778,1801968
1779,1563248
1780,2578224
1781,1535168
1782,2525536
1783,1650784
1784,1823696
1785,1622208
1786,1462400
1787,2240784
1788,1612112
1789,1835184
1790,1472448
1791,1752592
1792,1600544
1793,1443680
1794,2409152
1795,1455968
1796,1876352
1797,1479456
1798,1714816
1799,1465408
1800,1296144
1801,1614240
1802,1688496
1803,2159632
1804,1528416
1805,1325040
1806,2281360
1807,1350192
1808,1996208
1809,1354080
1810,2117856
1811,1505040
1812,2654352
1813,1590960
1814,2220432
1815,8453072
1816,3837328
1817,4761440
1818,1637040
1819,2328752
1820,1427968
1821,2112080
1822,1505168
1823,1830976
1824,4015232
1825,1591648
1826,2215600
1827,1776976
1828,2239728
1829,1523264
1830,2525008
1831,1436672
1832,1400816
1833,2353856
1834,1443792
1835,1521616
1836,1692416
1837,1767104
1838,1669088
1839,1439712
1840,2721424
1841,2680672
1842,1488368
1843,2539632
1844,1425824
1845,2154032
1846,1635632
1847,2614224
1848,1791344
1849,2013856
1850,1569360
1851,2444288
1852,1603136
1853,2414768
1854,1748240
1855,2391616
1856,1382848
1857,2424752
1858,1432544
1859,2548944
1860,1652224
1861,1494560
1862,2549072
1863,1614800
1864,1503504
1865,1380352
1866,1571584
1867,1407344
1868,1259296
1869,2295024
1870,1504112
1871,4142192
1872,1831936
1873,1488864
1874,1537504
1875,1507152
1876,1322032
1877,1657280
1878,1483584
1879,2512784
1880,1545264
1881,1788848
1882,1603808
1883,1438672
1884,1489600
1885,1432016
1886,1282688
1887,2385280
1888,1468208
1889,1423328
1890,2561424
1891,2280272
1892,1509024
1893,1499728
1894,3995552
1895,1437376
1896,1288032
1897,841104
1898,1664768
1899,1186416
1900,1350672
1901,1534176
1902,2418448
1903,1456864
1904,1491200
1905,2515760
1906,1429360
1907,1166000
1908,1310992
1909,1489008
1910,2256608
1911,1508144
1912,1934576
1913,1470832
1914,2030560
1915,1492752
1916,2163808
1917,1453792
1918,2485536
1919,1592000
1920,2544816
1921,1435392
1922,2553712
1923,1440096
1924,1457088
1925,2472880
1926,3026640
1927,3648912
1928,2789872
1929,2997776
1930,1888672
1931,1473440
1932,1548048
1933,2590224
1934,1248992
1935,1164976
1936,4419968
1937,1404128
1938,2176528
1939,1732784
1940,2248368
1941,1544992
1942,2527712
1943,1754080
1944,2549776
1945,1948704
1946,2012832
1947,2317776
1948,2484832
1949,1655984
1950,2807280
1951,1978496
1952,1829264
1953,2542720
1954,1355712
1955,2634656
1956,4233120
1957,1521584
1958,2091328
1959,1449872
1960,2363888
1961,1814800
1962,2667824
1963,1434384
1964,1683888
1965,1578400
1966,1493792
1967,1893536
1968,1482400
1969,1773216
1970,1865008
1971,2732864
1972,1735968
1973,1983696
1974,1655200
1975,1561600
1976,1690688
1977,1336896
1978,2635216
1979,1634704
1980,1852944
1981,1565216
1982,1646736
1983,1816608
1984,2422464
1985,1611088
1986,2179168
1987,1573264
1988,2794688
1989,1940608
1990,1543632
1991,1619760
1992,1486496
1993,2520640
1994,2435472
1995,1498160
1996,2599504
1997,1343600
1998,1313616
1999,5975904
===CSV_END===
===VMSTAT_START===
procs -----------memory---------- ---swap-- -----io---- -system-- ------cpu-----
 r  b   swpd   free   buff  cache   si   so    bi    bo   in   cs us sy id wa st
 5  0      0 144428   3560  35208    0    0    54    14  285  260 58 26 16  0  0
 5  0      0 144428   3560  35212    0    0     0     0 1013 1480 73 25  3  0  0
 5  0      0 144428   3560  35212    0    0     0     0  949 1306 64 29  7  0  0
 5  0      0 144428   3568  35204    0    0     0   120  959 1405 65 26  9  0  0
 4  0      0 144244   3568  35212    0    0     0     0  564  666 58 12 30  0  0
 4  0      0 144244   3568  35212    0    0     0     0  345  262 60  3 37  0  0
 5  0      0 144244   3568  35212    0    0     0     0  343  242 63  1 36  0  0
===VMSTAT_END===
