========================================
net_sender_li (pinger) — Scenario 3 reversed
EB corbos Linux Network Determinism
Metric: Round-Trip Latency (RTL)
========================================
Target:       10.0.1.1:5000
Probes:       2000
Protocol:     UDP
Period:       1 ms
Msg size:     64 B
Flood rate:   0 Mbps
Echo timeout: 10 ms

net_sender_li: SCHED_FIFO OK (priority 90)
Sending HELLO to 10.0.1.1:5000 (protocol=UDP)...
HELLO_ACK received — protocol=UDP
Starting ping-echo loop (2000 probes at 1 ms period)...


========== NET SENDER_LI (PINGER) RESULTS ==========
Probes sent:        2000
Echoes received:     650
Lost (no echo):     1353 (67.650%)
Elapsed:           8.486 s
RTL (us):
  Mean: 5052.755    Std dev: 895.165
  Min:  3600.432    Max:     14862.192
  P50:  4835.392    P95:     6186.784
  P99:  7491.040    P99.9:   14862.192
IAJ (us):
  Mean: 4037.844    Std dev: 691.423
  Min:  2615.904    Max:     8315.504
  P50:  3845.712    P95:     5169.152
  P99:  5785.024    P99.9:   8315.504
===CSV_START===
index,send_time_ns,recv_time_ns,rtl_ns,iaj_ns
0,407417503280,407423525136,6021856,4505136
1,407423697392,407429030272,5332880,4820752
2,407429179904,407434851024,5671120,4084064
3,407434869440,407439935088,5065648,4863744
4,407439950880,407445798832,5847952,4813216
5,407445839552,407451612048,5772496,4966624
6,407451696032,407457578672,5882640,4154464
7,407457595424,407462733136,5137712,3885520
8,407462747040,407467618656,4871616,2639888
9,407467633520,407471258544,3625024,5452032
10,407471283504,407477710576,6427072,4921152
11,407477725760,407483631728,5905968,3300128
12,407483646640,407487931856,4285216,5001008
13,407487945600,407493932864,5987264,4180272
14,407493947824,407499113136,5165312,3460032
15,407499127344,407503573168,4445824,4486320
16,407503599232,407509059488,5460256,4978176
17,407509116688,407515037664,5920976,5107408
18,407515053312,407521145072,6091760,3972928
19,407521161408,407526118000,4956592,4162864
20,407526132432,407531280864,5148432,3598016
21,407531393456,407546255648,14862192,3659392
22,407546451712,407550853664,4401952,4510592
23,407550870880,407555513056,4642176,4480384
24,407555555648,407561023648,5468000,3372208
25,407561038944,407566504032,5465088,5072016
26,407566526528,407570876240,4349712,4616672
27,407570890352,407576948256,6057904,3587632
28,407576963616,407582564928,5601312,3461728
29,407582579872,407587152560,4572688,3315568
30,407587166896,407591614288,4447392,4991792
31,407591628176,407595929856,4301680,3845712
32,407595944544,407601921648,5977104,3369648
33,407601937376,407606767360,4829984,3440144
34,407606782816,407611137008,4354192,2994384
35,407611152816,407615577152,4424336,5985184
36,407615592416,407619571536,3979120,3708848
37,407619623280,407626556720,6933440,5166784
38,407626625744,407631265568,4639824,4167168
39,407631303440,407637432352,6128912,3383472
40,407637449152,407642599520,5150368,3780160
41,407642657456,407646982992,4325536,5233760
42,407646997952,407651763152,4765200,3989136
43,407651810128,407657996912,6186784,3542624
44,407658011328,407662986048,4974720,4708512
45,407663000672,407667528672,4528000,4891600
46,407667552016,407673237184,5685168,3902848
47,407673319472,407679128784,5809312,5104848
48,407679144544,407684031632,4887088,3532096
49,407684923744,407690136480,5212736,3326304
50,407690152736,407694668576,4515840,3611008
51,407694683936,407698994880,4310944,3158896
52,407699008816,407703605888,4597072,4482864
53,407703620704,407707764784,4144080,3946096
54,407707779728,407713247648,5467920,3233744
55,407713261744,407718193744,4932000,3216592
56,407718208768,407722427488,4218720,3252352
57,407722441984,407726644080,4202096,3750736
58,407726659344,407730896432,4237088,4406496
59,407730910624,407735647168,4736544,3883136
60,407735662512,407741053664,5391152,3919120
61,407741095184,407745936800,4841616,2732512
62,407745952112,407750855920,4903808,3194032
63,407750870896,407754588432,3717536,3431840
64,407754604560,407758782464,4177904,3727440
65,407758797552,407763214304,4416752,4782640
66,407763229312,407767941744,4712432,3256464
67,407767956784,407773724384,5767600,3745216
68,407773739936,407777980848,4240912,3483808
69,407777996320,407782726064,4729744,3529520
70,407782741712,407787209872,4468160,4116528
71,407787224832,407791739392,4514560,4051088
72,407791754480,407796855920,5101440,4150848
73,407796872896,407801907008,5034112,3552320
74,407801922976,407807057856,5134880,4287888
75,407807118496,407811610176,4491680,4084720
76,407811625936,407816898064,5272128,3908352
77,407816913744,407821982784,5069040,3324496
78,407821998304,407826891136,4892832,3506688
79,407826906416,407831215632,4309216,4858176
80,407831230624,407835722320,4491696,4069968
81,407835737568,407841580496,5842928,3478848
82,407841600528,407846650464,5049936,3065040
83,407846665744,407851129312,4463568,3545520
84,407851144896,407855194352,4049456,4479792
85,407855209440,407859739872,4530432,4001888
86,407859755344,407865219664,5464320,3585680
87,407865235552,407870221552,4986000,3307152
88,407870236160,407874807232,4571072,3458192
89,407874861488,407879114384,4252896,3129168
90,407879129312,407883572576,4443264,4208560
91,407883587856,407887701744,4113888,4180912
92,407887716656,407892910304,5193648,3453808
93,407892924800,407898091216,5166416,3144704
94,407898107024,407902545024,4438000,3178048
95,407902558864,407906689728,4130864,3164720
96,407906704960,407910867776,4162816,3528112
97,407910882752,407915032496,4149744,3287168
98,407915047248,407919560608,4513360,4823936
99,407919575280,407923847776,4272496,3946112
100,407923862320,407929671712,5809392,3231568
101,407929687376,407934617824,4930448,5303504
102,407934632944,407938849392,4216448,3967936
103,407938864656,407945152896,6288240,3501712
104,407945168240,407950120832,4952592,2941280
105,407950135760,407954622544,4486784,3454224
106,407954645168,407958563824,3918656,3516928
107,407958578672,407963018048,4439376,3319728
108,407963031728,407967534976,4503248,4926256
109,407967580560,407971854704,4274144,3939408
110,407971869008,407977780960,5911952,3752656
111,407977795456,407982720368,4924912,3419648
112,407982734144,407987473024,4738880,4658528
113,407987502672,407991892672,4390000,4191216
114,407991907696,407997551200,5643504,3320336
115,407997565120,408002742416,5177296,3600224
116,408002757376,408007062752,4305376,4233424
117,408007103424,408011662976,4559552,3967408
118,408011677696,408016896400,5218704,3895936
119,408016910960,408021863808,4952848,3469440
120,408021878960,408026759744,4880784,3427168
121,408026774976,408031229184,4454208,4291552
122,408031244080,408035656352,4412272,3946560
123,408035671888,408040947904,5276016,3759856
124,408040963264,408045894464,4931200,3590256
125,408045908384,408050654320,4745936,3552112
126,408050669696,408055244576,4574880,4735424
127,408055259744,408059796688,4536944,4074224
128,408059852128,408065532112,5679984,2916832
129,408065575904,408070606336,5030432,3175856
130,408070621408,408074523168,3901760,3338144
131,408074539424,408078699024,4159600,3611376
132,408078714064,408083037168,4323104,4216464
133,408083052288,408087648544,4596256,4175232
134,408087663344,408092865008,5201664,3977744
135,408092880032,408098040240,5160208,3389280
136,408098055344,408103017984,4962640,3463136
137,408103033376,408107407264,4373888,4771344
138,408107421264,408111870400,4449136,4087536
139,408111885600,408117641744,5756144,3457248
140,408117657120,408122729280,5072160,3090848
141,408122744208,408127186528,4442320,3257760
142,408127201824,408131277376,4075552,3318816
143,408131367760,408135535136,4167376,4425584
144,408135558416,408139853952,4295536,4003712
145,408139868080,408145279536,5411456,3481728
146,408145372848,408150283248,4910400,3177472
147,408150351360,408154764976,4413616,3601232
148,408154779840,408158942448,4162608,3382336
149,408158957360,408163543680,4586320,4790224
150,408163557520,408167926016,4368496,4069456
151,408167941552,408173716240,5774688,3452816
152,408173731728,408178785696,5053968,3540768
153,408178801616,408183238512,4436896,4806256
154,408183253584,408187779280,4525696,4193328
155,408187793408,408193585536,5792128,3355952
156,408193599552,408198778864,5179312,3450288
157,408198793888,408203134816,4340928,4473968
158,408203149616,408207585104,4435488,3806400
159,408207600144,408213059072,5458928,3820192
160,408213109648,408217865472,4755824,3345184
161,408217880896,408222685664,4804768,3427376
162,408222700592,408227030848,4330256,3454704
163,408227045696,408231458224,4412528,4722816
164,408231516160,408235912928,4396768,4152368
165,408235927344,408241635744,5708400,3446896
166,408241662960,408246788112,5125152,3630176
167,408246848256,408251235008,4386752,4804368
168,408251249760,408255865184,4615424,4257856
169,408255880592,408261669552,5788960,3640112
170,408261685296,408266927408,5242112,3318176
171,408266942544,408271567520,4624976,4762912
172,408271582992,408275885696,4302704,3614304
173,408275900896,408281648608,5747712,3493152
174,408281663440,408286262912,4599472,3487072
175,408286277440,408290756064,4478624,3429312
176,408290771456,408295243136,4471680,3279360
177,408295257888,408299672448,4414560,4675312
178,408299688288,408303951808,4263520,4291312
179,408303966640,408309627120,5660480,4072080
180,408309642528,408314918432,5275904,4894112
181,408314933008,408319990512,5057504,4151840
182,408320005824,408325884624,5878800,3687616
183,408325902592,408331036464,5133872,4796096
184,408331052112,408335724080,4671968,4199072
185,408335739280,408341520176,5780896,3331248
186,408341539120,408346719248,5180128,3726640
187,408346734112,408351050496,4316384,4830064
188,408351065808,408355777136,4711328,3997888
189,408355792784,408361607200,5814416,4074096
190,408361630480,408366605088,4974608,4588816
191,408366620336,408371679184,5058848,3789424
192,408371694512,408377268000,5573488,3602144
193,408377283232,408382057424,4774192,3099344
194,408382101056,408386659568,4558512,3377360
195,408386674592,408390758912,4084320,3537376
196,408390773568,408395136272,4362704,4291232
197,408395151280,408399673648,4522368,4077088
198,408399688496,408404964880,5276384,3811888
199,408404979840,408410041968,5062128,3410976
200,408410056752,408414853856,4797104,3389120
201,408414870768,408419264832,4394064,4396016
202,408419279360,408423653952,4374592,3907120
203,408423670576,408429049968,5379392,3752672
204,408429065056,408433957088,4892032,3317664
205,408433972272,408438709760,4737488,3480576
206,408438726896,408443027424,4300528,3444064
207,408443044256,408447508000,4463744,4937184
208,408447527008,408451952064,4425056,3887408
209,408451968208,408457889248,5921040,3139280
210,408457904896,408462776656,4871760,3127216
211,408462793200,408466915936,4122736,3424432
212,408466932608,408471043152,4110544,3305600
213,408471058368,408475467584,4409216,4422096
214,408475577120,408479773184,4196064,3705808
215,408479788368,408485195280,5406912,3741408
216,408485212256,408489901088,4688832,3380800
217,408489923472,408494642496,4719024,3597744
218,408494668080,408499023296,4355216,4595552
219,408499040176,408503621040,4580864,3966992
220,408503637136,408509216592,5579456,3475840
221,408509233904,408514183584,4949680,3435024
222,408514199616,408518659424,4459808,3129248
223,408518676528,408523094448,4417920,3678448
224,408523111376,408527223696,4112320,4519936
225,408527239344,408531902144,4662800,3642928
226,408531918624,408537422080,5503456,3795248
227,408537437920,408542065008,4627088,3046112
228,408542105280,408546860256,4754976,3183696
229,408546875936,408550906368,4030432,3585680
230,408550922720,408555090064,4167344,4356880
231,408555106480,408559675744,4569264,3806112
232,408559691968,408565032624,5340656,3836800
233,408565049376,408569838736,4789360,3549360
234,408569854000,408574675536,4821536,2615904
235,408574691808,408579224896,4533088,3319296
236,408579240368,408582840800,3600432,3391056
237,408582857760,408587160096,4302336,3217648
238,408587176160,408591551152,4374992,4360048
239,408591566720,408595768800,4202080,4004448
240,408595785504,408601128848,5343344,3771088
241,408601146208,408606133296,4987088,3771424
242,408606151568,408610904384,4752816,4307728
243,408610920544,408615675808,4755264,4170560
244,408615693024,408620983536,5290512,3382752
245,408620999904,408626154096,5154192,3144800
246,408626170496,408630536848,4366352,2970096
247,408630567392,408634681648,4114256,3268736
248,408634696864,408638651744,3954880,6506560
249,408638667968,408642920480,4252512,4239152
250,408642936000,408650427040,7491040,5266944
251,408650444000,408655666192,5222192,4381712
252,408655682608,408661933136,6250528,3313824
253,408661949344,408667314848,5365504,5542592
254,408667332192,408671628672,4296480,8009520
255,408671646096,408678171264,6525168,5664960
256,408678188784,408691995632,13806848,5343344
257,408693896176,408701005152,7108976,3920864
258,408701022704,408707670112,6647408,5075216
259,408707687440,408714013456,6326016,4231808
260,408714029504,408718934320,4904816,3941888
261,408718950672,408725009536,6058864,3422800
262,408725025584,408730241344,5215760,4502592
263,408730257728,408735183232,4925504,4547232
264,408735200272,408739606032,4405760,3031360
265,408739622272,408745108624,5486352,3686048
266,408745124368,408750655856,5531488,3491184
267,408750672720,408754687216,4014496,5785024
268,408754702368,408759373264,4670896,3082400
269,408759444720,408763864448,4419728,3124912
270,408763881088,408770649472,6768384,3733968
271,408770665504,408774731872,4066368,5032528
272,408774747408,408778856784,4109376,4380112
273,408778872480,408783590752,4718272,3538800
274,408783613392,408789623280,6009888,3317216
275,408789640464,408795003392,5362928,5064160
276,408795020224,408799542192,4521968,3996368
277,408799597184,408803859408,4262224,3708160
278,408803876336,408809923568,6047232,4720560
279,408809939072,408814919936,4980864,4333008
280,408814935680,408819628096,4692416,3289616
281,408819645040,408825348656,5703616,3495456
282,408825375776,408830681664,5305888,3503776
283,408830699088,408834971280,4272192,4813744
284,408834988272,408839466736,4478464,3746624
285,408839486768,408843970512,4483744,3518832
286,408843987184,408849784256,5797072,3819536
287,408849834144,408854530880,4696736,4989696
288,408854548112,408859049712,4501600,4241808
289,408859065632,408863869248,4803616,3537248
290,408863885936,408869858944,5973008,4872816
291,408869877424,408875100752,5223328,4387104
292,408875118672,408879638000,4519328,3836496
293,408879655840,408885510816,5854976,5062640
294,408885527216,408890897920,5370704,4757104
295,408890915472,408895734416,4818944,4605792
296,408895751184,408901797056,6045872,4668032
297,408901857936,408907554160,5696224,3872368
298,408907571120,408913159952,5588832,4911424
299,408913186208,408918827984,5641776,4015600
300,408918847152,408923700352,4853200,3890192
301,408923717168,408929611776,5894608,4622944
302,408929627776,408934627376,4999600,4495312
303,408934661168,408939517568,4856400,3425952
304,408939534288,408945140512,5606224,3792976
305,408945157056,408950635824,5478768,6990768
306,408950653648,408955061776,4408128,4885856
307,408955106720,408959854752,4748032,3806096
308,408959871792,408967845520,7973728,3205392
309,408967879520,408973731376,5851856,3850288
310,408973747632,408978537472,4789840,4542624
311,408978554720,408982742864,4188144,4557728
312,408982760704,408987593152,4832448,3431152
313,408987610256,408993135776,5525520,3701152
314,408993152592,408998693504,5540912,5187440
315,408998710704,409003124656,4413952,3657184
316,409003141792,409007825808,4684016,3462944
317,409007843344,409014013248,6169904,3682224
318,409014030592,409018670432,4639840,5024192
319,409018687248,409023133376,4446128,3796048
320,409023149072,409027815600,4666528,3484608
321,409027831136,409033839792,6008656,4721328
322,409033856896,409038635840,4778944,4187280
323,409038651504,409043120448,4468944,3804992
324,409043139104,409048841776,5702672,3593616
325,409048869392,409054029056,5159664,4625184
326,409054045984,409058834048,4788064,4162320
327,409058850192,409063427664,4577472,3356176
328,409063444192,409069052848,5608656,3421104
329,409069097936,409074215168,5117232,3667504
330,409074231584,409078571344,4339760,4455520
331,409078588192,409082992448,4404256,4160848
332,409083008976,409087659952,4650976,3296064
333,409087676032,409093115472,5439440,3437200
334,409093133360,409098276320,5142960,3219408
335,409098310816,409102572384,4261568,3172144
336,409102589280,409107009584,4420304,3293408
337,409107025248,409111228992,4203744,3267552
338,409111244640,409115401136,4156496,5502640
339,409115417024,409119694544,4277520,3531136
340,409119711232,409123962096,4250864,3621792
341,409124002128,409130464736,6462608,4330512
342,409130511088,409134995872,4484784,4076160
343,409135012048,409139617664,4605616,4106800
344,409139644800,409144948176,5303376,3307840
345,409144964208,409150024336,5060128,3529280
346,409150040992,409155131136,5090144,5016208
347,409155158848,409159438976,4280128,3863744
348,409159492112,409163968256,4476144,3265168
349,409163984112,409169984464,6000352,3532640
350,409170001616,409174848208,4846592,4610896
351,409174864736,409179113376,4248640,4277056
352,409179132560,409183646016,4513456,3530464
353,409183661248,409189256912,5595664,3678144
354,409189273712,409194533968,5260256,5251792
355,409194549696,409199064432,4514736,3760944
356,409199114640,409203742576,4627936,3703808
357,409203759648,409209994368,6234720,3392272
358,409210009984,409214755312,4745328,5128352
359,409214770864,409219459120,4688256,3955136
360,409219539888,409223851392,4311504,3626736
361,409223868528,409229979744,6111216,4487120
362,409229995792,409234934880,4939088,4373760
363,409234951440,409239561616,4610176,3458448
364,409239579984,409245048736,5468752,3350560
365,409245065712,409250422496,5356784,3603136
366,409250493664,409254880944,4387280,5002944
367,409254897344,409259231504,4334160,3447056
368,409259248320,409263834640,4586320,3445936
369,409263851904,409269837584,5985680,3460752
370,409269853888,409274284640,4430752,3575584
371,409274438848,409278730576,4291728,5260368
372,409278746976,409283191328,4444352,3385104
373,409283206880,409287766912,4560032,3456784
374,409287783888,409294027280,6243392,3645424
375,409294051424,409298412384,4360960,3489536
376,409298429408,409302869168,4439760,4886672
377,409302886976,409307514592,4627616,3901024
378,409307535952,409312004128,4468176,3437104
379,409312041552,409317890800,5849248,3467648
380,409317907856,409322791824,4883968,4464896
381,409322847968,409327228928,4380960,4571232
382,409327244528,409331696576,4452048,3920672
383,409331713344,409337161472,5448128,4473280
384,409337187136,409342732704,5545568,4461232
385,409342749312,409347653376,4904064,3880448
386,409347670192,409353126656,5456464,4673552
387,409353144128,409358587888,5443760,4980640
388,409358603344,409363468336,4864992,5434800
389,409363525264,409369141888,5616624,4333520
390,409369158736,409375122528,5963792,3742288
391,409375139424,409381557328,6417904,4539312
392,409381609024,409386890848,5281824,4435904
393,409386907856,409391633136,4725280,3568800
394,409391650000,409397172448,5522448,3530752
395,409397189280,409402608352,5419072,4418016
396,409402626592,409407177152,4550560,4456464
397,409407193632,409411707904,4514272,3646176
398,409411724544,409417125920,5401376,3495712
399,409417143584,409422582384,5438800,4721136
400,409422599344,409427228560,4629216,4308688
401,409427245504,409431724272,4478768,3803824
402,409431740976,409437445408,5704432,4560080
403,409437523344,409442754096,5230752,4463312
404,409442770768,409447557920,4787152,3609440
405,409447590848,409453118000,5527152,3660416
406,409453135696,409458581312,5445616,5160992
407,409458598704,409463190752,4592048,4008224
408,409463207600,409467851168,4643568,3834032
409,409467866784,409474012160,6145376,4878160
410,409474028896,409479020384,4991488,4273040
411,409479036896,409483854416,4817520,3864416
412,409483871040,409489732576,5861536,5673280
413,409489749792,409495005616,5255824,3358416
414,409495023040,409499870032,4846992,3828976
415,409499887152,409506543312,6656160,4701104
416,409506560016,409510901728,4341712,4269856
417,409510919072,409515730704,4811632,3571904
418,409515749008,409521431808,5682800,4597840
419,409521448992,409526701664,5252672,4169456
420,409526718768,409531273568,4554800,4050016
421,409531290864,409536871408,5580544,3746432
422,409536887744,409542040864,5153120,4813136
423,409542056672,409547090880,5034208,4270544
424,409547109296,409551837312,4728016,3817328
425,409551854176,409557650448,5796272,4947968
426,409557667664,409562920992,5253328,5169152
427,409562938016,409567738320,4800304,5063776
428,409567753968,409573686288,5932320,4623056
429,409573724240,409579855440,6131200,4733712
430,409579870944,409585919216,6048272,4414336
431,409585936912,409591542272,5605360,3657920
432,409591559136,409597275984,5716848,3576256
433,409597293184,409602690320,5397136,4949536
434,409602707872,409607348240,4640368,3841680
435,409607436208,409611924496,4488288,3799024
436,409611940800,409617874032,5933232,4214000
437,409617900496,409622715712,4815216,5063280
438,409622732240,409627514736,4782496,3794592
439,409627535328,409632728736,5193408,4564352
440,409632750592,409638792016,6041424,4539200
441,409638843744,409643586608,4742864,3885424
442,409643603216,409649150960,5547744,4308080
443,409649175792,409654690160,5514368,4153984
444,409654707296,409659575584,4868288,3621744
445,409659592448,409664883664,5291216,3768688
446,409664908976,409670037648,5128672,3451616
447,409670055344,409674659392,4604048,4956848
448,409674676672,409679428080,4751408,3718208
449,409679445584,409683879696,4434112,3557504
450,409683895200,409689836544,5941344,3736800
451,409689852352,409694554752,4702400,5028496
452,409694615216,409699112256,4497040,3742064
453,409699129040,409703849056,4720016,4065440
454,409703865440,409709877552,6012112,4533712
455,409709893568,409714619616,4726048,4656304
456,409714638000,409719685056,5047056,3761408
457,409719701840,409725218768,5516928,3361728
458,409725236480,409730875072,5638592,5206336
459,409730891664,409735636480,4744816,3570592
460,409735657392,409739998208,4340816,3616080
461,409740015056,409746204544,6189488,3294288
462,409746220640,409750775136,4554496,4449328
463,409750816528,409755391216,4574688,4384720
464,409755407280,409759685504,4278224,3649632
465,409759701888,409765134832,5432944,3463504
466,409765162064,409770519552,5357488,3358384
467,409770538336,409775169184,4630848,4685920
468,409775184896,409779632688,4447792,4367936
469,409779656464,409783991072,4334608,4812432
470,409784006928,409789676992,5670064,4848240
471,409789693552,409795044928,5351376,3494896
472,409795061488,409800857360,5795872,3639904
473,409800880256,409806705600,5825344,5021504
474,409806722576,409811200496,4477920,4007248
475,409811216976,409815840400,4623424,3669152
476,409815856480,409821861904,6005424,3460800
477,409821878240,409826869152,4990912,4992272
478,409826886048,409831538304,4652256,3688848
479,409831565680,409835999104,4433424,3477536
480,409836015104,409841991376,5976272,3550816
481,409842006720,409846680224,4673504,4159552
482,409846697408,409851157760,4460352,4124624
483,409851173888,409855708576,4534688,3751536
484,409855724160,409860868128,5143968,3811616
485,409860885712,409865992752,5107040,4493488
486,409866009536,409870744288,4734752,4884624
487,409870760768,409875555904,4795136,3644848
488,409875575152,409881049392,5474240,3403536
489,409881065552,409886934016,5868464,5781696
490,409886950960,409891578864,4627904,3882816
491,409891595312,409895982400,4387088,4597184
492,409896000064,409902764096,6764032,4367200
493,409902780864,409907646912,4866048,3379120
494,409907663808,409913244096,5580288,3667232
495,409913261376,409918611296,5349920,4451248
496,409918631776,409922990416,4358640,4389184
497,409923007184,409927657648,4650464,3503840
498,409927673072,409933108896,5435824,3642736
499,409933126288,409938498080,5371792,4400032
500,409938530384,409943001920,4471536,4523408
501,409943017296,409947644656,4627360,3624768
502,409947661456,409953044688,5383232,4565120
503,409953098208,409958568096,5469888,4874816
504,409958585200,409963192864,4607664,3558544
505,409963209824,409968757984,5548160,3698304
506,409968775008,409974632800,5857792,5296832
507,409974650416,409979191344,4540928,3691600
508,409979207920,409983889648,4681728,3651504
509,409983906592,409990186480,6279888,4361872
510,409990204336,409994878080,4673744,4164928
511,409994894528,409999529584,4635056,3793520
512,409999547008,410004891456,5344448,3746320
513,410004908448,410010056384,5147936,4695536
514,410010116192,410014849904,4733712,4370192
515,410014866528,410019596224,4729696,3192400
516,410019612608,410025291760,5679152,3674448
517,410025414256,410030661952,5247696,4517312
518,410030680576,410034854352,4173776,3987344
519,410034869904,410039528800,4658896,4000880
520,410039544832,410045046112,5501280,3312480
521,410045116608,410050033456,4916848,3477008
522,410050049680,410055034336,4984656,5525088
523,410055051280,410059346816,4295536,3587792
524,410059414240,410063823824,4409584,3698816
525,410063866768,410070348912,6482144,4607184
526,410070367632,410074936704,4569072,4301088
527,410074953008,410079635520,4682512,3072192
528,410079652240,410085242704,5590464,3320480
529,410085265168,410090543792,5278624,3687872
530,410090559504,410094615984,4056480,4312288
531,410094633056,410098936464,4303408,4499168
532,410098951760,410103624336,4672576,3482288
533,410103640960,410108936624,5295664,3521232
534,410108953088,410114435792,5482704,3419776
535,410114452832,410118918080,4465248,4837200
536,410118934320,410123439312,4504992,4117952
537,410123455840,410127859088,4403248,3727488
538,410127884672,410133696288,5811616,3450432
539,410133723472,410138814240,5090768,5117280
540,410138832368,410143541728,4709360,4427056
541,410143558768,410147992160,4433392,3268992
542,410148009424,410154109440,6100016,5238656
543,410154128096,410159536496,5408400,3719792
544,410159552288,410163805488,4253200,3284064
545,410163864752,410170044144,6179392,3726160
546,410170060080,410174763936,4703856,4964256
547,410174780320,410179048000,4267680,4700352
548,410179064704,410183774160,4709456,3314928
549,410183791232,410189738416,5947184,5206688
550,410189755328,410195438768,5683440,3688368
551,410195455712,410199753696,4297984,3575744
552,410199770832,410205960384,6189552,4646448
553,410205977072,410210648752,4671680,4171056
554,410210669952,410215224496,4554544,3732976
555,410215240608,410220870944,5630336,3829168
556,410220887824,410226042000,5154176,3267056
557,410226084208,410230774976,4690768,4984048
558,410230791328,410235604144,4812816,3672512
559,410235620528,410239871200,4250672,3324912
560,410239888800,410245855248,5966448,3879392
561,410245873200,410250527760,4654560,5028016
562,410250544400,410254852672,4308272,4895824
563,410254868864,410259732064,4863200,4604560
564,410259748576,410265760080,6011504,4316576
565,410265776976,410271655904,5878928,3533328
566,410271672496,410277260464,5587968,3770800
567,410277277264,410282577040,5299776,4742832
568,410282593984,410287110368,4516384,4427840
569,410287128528,410291881168,4752640,3852144
570,410291897776,410297624000,5726224,5238576
571,410297642992,410303051840,5408848,4250512
572,410303068592,410307903984,4835392,3622352
573,410307923360,410314142560,6219200,4908256
574,410314159536,410319393072,5233536,3695792
575,410319409712,410324015424,4605712,3494816
576,410324031616,410329923680,5892064,3802400
577,410329940864,410334619472,4678608,5096576
578,410334636880,410339114288,4477408,3546912
579,410339132976,410343916688,4783712,3443312
580,410343933456,410350013264,6079808,3550512
581,410350031472,410354560176,4528704,4983808
582,410354576784,410359003488,4426704,4158256
583,410359020640,410363554000,4533360,3521312
584,410363571744,410369537808,5966064,3668720
585,410369554592,410374696064,5141472,6865248
586,410374712976,410379217376,4504400,5067840
587,410379233616,410383886096,4652480,3743568
588,410383903120,410391751344,7848224,3444272
589,410391768048,410397819184,6051136,3825360
590,410397837488,410402562752,4725264,5045888
591,410402579584,410407007024,4427440,3710912
592,410407023760,410411832384,4808624,3461424
593,410411848976,410417878272,6029296,3698944
594,410417895408,410422589184,4693776,5271712
595,410422646608,410427050608,4404000,3635136
596,410427066688,410431749552,4682864,3121616
597,410431765808,410438021264,6255456,3773104
598,410438037968,410442656400,4618432,4398656
599,410442673280,410446778016,4104736,4267920
600,410446817472,410451551120,4733648,3498400
601,410451567376,410456949776,5382400,3564336
602,410456990800,410462217696,5226896,4910704
603,410462233856,410466716096,4482240,4671264
604,410466732816,410471280432,4547616,3577616
605,410471344432,410477191136,5846704,3280144
606,410477208496,410482862400,5653904,5219088
607,410482879104,410487440016,4560912,4325280
608,410487456512,410491720160,4263648,5153776
609,410491737120,410497939248,6202128,4421728
610,410497956080,410503264528,5308448,3835152
611,410503281296,410509418304,6137008,4348688
612,410509435888,410514840032,5404144,4016800
613,410514856688,410519675184,4818496,3576208
614,410519717664,410525023872,5306208,3630832
615,410525050944,410530040672,4989728,3506080
616,410530057504,410534616880,4559376,4779888
617,410534633632,410539247712,4614080,4085296
618,410539264352,410543753792,4489440,4214544
619,410543770592,410549533680,5763088,5281568
620,410549551456,410554618976,5067520,3766032
621,410554657472,410559833520,5176048,3551248
622,410559851760,410566115088,6263328,3294704
623,410566132736,410570881120,4748384,5038416
624,410570897312,410575432368,4535056,4014880
625,410575449024,410579727072,4278048,3891424
626,410579743632,410585765488,6021856,4328080
627,410585812768,410590780368,4967600,4873312
628,410590829536,410595671792,4842256,4011344
629,410595688432,410600999872,5311440,8315504
630,410601018800,410606873184,5854384,4521504
631,410606890240,410611884528,4994288,3882032
632,410611900688,410621200032,9299344,4289856
633,410621216736,410626721536,5504800,3925424
634,410626739152,410631603568,4864416,4740272
635,410631620224,410636893424,5273200,4809552
636,410636909712,410641818848,4909136,4486400
637,410641839088,410647559120,5720032,3390864
638,410647575856,410653368672,5792816,3608400
639,410653384496,410658855072,5470576,5014640
640,410658871664,410663245936,4374272,3718640
641,410663260928,410667854336,4593408,4133568
642,410667872208,410673868976,5996768,5311376
643,410673885840,410678587616,4701776,4522560
644,410678604608,410683721184,5116576,5583280
645,410683738064,410690032560,6294496,3633008
646,410690097216,410695555120,5457904,0
647,410695573072,410707672160,12099088,0
648,410707688432,410714255440,6567008,0
649,410714274160,410718888448,4614288,0
===CSV_END===
===================================================
===VMSTAT_START===
procs -----------memory---------- ---swap-- -----io---- -system-- ------cpu-----
 r  b   swpd   free   buff  cache   si   so    bi    bo   in   cs us sy id wa st
 4  0      0 120064   2708  35160    0    0    29    13  300  187 63 30  7  0  0
 5  0      0 120000   2708  35160    0    0     0     0  937  565 57 43  0  0  0
 4  0      0 120000   2708  35160    0    0     0     0  900  540 60 40  0  0  0
 5  0      0 120000   2708  35160    0    0     0    60  900  554 59 41  0  0  0
 7  0      0 120000   2716  35160    0    0     0   116  850  577 55 45  0  0  0
 6  0      0 120000   2716  35160    0    0     0     0  822  697 54 46  0  0  0
 6  0      0 120000   2716  35160    0    0     0     0  807  677 53 47  0  0  0
===VMSTAT_END===
