========================================
SHM Ping-Pong Client
Scenario 2 - EB corbos Linux Evaluation
========================================
Messages:       2000
Message size:   64 B
Poll interval:  100 us
Echo timeout:   10 ms

Waiting for shm_echo to register (UUID: b2c3d4e5-f6a7-8901-bcde-f12345678901)...
Found shm_echo!


========== SHM PING-PONG RESULTS ==========
Messages sent:    2000
Messages lost:    2 (0.100%)
RTL (us):
  Mean:   1966.239    Std dev: 754.818
  Min:     116.912    Max:     8588.416
  P50:    1649.872    P95:     3489.776
  P99:    4915.280    P99.9:   7387.584
Throughput: 509 msg/s
============================================
===CSV_START===
Seq,RTT_ns
1,4489936
2,1405856
3,2232896
4,3665024
5,2201728
6,1868576
7,4080480
8,1703424
9,2419744
10,5132624
11,3611984
12,7235328
13,1390640
14,2529680
15,1499424
16,2594528
17,1500896
18,2414272
19,5814592
20,1766688
21,1671296
22,2491728
23,4366688
24,1436528
25,2257264
26,4122800
27,3741376
28,4119712
29,1510384
30,2357536
31,2605536
32,2554720
33,2897712
34,1558416
35,3307392
36,3747600
37,1418912
38,1847168
39,2912656
40,3026880
41,6535376
42,1568576
43,2328352
44,1491952
45,3202976
46,7387584
47,1524768
48,2461856
49,1445600
50,2184256
51,1525648
52,2798528
53,4013792
54,3924896
55,4060736
56,1584576
57,3137808
58,1633664
59,5827456
60,1440288
61,2357376
62,1565040
63,2109232
64,1438224
65,2660208
66,1549696
67,2529008
68,4110304
69,1481344
70,6444528
71,3930592
72,4254816
73,1558464
74,1667664
75,1525904
76,2842784
77,1542320
78,2632144
79,3947968
80,1419328
81,2103744
82,1684864
83,2316464
84,4145728
85,3717696
86,1552592
87,1374960
88,1616176
89,1444144
90,4033232
91,2218992
92,4247872
93,1657744
94,3663152
95,2380400
96,1557072
97,2471728
98,4092960
99,1400576
100,2393136
101,1784528
102,2168432
103,1413232
104,3016816
105,1664368
106,1508752
107,2825744
108,1571120
109,1564848
110,2770128
111,1574800
112,2274544
113,1390064
114,2434080
115,4250912
116,1547712
117,2513712
118,1589376
119,2467056
120,1588624
121,3413584
122,1413536
123,850992
124,1357088
125,1468128
126,1705776
127,3572528
128,1596736
129,1318368
130,2585344
131,1384480
132,2551952
133,1535152
134,1571488
135,1511856
136,2219824
137,1218064
138,3239824
139,1462000
140,2380544
141,2567936
142,1579200
143,2378688
144,1553248
145,2209280
146,1431840
147,1532672
148,1734320
149,1379280
150,2155008
151,1423744
152,2249552
153,1687552
154,1438400
155,5206048
156,1479744
157,2320240
158,1528688
159,2560016
160,1588928
161,2258176
162,2941536
163,1584784
164,1458208
165,3517136
166,1356224
167,1775792
168,1527504
169,2230656
170,1609072
171,2224656
172,1537680
173,2222544
174,1463936
175,1337200
176,1807296
177,1437232
178,2134192
179,1589280
180,2317584
181,1646192
182,2741968
183,1450816
184,2185456
185,1544656
186,2362656
187,1402192
188,1376720
189,2331312
190,1638096
191,1678064
192,1493488
193,2441472
194,1519760
195,2011488
196,1611216
197,1391824
198,1618624
199,1557504
200,1514784
201,2192416
202,4915280
203,1321216
204,2107760
205,1529504
206,2122448
207,1300560
208,1571824
209,1768688
210,1513792
211,2433200
212,4025616
213,1451104
214,2110704
215,1585856
216,2308592
217,3088080
218,1541872
219,1564736
220,2361312
221,1444784
222,1440256
223,2458640
224,2959280
225,2274832
226,1462512
227,1773184
228,1612768
229,3390288
230,2637296
231,1427280
232,2269600
233,1329808
234,1432256
235,1812096
236,1621616
237,2096800
238,1531280
239,2272224
240,1440800
241,1393984
242,1539696
243,1651392
244,2135888
245,1512240
246,1423392
247,2782720
248,3832032
249,2371072
250,1549360
251,2133088
252,1442304
253,4232432
254,2423088
255,1555728
256,2319840
257,1485872
258,2511664
259,1539360
260,2519952
261,1469264
262,1532480
263,1218128
264,1300176
265,1655168
266,1557920
267,2285664
268,1496752
269,1488496
270,2002800
271,1462784
272,1534800
273,1532144
274,1452896
275,2165776
276,1356384
277,1720320
278,1633280
279,2192800
280,1429248
281,2601968
282,1509456
283,1390400
284,1457568
285,1496496
286,1384768
287,1468992
288,1343824
289,2125760
290,1314224
291,3244864
292,2885776
293,1479296
294,2339632
295,1449344
296,2510528
297,1359216
298,2216576
299,1521440
300,1333696
301,2381200
302,1425552
303,1966144
304,1453488
305,2303424
306,1428528
307,3642160
308,1394224
309,1622960
310,1484096
311,2387072
312,1595280
313,2088960
314,1460656
315,2417408
316,1503024
317,2409888
318,1416944
319,1335360
320,1751776
321,1568160
322,2377856
323,1621008
324,2900368
325,1533952
326,1624528
327,1565664
328,2603456
329,1419872
330,2655936
331,1484448
332,2213664
333,1422464
334,2349616
335,1308224
336,1558288
337,1604256
338,1446000
339,2403280
340,1374384
341,2265296
342,1519648
343,1365328
344,1880080
345,1671728
346,1502304
347,1654784
348,1472800
349,2811696
350,1858096
351,1520112
352,2336096
353,1541408
354,1770512
355,1428896
356,1563440
357,1695776
358,1306096
359,2038240
360,1298032
361,1417552
362,1910688
363,1492144
364,2165920
365,1298720
366,2408160
367,1349824
368,1268112
369,1812544
370,1577712
371,2390752
372,1647200
373,3000848
374,1464288
375,1548384
376,1552096
377,2200512
378,1702448
379,2209776
380,1619984
381,1440784
382,2288416
383,1563968
384,1648992
385,1487504
386,2123632
387,1518496
388,2365600
389,1538160
390,2914176
391,1630656
392,2408320
393,1428016
394,2273248
395,1539568
396,2527280
397,1349664
398,2208608
399,1383712
400,1601008
401,1342528
402,1721696
403,5136544
404,1584048
405,2632368
406,1512224
407,2315808
408,1737968
409,2016144
410,1494560
411,2453232
412,1580944
413,2423008
414,1462752
415,1424640
416,1574048
417,3957072
418,1640544
419,3983296
420,2436688
421,1655680
422,1668976
423,1548352
424,1491920
425,1078384
426,1525904
427,2530752
428,1540752
429,2280816
430,3023696
431,2565936
432,1553488
433,2660704
434,2405632
435,1613392
436,2296464
437,4441104
438,1935776
439,1904272
440,1332096
441,2193936
442,2899776
443,1602560
444,3612000
445,2978240
446,2441824
447,2581792
448,3745488
449,2957344
450,1691072
451,1639600
452,2325024
453,1364880
454,2517904
455,1383568
456,3921504
457,2185616
458,1543424
459,1435712
460,2293472
461,1643392
462,1106544
463,1528352
464,1401712
465,2532608
466,2562256
467,1414384
468,2412448
469,1611808
470,1487616
471,1607408
472,2662864
473,1429216
474,2301088
475,1483712
476,2588464
477,1546624
478,2447584
479,1582608
480,1261776
481,2557072
482,2331424
483,4274320
484,1428416
485,2188560
486,1509360
487,1487760
488,2470992
489,1463392
490,3156768
491,2264192
492,1542688
493,2214704
494,1728416
495,2515872
496,1742368
497,2333248
498,1489744
499,2171424
500,1578384
501,2259744
502,1651136
503,2359648
504,1471840
505,2635136
506,1789104
507,1892496
508,1445440
509,1469376
510,1697632
511,1577424
512,2298592
513,1553888
514,2970096
515,1722368
516,1687600
517,1282928
518,1363840
519,1608560
520,2349440
521,1562832
522,2451376
523,1699088
524,2109232
525,1571040
526,2873008
527,1546720
528,2227904
529,1738592
530,2176896
531,1634352
532,2571744
533,3992704
534,1618544
535,2376976
536,1437568
537,2107856
538,1602352
539,1533136
540,1670160
541,2464384
542,1678512
543,2391024
544,1519472
545,2216608
546,1551280
547,1468544
548,2546400
549,1511792
550,1571280
551,1316544
552,1762256
553,1399584
554,3754256
555,3770528
556,2443424
557,1531248
558,2356416
559,1631728
560,2369408
561,1598672
562,1409152
563,2032240
564,1497056
565,1831264
566,1464240
567,3631824
568,1349664
569,5522128
570,1451680
571,3563280
572,1437520
573,1814352
574,1565440
575,3140608
576,1460560
577,946592
578,1553552
579,1525824
580,2477536
581,1489056
582,5636240
583,1567968
584,3368960
585,1537776
586,1435968
587,1334128
588,1843104
589,1436896
590,3788544
591,2514928
592,1459328
593,2282192
594,2977776
595,2482352
596,1502800
597,2845392
598,1768592
599,1612784
600,2346816
601,1438576
602,2278288
603,1434256
604,2197136
605,1350960
606,1776672
607,2114736
608,1479872
609,1857968
610,1523248
611,2153888
612,1582464
613,2494768
614,1290912
615,2465168
616,1670624
617,2383712
618,1673696
619,2488912
620,1483152
621,2015216
622,1327008
623,1719792
624,2200960
625,1475440
626,1753696
627,1634032
628,2098912
629,1553504
630,2261904
631,1567024
632,2363504
633,1583664
634,1439936
635,2258320
636,1386528
637,1569600
638,1668928
639,2171616
640,1499744
641,1289424
642,1745728
643,1521520
644,2183296
645,1496368
646,2160432
647,1601664
648,1393456
649,1832656
650,2407120
651,1608624
652,2363248
653,1450928
654,2478016
655,1572752
656,2229824
657,1278784
658,1585760
659,2340880
660,1566336
661,1793488
662,1531568
663,2387936
664,1635248
665,2325264
666,1324256
667,2317392
668,1735856
669,2139088
670,1527840
671,2435408
672,1514320
673,2543456
674,1572240
675,2517296
676,1559472
677,2423360
678,4403712
679,1503808
680,2424432
681,1680864
682,3489776
683,2330240
684,1605248
685,2441376
686,1535056
687,2223840
688,1704688
689,2295152
690,4054352
691,1555600
692,1393824
693,1544672
694,2408480
695,1532000
696,1393696
697,869088
698,4627344
699,1478000
700,2175632
701,1563472
702,2732816
703,1555152
704,2278864
705,1619056
706,2345664
707,1816880
708,2194384
709,1464480
710,2313488
711,1539408
712,2360512
713,2743824
714,1554512
715,1522352
716,2039728
717,1460656
718,1459184
719,1994640
720,1708080
721,2024224
722,1409552
723,2083360
724,1670608
725,2297120
726,1564224
727,2417104
728,1469600
729,1259504
730,2594272
731,2313824
732,2775120
733,1907888
734,1622112
735,2162480
736,1425312
737,2270080
738,1601280
739,2473072
740,1425792
741,2320304
742,1620752
743,2250560
744,1552192
745,2310320
746,1248816
747,1397872
748,1531264
749,1291984
750,1487888
751,2550304
752,1278304
753,1702848
754,1382048
755,2034848
756,1614368
757,2445440
758,4144352
759,1494400
760,1449728
761,2327696
762,2754640
763,1468384
764,2247600
765,4401904
766,1353536
767,2345104
768,1601968
769,2235728
770,1633456
771,1229008
772,1519808
773,1539392
774,4028656
775,2352016
776,1531984
777,2210960
778,1381920
779,1490576
780,2745984
781,2404960
782,3753968
783,1329328
784,1220592
785,1483040
786,2971312
787,2274320
788,1284192
789,5630208
790,1452624
791,2234880
792,1742544
793,2182816
794,2655008
795,1623952
796,1486816
797,2076720
798,1290256
799,1515344
800,1475184
801,1422048
802,1413744
803,1775552
804,1459216
805,2573200
806,1505968
807,1659088
808,1587888
809,1490608
810,1688160
811,1344208
812,2118464
813,1511344
814,2277584
815,1698320
816,2338256
817,1443088
818,1664640
819,1497360
820,3000656
821,1426736
822,1727808
823,3182992
824,2604864
825,2176176
826,1471616
827,1536064
828,2168464
829,1415248
830,1926464
831,1578272
832,2280800
833,1329696
834,1398800
835,2439840
836,1502672
837,1225504
838,1413920
839,1491488
840,1333152
841,1391568
842,1496608
843,1427104
844,2283680
845,1571648
846,2280512
847,1301888
848,1436400
849,1596080
850,1645584
851,2262144
852,1570768
853,2721232
854,1656320
855,2266080
856,1579200
857,2332272
858,1452208
859,1974160
860,1403376
861,1379952
862,1701952
863,1552128
864,2254400
865,1405600
866,1467152
867,2566624
868,1309760
869,2284544
870,1578304
871,1839360
872,1498560
873,2108224
874,1432944
875,2432864
876,1475424
877,2349984
878,1491488
879,2784528
880,1458896
881,2181408
882,1182624
883,1505856
884,1547408
885,1660592
886,3844224
887,2350448
888,1515344
889,1300656
890,2128256
891,1277600
892,1542272
893,2990000
894,2282144
895,1593648
896,1479840
897,1550128
898,2189328
899,1271184
900,1614880
901,1065312
902,1640144
903,2483536
904,1468720
905,2370560
906,1545200
907,1501440
908,1666672
909,2159536
910,1547616
911,1445984
912,2966208
913,2185472
914,1534480
915,1627200
916,5410560
917,1422288
918,2404480
919,1375840
920,2360928
921,1502784
922,2568480
923,1454736
924,2258224
925,1415840
926,2359376
927,2876816
928,1666016
929,1391520
930,2205024
931,1427856
932,1452464
933,3041008
934,2096256
935,1517888
936,2415328
937,1344880
938,1369808
939,3129344
940,2173568
941,1427328
942,1314768
943,2797824
944,1235504
945,1625264
946,1573296
947,2423584
948,1408560
949,3569024
950,1363344
951,839712
952,2787888
953,3638880
954,1825184
955,1505072
956,1290384
957,2960032
958,2107632
959,1463008
960,2930560
961,1507456
962,2113520
963,1542448
964,2477376
965,1567104
966,2109216
967,1207520
968,1271808
969,1607504
970,1174800
971,1330720
972,1456480
973,1532960
974,1318416
975,1474160
976,1645792
977,1995024
978,2565792
979,1446960
980,1441120
981,1207792
982,1434624
983,1499600
984,1248112
985,1434544
986,1401168
987,1279920
988,2489024
989,1374896
990,2783664
991,2244208
992,1304944
993,1645344
994,2251104
995,1412112
996,1333680
997,1364000
998,1622832
999,1625008
1000,1386864
1001,1882320
1002,1280400
1003,2000832
1004,1553168
1005,1425424
1006,1919968
1007,1366816
1008,1595904
1009,1439248
1010,1325872
1011,1679536
1012,1554656
1013,1958912
1014,1244416
1015,1417536
1016,1798496
1017,1559264
1018,2054160
1019,1331072
1020,1525328
1021,1646368
1022,1439808
1023,2095616
1024,1462688
1025,1363968
1026,2976928
1027,3743552
1028,2369488
1029,1635152
1030,1400448
1031,2365600
1032,1428768
1033,2170560
1034,1446016
1035,1842688
1036,3683056
1037,1334480
1038,1445344
1039,2355200
1040,1479120
1041,1512432
1042,1504432
1043,2141968
1044,1382000
1045,1523600
1046,2540480
1047,1452352
1048,1523184
1049,1594176
1050,2556320
1051,5098336
1052,2315376
1053,1501216
1054,3673488
1055,1768912
1056,2955376
1057,1613792
1058,1445120
1059,2331472
1060,1504176
1061,3847712
1062,1326752
1063,1284464
1064,1409472
1065,3080560
1066,1580976
1067,1616160
1068,2955824
1069,1557840
1070,1304288
1071,2193680
1072,2673392
1073,1506816
1074,1496096
1075,2157904
1076,1463488
1077,1413312
1078,1639568
1079,1526368
1080,8588416
1081,6162640
1082,1508512
1083,1624800
1084,1872176
1085,2432064
1086,1427104
1087,2206752
1088,2789616
1089,1711104
1090,1568496
1091,2222256
1092,1499136
1093,2278528
1094,1408080
1095,1290544
1096,1906976
1097,1475568
1098,2182256
1099,1437248
1100,2411360
1101,2792000
1102,2567616
1103,1397408
1104,1765328
1105,1448816
1106,1920352
1107,1503872
1108,1333056
1109,2240528
1110,1305376
1111,1649872
1112,1431616
1113,1455136
1114,2844720
1115,2282800
1116,1692640
1117,2291952
1118,3928768
1119,2889568
1120,2209440
1121,1552704
1122,1602992
1123,1780640
1124,3222448
1125,1446320
1126,959872
1127,1307120
1128,1459392
1129,3173568
1130,2433888
1131,1410784
1132,2109664
1133,1562784
1134,1360064
1135,1444304
1136,1249792
1137,1452144
1138,1089456
1139,1477536
1140,1429696
1141,1675888
1142,1537968
1143,1926240
1144,1563744
1145,2541104
1146,1492304
1147,1382848
1148,2686096
1149,2047840
1150,2967872
1151,1721120
1152,1545216
1153,2017952
1154,1573200
1155,2479376
1156,1545872
1157,2174688
1158,1595040
1159,1508160
1160,2462256
1161,1447840
1162,2275248
1163,1696224
1164,2587712
1165,2444880
1166,1495792
1167,1657536
1168,5344256
1169,1601920
1170,2068848
1171,1484016
1172,1337920
1173,1161248
1174,1343632
1175,1325008
1176,1754752
1177,1615584
1178,1854864
1179,1303520
1180,1502864
1181,907792
1182,1506064
1183,1507888
1184,2214800
1185,1443856
1186,1701072
1187,1455344
1188,2319552
1189,1371184
1190,1403968
1191,2296064
1192,1587312
1193,2812432
1194,2414016
1195,1521584
1196,2279776
1197,2844752
1198,1577168
1199,1422704
1200,2296560
1201,1403296
1202,2475744
1203,1648336
1204,1399920
1205,1090656
1206,4203248
1207,1487008
1208,2303856
1209,3848544
1210,1541648
1211,1266832
1212,1631376
1213,1430832
1214,3495536
1215,1527584
1216,1735632
1217,1302432
1218,2370608
1219,1405984
1220,2107600
1221,1685280
1222,2632384
1223,1540640
1224,2322848
1225,1404064
1226,1491936
1227,1377232
1228,1592288
1229,1673936
1230,1495520
1231,2339232
1232,1775504
1233,1611568
1234,3021744
1235,2078896
1236,1552000
1237,2008448
1238,1414240
1239,2268336
1240,1529200
1241,3733072
1242,2451168
1243,1520240
1244,1336192
1245,2640672
1246,2499424
1247,1467600
1248,2105008
1249,4249872
1250,1533744
1251,2303648
1252,1570304
1253,2136320
1254,1385952
1255,1472800
1256,1697440
1257,1647248
1258,2124096
1259,116912
1260,1771488
1261,2348240
1262,1373600
1263,2338608
1264,1474448
1265,1272848
1266,2268416
1267,1370864
1268,1611056
1269,1535600
1270,2401488
1271,1484096
1272,2161920
1273,1741344
1274,2648944
1275,1590880
1276,2584736
1277,1490896
1278,2141760
1279,1781072
1280,2502704
1281,1446256
1282,2206736
1283,2497232
1284,1866160
1285,1598384
1286,2577392
1287,1821088
1288,1641536
1289,2812144
1290,2201504
1291,1433184
1292,1639072
1293,1331136
1294,2393072
1295,1447104
1296,2238400
1297,3045360
1298,1906384
1299,1724096
1300,2140208
1301,1286432
1302,2667824
1303,1764720
1304,1778944
1305,2014720
1306,2228304
1307,1504432
1308,2421760
1309,1323504
1310,2324672
1311,1535872
1312,2563568
1313,1556896
1314,1305136
1315,1984448
1316,1430368
1317,1471536
1318,1535344
1319,1469616
1320,2404816
1321,1443472
1322,1581136
1323,1340272
1324,2306896
1325,2624592
1326,1683536
1327,1661488
1328,1975072
1329,1607040
1330,2151696
1331,1618544
1332,2480192
1333,1510352
1334,1400544
1335,1757536
1336,1525824
1337,1584224
1338,1693632
1339,1541248
1340,2330816
1341,1253120
1342,1711088
1343,1575824
1344,2554928
1345,1463728
1346,2355264
1347,1518880
1348,2414528
1349,1743088
1350,2007984
1351,1529280
1352,1299840
1353,1667568
1354,1442096
1355,2267344
1356,3653344
1357,1546720
1358,1505888
1359,2171440
1360,1541360
1361,1658640
1362,1501120
1363,2354112
1364,1602384
1365,2126544
1366,1564896
1367,2307888
1368,1567696
1369,2360320
1370,1631744
1371,2583808
1372,1562720
1373,2168496
1374,2963136
1375,2139776
1376,1278144
1377,1748336
1378,1393424
1379,1435264
1380,2091968
1381,1423680
1382,1422496
1383,2963376
1384,2309232
1385,1291216
1386,3168320
1387,1370400
1388,2357696
1389,1518000
1390,2259328
1391,1485376
1392,2190816
1393,1738800
1394,1522496
1395,1289392
1396,2381520
1397,1616032
1398,1455824
1399,1921088
1400,1595168
1401,1675056
1402,1516848
1403,2489056
1404,1735584
1405,2328544
1406,1701936
1407,1884544
1408,1490432
1409,1545072
1410,1555024
1411,1392592
1412,1902128
1413,1309312
1414,1354448
1415,1549872
1416,2858032
1417,2483200
1418,1484880
1419,1127856
1420,1550176
1421,1330880
1422,1632496
1423,1435040
1424,2059520
1425,1504480
1426,1313920
1427,1035440
1428,2665616
1429,1860176
1430,1521792
1431,2384256
1432,1433344
1433,2182544
1434,1457072
1435,1400608
1436,2148736
1437,1530496
1438,1713104
1439,1585856
1440,2217328
1441,1373408
1442,1389856
1443,1710096
1444,1386240
1445,2022544
1446,1613040
1447,1368592
1448,1997152
1449,1554608
1450,1528624
1451,1339312
1452,2415616
1453,1387680
1454,1440032
1455,3309824
1456,1769472
1457,1476240
1458,1538144
1459,2537472
1460,1461792
1461,2123104
1462,1423968
1463,1610032
1464,1960256
1465,2340288
1466,1470320
1467,2033232
1468,1527536
1469,1442144
1470,2869408
1471,2141296
1472,1537728
1473,1339344
1474,2625312
1475,2426096
1476,1736192
1477,2253360
1478,1496992
1479,1266608
1480,1712672
1481,1394528
1482,2308992
1483,1489104
1484,2473792
1485,2856080
1486,2487744
1487,2376272
1488,1763936
1489,2492704
1490,1802400
1491,3867856
1492,2611536
1493,1408240
1494,2380672
1495,1493504
1496,2146032
1497,1739728
1498,2585168
1499,1543888
1500,2464096
1501,1457168
1502,2336864
1503,1430704
1504,2774560
1505,1523296
1506,2231136
1507,1528256
1508,2426016
1509,1622944
1510,2181696
1511,1592912
1512,2970400
1513,1576832
1514,2243344
1515,4356480
1516,1428144
1517,2340624
1518,1428272
1519,2222416
1520,1507536
1521,2298064
1522,1557696
1523,1333296
1524,1580672
1525,1596704
1526,2410528
1527,1456832
1528,2144320
1529,1611344
1530,2392928
1531,1543120
1532,2310304
1533,2751328
1534,1718752
1535,3613984
1536,1401664
1537,1388864
1538,1646320
1539,1547072
1540,2346560
1541,1541056
1542,2093968
1543,1672256
1544,2257920
1545,1449008
1546,1417312
1547,2605616
1548,1447248
1549,2153888
1550,1520368
1551,1532624
1552,1535024
1553,2229264
1554,1493760
1555,1394960
1556,1682880
1557,1508160
1558,3786832
1559,2180560
1560,1530448
1561,2159744
1562,1272624
1563,1546608
1564,3261104
1565,2068160
1566,1498256
1567,1425216
1568,2792256
1569,2038720
1570,1597040
1571,2257280
1572,2942816
1573,1869760
1574,3696272
1575,1448336
1576,2141968
1577,1524704
1578,1435520
1579,2388592
1580,1531200
1581,2201328
1582,1525344
1583,1636864
1584,1403392
1585,2425792
1586,1624448
1587,2224752
1588,1657008
1589,2103760
1590,1279104
1591,1305376
1592,1764528
1593,2782880
1594,2564752
1595,1443280
1596,1536288
1597,1461680
1598,2450176
1599,1371952
1600,2222432
1601,1483008
1602,2078816
1603,1579424
1604,2279696
1605,1637008
1606,2463840
1607,1444592
1608,2528880
1609,1425136
1610,2067120
1611,3024896
1612,6856000
1613,2282576
1614,1562432
1615,1289184
1616,998832
1617,4636704
1618,1499392
1619,4770784
1620,2793072
1621,4103072
1622,2392320
1623,1861184
1624,1853040
1625,1499152
1626,1469840
1627,2240320
1628,1775936
1629,2509584
1630,2394368
1631,1685168
1632,1377632
1633,1401712
1634,1477856
1635,2104416
1636,1319088
1637,1453680
1638,1944480
1639,1520096
1640,1677184
1641,1618192
1642,1411584
1643,2061232
1644,1311104
1645,1707328
1646,1641760
1647,2485536
1648,1600160
1649,2396464
1650,1429056
1651,2567072
1652,1493728
1653,1930000
1654,1427088
1655,1657872
1656,2176480
1657,1520640
1658,1671152
1659,1594976
1660,4088256
1661,2094544
1662,1472736
1663,2425968
1664,1764832
1665,3803616
1666,2394480
1667,1487120
1668,1512192
1669,1025376
1670,1336624
1671,1553920
1672,864160
1673,2896288
1674,1823296
1675,1263872
1676,2410384
1677,1461216
1678,1281520
1679,2443696
1680,1387344
1681,2543328
1682,1391536
1683,1570016
1684,1535984
1685,1968400
1686,1327088
1687,1589760
1688,2375024
1689,1588288
1690,1971616
1691,1599664
1692,1761920
1693,1515360
1694,2059888
1695,1294192
1696,1322112
1697,1560048
1698,1704400
1699,2228064
1700,1532960
1701,2574480
1702,1578880
1703,2451152
1704,1546336
1705,2659904
1706,1607024
1707,2127696
1708,1569856
1709,2536400
1710,1753776
1711,2093456
1712,1566224
1713,1204960
1714,1601072
1715,1817664
1716,3176336
1717,1451232
1718,2093280
1719,1563200
1720,2045248
1721,1462016
1722,2276256
1723,1724848
1724,3405232
1725,1318864
1726,2004096
1727,1230064
1728,1823312
1729,1467504
1730,2419936
1731,2958656
1732,2728848
1733,2441984
1734,1413888
1735,1254512
1736,1932928
1737,1256976
1738,1964528
1739,1656832
1740,1340128
1741,2573408
1742,2454240
1743,1713600
1744,2224576
1745,1253520
1746,1456480
1747,1781104
1748,1399488
1749,2323104
1750,1614416
1751,2690768
1752,1370800
1753,2246128
1754,1544624
1755,2445120
1756,1557616
1757,2615056
1758,1388000
1759,2403744
1760,1530544
1761,2135584
1762,1898384
1763,2612112
1764,1715536
1765,1621520
1766,1805184
1767,3251552
1768,1398032
1769,1826688
1770,1477376
1771,2452688
1772,1404432
1773,2210656
1774,1515408
1775,1431664
1776,1209632
1777,1539040
1778,2480928
1779,1631152
1780,2357232
1781,1625952
1782,2657456
1783,4381408
1784,1341440
1785,2215664
1786,1690720
1787,1782848
1788,1494496
1789,1452800
1790,1750240
1791,1396992
1792,2237088
1793,1616144
1794,2167632
1795,1437568
1796,1401264
1797,2104880
1798,2683424
1799,1695184
1800,1557600
1801,1466672
1802,1626272
1803,3363824
1804,2317232
1805,1596480
1806,2226512
1807,1526432
1808,2739152
1809,1408944
1810,2083728
1811,1905440
1812,2154896
1813,1391376
1814,2536544
1815,1611488
1816,2646624
1817,1503216
1818,2134448
1819,1690160
1820,3921600
1821,2285488
1822,4519536
1823,1502384
1824,2417856
1825,1459984
1826,2302144
1827,1775584
1828,2521664
1829,1563904
1830,1617680
1831,1514960
1832,1354160
1833,1506096
1834,1655472
1835,2186144
1836,3525136
1837,1375168
1838,1409024
1839,2271664
1840,1405680
1841,2257792
1842,1436320
1843,2310288
1844,1445248
1845,2386464
1846,1459312
1847,2403040
1848,1653456
1849,2313760
1850,1534432
1851,1489296
1852,2126048
1853,1483312
1854,2006544
1855,1707760
1856,1684384
1857,1448928
1858,1424800
1859,2826896
1860,2243680
1861,1713600
1862,5101808
1863,993200
1864,1564544
1865,2424432
1866,2733696
1867,1660448
1868,1508608
1869,2193296
1870,1503392
1871,2271408
1872,1281120
1873,1506336
1874,1712208
1875,1572848
1876,2023728
1877,1509168
1878,3291072
1879,1569136
1880,1847984
1881,1474544
1882,1234688
1883,2542544
1884,2616896
1885,1554768
1886,2483264
1887,1341680
1888,1456080
1889,2267216
1890,1530096
1891,1684880
1892,1501264
1893,2355440
1894,1440608
1895,2193536
1896,1666512
1897,2292960
1898,4718960
1899,1397648
1900,2203040
1901,1735072
1902,2048144
1903,1511216
1904,2162320
1905,1432528
1906,1698624
1907,2184000
1908,1453264
1909,1785744
1910,1752512
1911,3286224
1912,1432624
1913,2743968
1914,2332720
1915,1469088
1916,1502640
1917,2323744
1918,1365424
1919,1532496
1920,1677984
1921,3660848
1922,2320768
1923,1366176
1924,1353520
1925,1808128
1926,1599040
1927,3324080
1928,1444624
1929,2275872
1930,1680864
1931,1400688
1932,1418960
1933,2282928
1934,1569472
1935,2547632
1936,1291360
1937,1311376
1938,1915920
1939,1422288
1940,2193536
1941,1671296
1942,2506720
1943,1505120
1944,2077488
1945,1490720
1946,2308592
1947,1550848
1948,2567344
1949,1526240
1950,2576384
1951,1583296
1952,2371056
1953,1465248
1954,1405968
1955,1563104
1956,1582448
1957,1824336
1958,1495552
1959,3176512
1960,1505808
1961,2549856
1962,1305792
1963,1548704
1964,1725664
1965,2054176
1966,1468256
1967,2258000
1968,1257184
1969,1304384
1970,1477280
1971,2533040
1972,1627456
1973,1494320
1974,1265760
1975,1470096
1976,1360080
1977,1350032
1978,1541600
1979,1395856
1980,2146400
1981,1367984
1982,1692768
1983,1478912
1984,2517472
1985,1536048
1986,2110656
1987,1507488
1988,2312928
1989,1417488
1990,1696384
1991,959056
1992,1514096
1993,1471680
1994,2346160
1995,1471984
1996,1601888
1997,1414976
1998,2075456
===CSV_END===
===VMSTAT_START===
procs -----------memory---------- ---swap-- -----io---- -system-- ------cpu-----
 r  b   swpd   free   buff  cache   si   so    bi    bo   in   cs us sy id wa st
 2  0      0 144056   3232  33204    0    0    24    14  301  185 70 26  4  0  0
 2  0      0 143996   3232  33204    0    0     0     0  993 1066 62 38  0  0  0
 4  0      0 143996   3232  33204    0    0     0     0  978 1095 59 41  0  0  0
 3  0      0 143996   3232  33204    0    0     0     0  993 1116 56 44  0  0  0
 3  0      0 143876   3240  33200    0    0     0   120  882  871 64 36  0  0  0
 2  0      0 143876   3240  33204    0    0     0     0  509   23 100  0  0  0  0
 4  0      0 143876   3240  33204    0    0     0     0  504   14 100  0  0  0  0
===VMSTAT_END===
