========================================
Signal Sender Workload (Synchronized)
========================================
Initializing shared memory...
Waiting for speedometer to register...
Found speedometer in shared memory!
Sending START command to speedometer: START: 15;5;20

Running workload signal period for 15 seconds...

Workload signal period completed.
Sending STOP command to speedometer...
Waiting for statistics from speedometer...

Stress workload terminated.
===VMSTAT_START===
procs -----------memory---------- ---swap-- -----io---- -system-- ------cpu-----
 r  b   swpd   free   buff  cache   si   so    bi    bo   in   cs us sy id wa st
 8  0      0 137684   9624  35296    0    0    19    10  218  176 69 12 20  0  0
 8  0      0 137684   9624  35296    0    0     0     0  318  285 57  1 43  0  0
 8  0      0 137684   9624  35296    0    0     0     0  421  354 79  3 19  0  0
 8  0      0 137684   9624  35296    0    0     0    48  429  339 76  3 21  0  0
10  0      0 137684   9624  35296    0    0     0   124  421  346 75  3 23  0  0
 8  0      0 137684   9624  35296    0    0     0     0  398  342 73  2 26  0  0
 8  0      0 137684   9624  35296    0    0     0     0  425  361 79  1 20  0  0
 9  0      0 137684   9624  35296    0    0     0     0  427  352 78  3 19  0  0
 9  0      0 137684   9624  35296    0    0     0     0  412  334 75  1 23  0  0
 8  0      0 137684   9624  35296    0    0     0     0  393  332 72  2 26  0  0
 8  0      0 137684   9624  35296    0    0     0     0  413  345 75  2 23  0  0
 8  0      0 137684   9624  35296    0    0     0     0  410  341 74  2 24  0  0
 8  0      0 137684   9624  35296    0    0     0     0  417  350 76  3 22  0  0
 8  0      0 137684   9624  35296    0    0     0     0  428  375 76  3 21  0  0
 8  0      0 137684   9624  35296    0    0     0     0  441  382 81  2 17  0  0
 8  0      0 137684   9624  35296    0    0     0     0  394  340 70  4 26  0  0
 8  0      0 137684   9624  35296    0    0     0     0  530  370 90  9  1  0  0
===VMSTAT_END===
========== SPEEDOMETER RT APPLICATION RESULTS ==========
Test Configuration:
Period: 50.000 ms
Deadline: 5.000 ms
RT Priority: 99 (SCHED_FIFO)
Execution Statistics:
Total cycles: 298
Deadline misses: 0 (0.000%)
Execution Time (μs):
Mean: 267.822
Min: 127.760
Max: 1281.872
50th percentile: 184.832
95th percentile: 1101.440
99th percentile: 1215.728
99.9th percentile: 1281.872
Jitter (μs):
Mean: 1818.953
Min: 862.656
Max: 4561.184
Response Time (μs):
Mean: 2086.775
Min: 1049.888
Max: 4752.640
50th percentile: 2122.800
95th percentile: 3394.752
99th percentile: 4102.000
99.9th percentile: 4752.640
========================================================
[  755.254252] SDK:handler_do_el0_svc_pre: syscall __NR_futex (98) is not allowed
[  755.548772] SDK:handler_do_el0_svc_pre: syscall __NR_munmap (215) is not allowed
[  755.558766] SDK:handler_do_el0_svc_pre: syscall __NR_wait4 (260) is not allowed
[  755.569095] SDK:handler_do_el0_svc_pre: syscall __NR_munmap (215) is not allowed
[  755.579714] SDK:handler_do_el0_svc_pre: syscall __NR_rt_sigprocmask (135) is not allowed
[  755.589705] SDK:handler_do_el0_svc_pre: syscall __NR_futex (98) is not allowed
[  755.600792] SDK:handler_do_el0_svc_pre: syscall __NR_futex (98) is not allowed
[  755.610308] SDK:handler_do_el0_svc_pre: syscall __NR_exit (93) is not allowed
[  755.630190] SDK:handler_do_el0_svc_pre: syscall __NR_munmap (215) is not allowed
===VMSTAT_START===
procs -----------memory---------- ---swap-- -----io---- -system-- ------cpu-----
r  b   swpd   free   buff  cache   si   so    bi    bo   in   cs us sy id wa st
0  0      0  68428    512   9820    0    0     0     0   67   52  1  6 93  0  0
0  0      0  68428    512   9820    0    0     0     0   43   58  1  1 98  0  0
1  0      0  68428    512   9820    0    0     0     0   52   59  0  2 98  0  0
0  0      0  68428    512   9820    0    0     0     0   52   63  0  2 98  0  0
0  0      0  68428    512   9820    0    0     0     0   50   60  1  1 98  0  0
0  0      0  68428    512   9820    0    0     0     0   48   60  1  1 98  0  0
0  0      0  68428    512   9820    0    0     0     0   50   56  0  2 98  0  0
0  0      0  68428    512   9820    0    0     0     0   52   58  1  2 98  0  0
0  0      0  68428    512   9820    0    0     0     0   51   57  1  2 98  0  0
0  0      0  68428    512   9820    0    0     0     0   57   63  1  1 98  0  0
0  0      0  68428    512   9820    0    0     0     0   46   58  0  1 99  0  0
0  0      0  68428    512   9820    0    0     0     0   46   55  0  1 98  0  0
0  0      0  68428    512   9820    0    0     0     0   53   59  1  2 98  0  0
0  0      0  68428    512   9820    0    0     0     0   49   60  1  2 98  0  0
0  0      0  68428    512   9820    0    0     0     0   46   57  1  1 98  0  0
0  0      0  68428    512   9820    0    0     0     0  143   40  1  8 92  0  0
===VMSTAT_END===
===CSV_START===
cycle,timestamp_s,execution_time_us,jitter_us,response_time_us,deadline_miss
1,0.051171,143.792,1170.656,1314.448,0
2,0.102031,249.024,2031.008,2280.032,0
3,0.151902,234.400,1902.320,2136.720,0
4,0.202198,285.936,2198.000,2483.936,0
5,0.251049,159.040,1048.880,1207.920,0
6,0.301019,129.568,1019.456,1149.024,0
7,0.351862,257.520,1861.568,2119.088,0
8,0.401879,1115.040,1878.592,2993.632,0
9,0.452034,129.984,2033.728,2163.712,0
10,0.501028,129.232,1028.192,1157.424,0
11,0.551025,167.904,1024.640,1192.544,0
12,0.601026,186.000,1026.336,1212.336,0
13,0.651047,170.928,1046.608,1217.536,0
14,0.702050,169.024,2050.416,2219.440,0
15,0.752044,184.416,2044.112,2228.528,0
16,0.801167,191.264,1167.008,1358.272,0
17,0.852102,169.104,2101.936,2271.040,0
18,0.901188,169.936,1188.048,1357.984,0
19,0.951973,130.512,1972.656,2103.168,0
20,1.002109,174.656,2108.560,2283.216,0
21,1.051053,161.728,1052.688,1214.416,0
22,1.103799,206.672,3799.392,4006.064,0
23,1.151911,233.088,1910.912,2144.000,0
24,1.202066,171.760,2065.776,2237.536,0
25,1.251185,167.520,1184.912,1352.432,0
26,1.301259,210.688,1258.576,1469.264,0
27,1.351837,246.816,1837.184,2084.000,0
28,1.403009,216.416,3008.752,3225.168,0
29,1.451863,264.320,1862.640,2126.960,0
30,1.503064,171.744,3064.000,3235.744,0
31,1.551012,128.976,1011.968,1140.944,0
32,1.602150,191.552,2149.728,2341.280,0
33,1.650939,130.208,939.264,1069.472,0
34,1.702011,200.896,2011.344,2212.240,0
35,1.751862,201.216,1862.480,2063.696,0
36,1.801957,972.128,1957.088,2929.216,0
37,1.851871,214.832,1871.136,2085.968,0
38,1.901861,798.528,1861.072,2659.600,0
39,1.951315,167.984,1314.704,1482.688,0
40,2.001989,201.904,1988.672,2190.576,0
41,2.051494,170.592,1493.968,1664.560,0
42,2.101006,130.512,1005.920,1136.432,0
43,2.151894,271.328,1893.824,2165.152,0
44,2.201034,273.392,1034.352,1307.744,0
45,2.251336,139.920,1336.304,1476.224,0
46,2.301902,1132.576,1902.032,3034.608,0
47,2.352020,166.256,2020.064,2186.320,0
48,2.400959,219.120,958.608,1177.728,0
49,2.451961,133.312,1961.136,2094.448,0
50,2.503790,233.360,3790.368,4023.728,0
51,2.552005,129.728,2004.896,2134.624,0
52,2.601963,224.144,1963.280,2187.424,0
53,2.651306,178.384,1306.384,1484.768,0
54,2.701892,1215.728,1891.968,3107.696,0
55,2.751849,227.664,1848.848,2076.512,0
56,2.803252,131.328,3251.520,3382.848,0
57,2.851034,155.088,1033.872,1188.960,0
58,2.902060,201.584,2060.400,2261.984,0
59,2.951006,154.688,1006.176,1160.864,0
60,3.001964,1101.440,1963.776,3065.216,0
61,3.052006,199.968,2005.584,2205.552,0
62,3.102012,186.272,2012.160,2198.432,0
63,3.151029,131.248,1028.576,1159.824,0
64,3.200874,202.960,873.808,1076.768,0
65,3.251217,155.520,1217.264,1372.784,0
66,3.302047,157.264,2047.472,2204.736,0
67,3.351897,293.200,1896.512,2189.712,0
68,3.401005,130.016,1005.248,1135.264,0
69,3.451971,131.120,1971.344,2102.464,0
70,3.502176,175.456,2176.464,2351.920,0
71,3.551062,179.424,1061.696,1241.120,0
72,3.601283,223.536,1283.280,1506.816,0
73,3.654561,191.456,4561.184,4752.640,0
74,3.703209,176.656,3209.104,3385.760,0
75,3.751232,259.424,1232.048,1491.472,0
76,3.802008,143.232,2008.208,2151.440,0
77,3.852035,184.848,2035.216,2220.064,0
78,3.901013,204.448,1012.608,1217.056,0
79,3.952434,180.096,2434.064,2614.160,0
80,4.002544,145.248,2544.240,2689.488,0
81,4.052048,168.160,2048.400,2216.560,0
82,4.101048,184.784,1048.464,1233.248,0
83,4.151035,154.032,1035.232,1189.264,0
84,4.202040,162.240,2040.448,2202.688,0
85,4.251037,184.384,1037.120,1221.504,0
86,4.301008,129.408,1007.712,1137.120,0
87,4.351039,178.848,1039.408,1218.256,0
88,4.401004,129.344,1004.480,1133.824,0
89,4.452031,176.640,2030.848,2207.488,0
90,4.500972,140.096,971.520,1111.616,0
91,4.551997,145.232,1997.296,2142.528,0
92,4.602165,167.280,2165.328,2332.608,0
93,4.651952,158.224,1951.968,2110.192,0
94,4.702039,1176.144,2039.472,3215.616,0
95,4.751865,225.632,1865.232,2090.864,0
96,4.802030,270.592,2030.032,2300.624,0
97,4.851864,241.680,1863.664,2105.344,0
98,4.902043,1086.320,2043.344,3129.664,0
99,4.951843,226.432,1843.104,2069.536,0
100,5.002171,217.792,2171.248,2389.040,0
101,5.051896,227.856,1895.856,2123.712,0
102,5.103836,205.808,3836.416,4042.224,0
103,5.151845,245.408,1845.488,2090.896,0
104,5.202062,189.136,2061.952,2251.088,0
105,5.251843,259.120,1843.296,2102.416,0
106,5.302208,131.088,2208.336,2339.424,0
107,5.351878,225.232,1878.400,2103.632,0
108,5.402210,186.960,2210.240,2397.200,0
109,5.451028,156.368,1028.112,1184.480,0
110,5.501880,1039.744,1879.776,2919.520,0
111,5.551872,195.536,1872.464,2068.000,0
112,5.603280,129.856,3280.144,3410.000,0
113,5.651033,163.920,1032.624,1196.544,0
114,5.701935,869.056,1934.672,2803.728,0
115,5.751895,236.464,1895.264,2131.728,0
116,5.801945,1081.648,1945.488,3027.136,0
117,5.851892,231.968,1891.520,2123.488,0
118,5.902034,183.616,2033.552,2217.168,0
119,5.951970,153.056,1969.744,2122.800,0
120,6.002056,151.248,2056.416,2207.664,0
121,6.052181,157.360,2180.784,2338.144,0
122,6.101036,211.680,1036.016,1247.696,0
123,6.151866,263.168,1865.664,2128.832,0
124,6.202132,161.056,2131.936,2292.992,0
125,6.251878,233.728,1877.952,2111.680,0
126,6.302040,223.024,2040.256,2263.280,0
127,6.351869,253.248,1868.848,2122.096,0
128,6.401864,1281.872,1863.840,3145.712,0
129,6.451874,201.408,1874.064,2075.472,0
130,6.501152,223.424,1151.808,1375.232,0
131,6.552022,169.904,2021.664,2191.568,0
132,6.601988,187.440,1988.064,2175.504,0
133,6.651883,229.648,1883.200,2112.848,0
134,6.702211,189.248,2210.960,2400.208,0
135,6.751862,213.264,1862.144,2075.408,0
136,6.801860,1126.544,1859.616,2986.160,0
137,6.851869,255.712,1869.152,2124.864,0
138,6.903177,132.240,3176.560,3308.800,0
139,6.951044,156.112,1043.664,1199.776,0
140,7.002184,160.208,2183.888,2344.096,0
141,7.051863,235.776,1862.560,2098.336,0
142,7.102165,160.272,2164.944,2325.216,0
143,7.151055,158.032,1055.344,1213.376,0
144,7.201889,1090.304,1888.816,2979.120,0
145,7.251056,182.384,1056.176,1238.560,0
146,7.301864,791.472,1864.176,2655.648,0
147,7.351033,170.704,1032.896,1203.600,0
148,7.402138,160.320,2138.400,2298.720,0
149,7.450982,129.632,982.080,1111.712,0
150,7.501920,1152.224,1920.304,3072.528,0
151,7.551967,157.184,1967.472,2124.656,0
152,7.601882,1040.912,1881.648,2922.560,0
153,7.651919,161.728,1919.392,2081.120,0
154,7.701992,166.224,1992.496,2158.720,0
155,7.751866,238.768,1866.272,2105.040,0
156,7.802034,184.960,2034.480,2219.440,0
157,7.851839,212.752,1839.056,2051.808,0
158,7.902154,172.032,2153.712,2325.744,0
159,7.951858,256.192,1858.448,2114.640,0
160,8.001939,1198.816,1939.408,3138.224,0
161,8.051980,139.872,1980.080,2119.952,0
162,8.102189,184.832,2188.528,2373.360,0
163,8.151188,179.488,1187.504,1366.992,0
164,8.201027,194.624,1026.592,1221.216,0
165,8.251464,137.584,1464.496,1602.080,0
166,8.301996,262.688,1996.160,2258.848,0
167,8.351837,208.480,1836.624,2045.104,0
168,8.401881,1071.136,1881.392,2952.528,0
169,8.451861,257.424,1860.752,2118.176,0
170,8.502062,161.328,2061.616,2222.944,0
171,8.551193,154.528,1193.184,1347.712,0
172,8.602139,187.456,2138.816,2326.272,0
173,8.651026,129.760,1026.128,1155.888,0
174,8.701366,151.728,1365.808,1517.536,0
175,8.752035,203.504,2034.544,2238.048,0
176,8.803854,238.352,3854.208,4092.560,0
177,8.852020,167.200,2020.064,2187.264,0
178,8.901059,210.112,1058.624,1268.736,0
179,8.951813,201.200,1812.688,2013.888,0
180,9.002141,206.704,2140.544,2347.248,0
181,9.051532,354.832,1532.224,1887.056,0
182,9.104472,179.952,4472.272,4652.224,0
183,9.152029,133.408,2028.832,2162.240,0
184,9.202164,173.296,2164.096,2337.392,0
185,9.251294,187.760,1294.480,1482.240,0
186,9.301123,159.024,1122.528,1281.552,0
187,9.351286,149.024,1285.712,1434.736,0
188,9.401001,129.040,1000.960,1130.000,0
189,9.451884,229.824,1883.968,2113.792,0
190,9.503277,180.944,3277.312,3458.256,0
191,9.551901,177.056,1900.544,2077.600,0
192,9.603345,167.360,3345.344,3512.704,0
193,9.651876,191.360,1875.968,2067.328,0
194,9.703357,181.136,3356.960,3538.096,0
195,9.751883,191.024,1882.992,2074.016,0
196,9.802227,185.616,2226.928,2412.544,0
197,9.851031,158.976,1030.624,1189.600,0
198,9.901229,139.504,1228.928,1368.432,0
199,9.951851,255.360,1851.472,2106.832,0
200,10.002005,139.376,2004.672,2144.048,0
201,10.051967,156.320,1966.656,2122.976,0
202,10.102186,217.808,2185.728,2403.536,0
203,10.152137,134.288,2137.376,2271.664,0
204,10.201022,211.984,1021.984,1233.968,0
205,10.251889,234.784,1889.440,2124.224,0
206,10.301022,173.760,1022.336,1196.096,0
207,10.351869,209.008,1869.056,2078.064,0
208,10.401887,1209.920,1887.184,3097.104,0
209,10.451850,139.936,1849.792,1989.728,0
210,10.502023,155.696,2022.960,2178.656,0
211,10.551982,130.176,1981.616,2111.792,0
212,10.602904,281.024,2903.632,3184.656,0
213,10.651973,164.608,1972.928,2137.536,0
214,10.702147,203.792,2146.880,2350.672,0
215,10.751875,251.008,1874.944,2125.952,0
216,10.801949,1161.776,1948.944,3110.720,0
217,10.851897,243.360,1897.120,2140.480,0
218,10.901906,1113.424,1906.384,3019.808,0
219,10.951852,228.352,1852.192,2080.544,0
220,11.003213,143.536,3212.912,3356.448,0
221,11.051168,162.480,1168.016,1330.496,0
222,11.100982,138.896,982.256,1121.152,0
223,11.151052,165.568,1052.112,1217.680,0
224,11.201010,214.592,1009.744,1224.336,0
225,11.251069,150.432,1069.296,1219.728,0
226,11.302002,152.944,2002.080,2155.024,0
227,11.351854,236.400,1853.600,2090.000,0
228,11.401987,145.648,1986.944,2132.592,0
229,11.450968,132.672,968.368,1101.040,0
230,11.502034,1058.496,2034.048,3092.544,0
231,11.551974,163.616,1974.432,2138.048,0
232,11.601041,234.128,1041.392,1275.520,0
233,11.651979,158.320,1978.672,2136.992,0
234,11.702000,225.488,1999.696,2225.184,0
235,11.751842,212.112,1841.840,2053.952,0
236,11.802190,149.440,2190.016,2339.456,0
237,11.851824,218.288,1824.032,2042.320,0
238,11.902061,181.376,2060.960,2242.336,0
239,11.951303,128.464,1303.200,1431.664,0
240,12.001086,137.712,1085.824,1223.536,0
241,12.051855,249.648,1854.784,2104.432,0
242,12.101899,1176.704,1899.376,3076.080,0
243,12.152162,179.936,2161.520,2341.456,0
244,12.202158,246.784,2157.696,2404.480,0
245,12.251018,149.600,1017.712,1167.312,0
246,12.301033,187.360,1033.408,1220.768,0
247,12.351820,216.320,1820.000,2036.320,0
248,12.402017,184.832,2016.976,2201.808,0
249,12.452278,128.368,2277.792,2406.160,0
250,12.501062,153.168,1061.776,1214.944,0
251,12.552889,177.392,2889.024,3066.416,0
252,12.603346,153.440,3345.632,3499.072,0
253,12.651852,237.984,1852.224,2090.208,0
254,12.703447,138.608,3446.880,3585.488,0
255,12.751027,173.232,1027.024,1200.256,0
256,12.803280,132.448,3279.776,3412.224,0
257,12.851314,128.016,1314.112,1442.128,0
258,12.900976,141.456,975.776,1117.232,0
259,12.951257,127.760,1257.392,1385.152,0
260,13.000951,137.600,950.704,1088.304,0
261,13.051036,129.328,1036.064,1165.392,0
262,13.100883,224.816,882.576,1107.392,0
263,13.152037,140.944,2037.152,2178.096,0
264,13.203202,148.016,3201.520,3349.536,0
265,13.250987,138.736,987.200,1125.936,0
266,13.301031,179.936,1030.640,1210.576,0
267,13.351868,185.248,1868.208,2053.456,0
268,13.401885,1213.056,1885.104,3098.160,0
269,13.451860,236.528,1860.192,2096.720,0
270,13.502184,158.896,2183.712,2342.608,0
271,13.550881,291.648,881.376,1173.024,0
272,13.601026,246.576,1026.384,1272.960,0
273,13.652897,232.816,2896.800,3129.616,0
274,13.700885,226.416,884.880,1111.296,0
275,13.750967,130.768,967.344,1098.112,0
276,13.801292,175.952,1292.272,1468.224,0
277,13.852030,172.304,2029.552,2201.856,0
278,13.901067,194.720,1066.624,1261.344,0
279,13.951841,215.920,1841.120,2057.040,0
280,14.002012,168.672,2012.480,2181.152,0
281,14.051270,130.464,1269.824,1400.288,0
282,14.100863,187.232,862.656,1049.888,0
283,14.151862,229.360,1861.696,2091.056,0
284,14.203844,257.520,3844.480,4102.000,0
285,14.251865,201.392,1865.280,2066.672,0
286,14.300996,130.704,995.616,1126.320,0
287,14.350993,132.400,993.344,1125.744,0
288,14.401875,1236.928,1874.592,3111.520,0
289,14.451833,213.408,1832.688,2046.096,0
290,14.501987,197.408,1987.152,2184.560,0
291,14.551865,231.248,1864.960,2096.208,0
292,14.601958,1053.136,1958.096,3011.232,0
293,14.651865,220.848,1864.720,2085.568,0
294,14.702121,155.792,2121.296,2277.088,0
295,14.751814,197.392,1814.432,2011.824,0
296,14.802049,139.504,2048.816,2188.320,0
297,14.851841,204.992,1840.688,2045.680,0
298,14.903264,130.720,3264.032,3394.752,0
===CSV_END===
Statistics sent to li VM via shared memory
Run #29 completed. Waiting for next START command...
Waiting for START command from li VM...
