========================================
Speedometer RT Application (LI mode)
========================================

Configuring real-time environment...

Starting real-time loop (duration: 15s)...
Press Ctrl+C to stop early


========== SPEEDOMETER RT APPLICATION RESULTS ==========

Test Configuration:
  Period: 50.000 ms
  Deadline: 5.000 ms
  RT Priority: 99 (SCHED_FIFO)

Execution Statistics:
  Total cycles: 300
  Deadline misses: 2 (0.667%)

Execution Time (μs):
  Mean: 18.212
  Min: 10.592
  Max: 174.000
  50th percentile: 13.040
  95th percentile: 47.088
  99th percentile: 81.888
  99.9th percentile: 174.000

Jitter (μs):
  Mean: 1274.924
  Min: 990.944
  Max: 7645.280

Response Time (μs):
  Mean: 1293.136
  Min: 1004.128
  Max: 7657.296
  50th percentile: 1235.280
  95th percentile: 1523.056
  99th percentile: 1930.624
  99.9th percentile: 7657.296

========================================================
===CSV_START===
cycle,timestamp_s,execution_time_us,jitter_us,response_time_us,deadline_miss
1,0.051757,174.000,1756.624,1930.624,0
2,0.101103,12.864,1103.328,1116.192,0
3,0.151280,51.744,1279.520,1331.264,0
4,0.201238,11.056,1237.568,1248.624,0
5,0.251208,18.336,1208.448,1226.784,0
6,0.301107,12.848,1107.360,1120.208,0
7,0.351483,12.448,1483.088,1495.536,0
8,0.401087,33.184,1086.960,1120.144,0
9,0.451253,12.928,1253.408,1266.336,0
10,0.501359,13.104,1358.880,1371.984,0
11,0.551253,11.968,1252.624,1264.592,0
12,0.601212,20.736,1211.936,1232.672,0
13,0.651258,12.160,1257.936,1270.096,0
14,0.701145,13.360,1145.424,1158.784,0
15,0.751496,12.448,1495.952,1508.400,0
16,0.801218,12.192,1217.520,1229.712,0
17,0.851290,12.928,1289.984,1302.912,0
18,0.901153,13.184,1153.104,1166.288,0
19,0.951437,12.560,1436.992,1449.552,0
20,1.001133,13.200,1132.576,1145.776,0
21,1.051271,31.792,1270.880,1302.672,0
22,1.101124,21.824,1123.968,1145.792,0
23,1.151408,12.576,1408.368,1420.944,0
24,1.201130,13.232,1129.584,1142.816,0
25,1.251378,11.696,1378.416,1390.112,0
26,1.301102,14.896,1102.032,1116.928,0
27,1.351364,12.976,1364.368,1377.344,0
28,1.401027,12.768,1027.296,1040.064,0
29,1.451284,33.872,1283.824,1317.696,0
30,1.501008,13.680,1008.032,1021.712,0
31,1.551517,13.056,1516.592,1529.648,0
32,1.601153,12.528,1153.264,1165.792,0
33,1.651236,12.496,1236.128,1248.624,0
34,1.701040,39.920,1040.416,1080.336,0
35,1.751335,12.816,1334.848,1347.664,0
36,1.801293,49.248,1293.456,1342.704,0
37,1.851224,11.936,1223.552,1235.488,0
38,1.901144,10.736,1143.504,1154.240,0
39,1.951444,10.592,1443.936,1454.528,0
40,2.001032,19.696,1031.904,1051.600,0
41,2.051145,12.560,1145.248,1157.808,0
42,2.101091,31.728,1090.896,1122.624,0
43,2.151222,11.856,1221.856,1233.712,0
44,2.201161,11.968,1161.184,1173.152,0
45,2.251335,13.136,1335.440,1348.576,0
46,2.301156,13.136,1155.760,1168.896,0
47,2.351320,14.080,1319.872,1333.952,0
48,2.401236,13.136,1236.400,1249.536,0
49,2.451253,13.184,1252.896,1266.080,0
50,2.501111,13.824,1111.392,1125.216,0
51,2.551249,12.208,1249.152,1261.360,0
52,2.601135,12.624,1135.280,1147.904,0
53,2.651356,38.320,1356.112,1394.432,0
54,2.701045,32.976,1045.168,1078.144,0
55,2.751390,12.096,1389.536,1401.632,0
56,2.801045,12.896,1045.136,1058.032,0
57,2.851381,12.784,1381.312,1394.096,0
58,2.901073,12.928,1072.896,1085.824,0
59,2.951386,12.800,1385.504,1398.304,0
60,3.001057,12.864,1057.136,1070.000,0
61,3.051377,12.448,1376.736,1389.184,0
62,3.101276,14.944,1275.904,1290.848,0
63,3.151239,12.928,1238.560,1251.488,0
64,3.201126,12.640,1126.368,1139.008,0
65,3.251240,13.136,1239.808,1252.944,0
66,3.301176,14.128,1176.304,1190.432,0
67,3.351208,13.424,1208.112,1221.536,0
68,3.401102,19.328,1102.416,1121.744,0
69,3.451279,12.976,1278.960,1291.936,0
70,3.501119,15.216,1119.280,1134.496,0
71,3.551216,12.928,1215.920,1228.848,0
72,3.601045,12.240,1044.752,1056.992,0
73,3.651508,12.592,1507.840,1520.432,0
74,3.701151,12.816,1150.768,1163.584,0
75,3.751292,13.456,1292.048,1305.504,0
76,3.801277,12.432,1276.688,1289.120,0
77,3.851441,13.968,1440.528,1454.496,0
78,3.901133,12.544,1133.232,1145.776,0
79,3.951233,11.312,1232.928,1244.240,0
80,4.001090,36.368,1089.840,1126.208,0
81,4.051287,67.568,1286.976,1354.544,0
82,4.101088,20.672,1088.192,1108.864,0
83,4.151271,11.456,1271.040,1282.496,0
84,4.201020,73.456,1019.936,1093.392,0
85,4.251249,11.344,1249.184,1260.528,0
86,4.301092,18.912,1091.872,1110.784,0
87,4.351396,11.808,1396.208,1408.016,0
88,4.401082,11.936,1081.904,1093.840,0
89,4.451315,11.488,1314.928,1326.416,0
90,4.501171,12.976,1171.264,1184.240,0
91,4.551385,12.160,1385.264,1397.424,0
92,4.601039,12.752,1039.440,1052.192,0
93,4.651381,13.008,1381.472,1394.480,0
94,4.701092,15.088,1091.936,1107.024,0
95,4.751264,13.232,1264.016,1277.248,0
96,4.801251,12.448,1250.960,1263.408,0
97,4.851325,12.720,1325.248,1337.968,0
98,4.901072,12.176,1071.552,1083.728,0
99,4.951273,11.888,1272.656,1284.544,0
100,5.001156,13.168,1156.336,1169.504,0
101,5.051452,12.752,1452.032,1464.784,0
102,5.107566,35.904,7565.936,7601.840,1
103,5.151444,12.784,1443.552,1456.336,0
104,5.201055,11.776,1054.544,1066.320,0
105,5.251400,12.064,1399.824,1411.888,0
106,5.301194,11.376,1193.648,1205.024,0
107,5.351280,11.472,1279.984,1291.456,0
108,5.401098,15.040,1098.304,1113.344,0
109,5.451355,14.352,1354.864,1369.216,0
110,5.500991,13.184,990.944,1004.128,0
111,5.551417,14.352,1416.544,1430.896,0
112,5.601042,15.648,1042.176,1057.824,0
113,5.651346,13.632,1346.000,1359.632,0
114,5.701252,14.016,1252.288,1266.304,0
115,5.751161,13.264,1160.864,1174.128,0
116,5.801125,13.248,1124.848,1138.096,0
117,5.851318,13.808,1317.824,1331.632,0
118,5.901094,33.296,1093.568,1126.864,0
119,5.951277,12.704,1277.408,1290.112,0
120,6.001010,11.664,1009.728,1021.392,0
121,6.051351,11.552,1351.104,1362.656,0
122,6.101244,11.856,1244.400,1256.256,0
123,6.151328,13.056,1327.552,1340.608,0
124,6.201100,36.912,1100.400,1137.312,0
125,6.251213,12.288,1212.784,1225.072,0
126,6.301097,44.064,1096.848,1140.912,0
127,6.351206,13.136,1206.256,1219.392,0
128,6.401042,12.784,1042.384,1055.168,0
129,6.451655,12.448,1654.864,1667.312,0
130,6.501155,13.584,1155.184,1168.768,0
131,6.551323,12.784,1323.184,1335.968,0
132,6.601150,13.040,1149.712,1162.752,0
133,6.651269,12.912,1268.688,1281.600,0
134,6.701029,21.456,1028.608,1050.064,0
135,6.751478,12.816,1478.400,1491.216,0
136,6.801222,13.696,1221.584,1235.280,0
137,6.851429,13.232,1429.216,1442.448,0
138,6.901111,13.680,1111.360,1125.040,0
139,6.951291,33.888,1291.280,1325.168,0
140,7.001166,13.488,1165.808,1179.296,0
141,7.051207,12.400,1207.104,1219.504,0
142,7.101085,32.224,1084.768,1116.992,0
143,7.151347,13.504,1347.424,1360.928,0
144,7.201024,12.336,1024.256,1036.592,0
145,7.251348,23.984,1347.728,1371.712,0
146,7.301090,15.296,1090.384,1105.680,0
147,7.351160,13.488,1159.824,1173.312,0
148,7.401097,12.912,1097.248,1110.160,0
149,7.451185,12.592,1184.752,1197.344,0
150,7.501046,13.392,1046.272,1059.664,0
151,7.551475,13.728,1475.360,1489.088,0
152,7.601207,13.008,1206.848,1219.856,0
153,7.651219,13.968,1218.768,1232.736,0
154,7.701136,13.792,1136.240,1150.032,0
155,7.751325,13.696,1324.608,1338.304,0
156,7.801023,14.400,1023.104,1037.504,0
157,7.851362,12.144,1362.048,1374.192,0
158,7.901082,16.000,1082.400,1098.400,0
159,7.951361,13.120,1360.608,1373.728,0
160,8.001086,31.360,1085.616,1116.976,0
161,8.051209,11.888,1208.608,1220.496,0
162,8.101166,11.280,1166.480,1177.760,0
163,8.151169,12.160,1169.072,1181.232,0
164,8.201076,18.512,1076.320,1094.832,0
165,8.251286,40.928,1285.776,1326.704,0
166,8.301104,14.160,1104.480,1118.640,0
167,8.351267,11.856,1266.656,1278.512,0
168,8.401215,19.536,1215.472,1235.008,0
169,8.451117,11.920,1116.752,1128.672,0
170,8.501127,13.168,1126.656,1139.824,0
171,8.551382,11.632,1381.616,1393.248,0
172,8.601061,13.696,1060.752,1074.448,0
173,8.651267,12.256,1266.704,1278.960,0
174,8.701185,14.176,1184.800,1198.976,0
175,8.751614,12.736,1614.048,1626.784,0
176,8.801100,14.144,1100.288,1114.432,0
177,8.851257,11.792,1256.960,1268.752,0
178,8.901167,12.496,1167.392,1179.888,0
179,8.951661,11.920,1660.544,1672.464,0
180,9.001077,13.200,1077.184,1090.384,0
181,9.051395,13.120,1395.280,1408.400,0
182,9.101128,12.912,1128.096,1141.008,0
183,9.151263,12.592,1263.184,1275.776,0
184,9.201168,11.904,1167.920,1179.824,0
185,9.251234,11.936,1234.432,1246.368,0
186,9.301129,12.448,1128.912,1141.360,0
187,9.351191,12.288,1190.976,1203.264,0
188,9.401045,12.768,1044.848,1057.616,0
189,9.451380,12.592,1380.336,1392.928,0
190,9.501047,14.880,1047.424,1062.304,0
191,9.551226,13.152,1226.160,1239.312,0
192,9.601150,13.712,1149.504,1163.216,0
193,9.651353,12.768,1353.024,1365.792,0
194,9.701092,20.672,1092.240,1112.912,0
195,9.751368,12.288,1367.600,1379.888,0
196,9.801031,14.688,1030.976,1045.664,0
197,9.851271,81.888,1270.720,1352.608,0
198,9.901091,14.720,1090.896,1105.616,0
199,9.951285,52.560,1285.056,1337.616,0
200,10.001046,13.392,1045.680,1059.072,0
201,10.051574,29.920,1573.744,1603.664,0
202,10.101028,11.664,1028.160,1039.824,0
203,10.151519,12.832,1518.656,1531.488,0
204,10.201037,39.808,1037.104,1076.912,0
205,10.251290,33.936,1290.448,1324.384,0
206,10.301025,65.248,1025.472,1090.720,0
207,10.351369,12.000,1368.736,1380.736,0
208,10.401103,21.296,1103.344,1124.640,0
209,10.451511,12.480,1510.576,1523.056,0
210,10.501215,12.976,1215.264,1228.240,0
211,10.551521,12.400,1520.640,1533.040,0
212,10.601243,13.232,1243.456,1256.688,0
213,10.651289,47.296,1288.976,1336.272,0
214,10.701257,14.128,1257.152,1271.280,0
215,10.751420,13.952,1420.304,1434.256,0
216,10.801041,21.376,1041.280,1062.656,0
217,10.851405,18.736,1404.944,1423.680,0
218,10.901137,15.520,1137.056,1152.576,0
219,10.951378,12.928,1378.272,1391.200,0
220,11.001161,13.360,1160.656,1174.016,0
221,11.051220,12.608,1219.744,1232.352,0
222,11.101244,12.720,1243.888,1256.608,0
223,11.151616,13.360,1615.680,1629.040,0
224,11.201062,11.248,1061.728,1072.976,0
225,11.251178,11.264,1177.888,1189.152,0
226,11.301080,13.248,1080.112,1093.360,0
227,11.351443,11.456,1442.976,1454.432,0
228,11.401011,12.144,1010.816,1022.960,0
229,11.451335,14.096,1334.864,1348.960,0
230,11.501096,19.248,1095.840,1115.088,0
231,11.551424,13.104,1423.552,1436.656,0
232,11.601133,33.296,1133.472,1166.768,0
233,11.651451,12.400,1451.424,1463.824,0
234,11.701140,13.392,1140.240,1153.632,0
235,11.751292,34.688,1291.680,1326.368,0
236,11.801091,31.728,1091.248,1122.976,0
237,11.851442,13.984,1442.400,1456.384,0
238,11.901152,13.472,1151.936,1165.408,0
239,11.951340,14.256,1340.208,1354.464,0
240,12.001009,126.432,1009.440,1135.872,0
241,12.051309,11.776,1309.344,1321.120,0
242,12.101105,29.264,1104.768,1134.032,0
243,12.157645,12.016,7645.280,7657.296,1
244,12.201053,11.344,1052.672,1064.016,0
245,12.251257,11.488,1256.752,1268.240,0
246,12.301084,10.992,1084.112,1095.104,0
247,12.351333,11.216,1332.512,1343.728,0
248,12.401057,60.112,1057.296,1117.408,0
249,12.451257,11.584,1256.720,1268.304,0
250,12.501059,12.192,1059.488,1071.680,0
251,12.551515,14.528,1514.976,1529.504,0
252,12.601337,11.712,1337.152,1348.864,0
253,12.651328,11.216,1328.080,1339.296,0
254,12.701230,12.048,1229.904,1241.952,0
255,12.751503,12.064,1502.672,1514.736,0
256,12.801148,12.544,1148.224,1160.768,0
257,12.851464,11.552,1464.144,1475.696,0
258,12.901435,13.728,1435.184,1448.912,0
259,12.951700,58.176,1700.080,1758.256,0
260,13.001161,13.680,1161.440,1175.120,0
261,13.051388,13.344,1387.680,1401.024,0
262,13.101092,20.752,1091.824,1112.576,0
263,13.151343,31.280,1342.528,1373.808,0
264,13.201055,32.352,1055.328,1087.680,0
265,13.251352,12.016,1351.664,1363.680,0
266,13.301044,12.736,1044.304,1057.040,0
267,13.351371,11.328,1371.488,1382.816,0
268,13.401075,12.016,1074.752,1086.768,0
269,13.451383,11.920,1383.472,1395.392,0
270,13.501173,12.464,1173.136,1185.600,0
271,13.551414,13.248,1413.680,1426.928,0
272,13.601138,15.536,1137.920,1153.456,0
273,13.651270,12.176,1270.160,1282.336,0
274,13.701167,28.496,1166.768,1195.264,0
275,13.751353,12.256,1353.392,1365.648,0
276,13.801099,13.408,1098.592,1112.000,0
277,13.851292,33.200,1292.272,1325.472,0
278,13.901078,15.504,1078.160,1093.664,0
279,13.951408,12.640,1407.712,1420.352,0
280,14.001084,46.688,1084.400,1131.088,0
281,14.051335,13.024,1335.440,1348.464,0
282,14.101443,12.368,1442.640,1455.008,0
283,14.151319,12.624,1318.848,1331.472,0
284,14.201021,20.176,1021.040,1041.216,0
285,14.251256,11.920,1255.936,1267.856,0
286,14.301054,11.696,1054.352,1066.048,0
287,14.351447,11.424,1446.896,1458.320,0
288,14.401043,12.128,1043.184,1055.312,0
289,14.451281,12.048,1281.008,1293.056,0
290,14.501215,12.320,1214.656,1226.976,0
291,14.551288,47.088,1288.432,1335.520,0
292,14.601027,48.848,1026.784,1075.632,0
293,14.651230,18.400,1229.808,1248.208,0
294,14.701270,12.656,1269.616,1282.272,0
295,14.751200,12.848,1199.824,1212.672,0
296,14.801025,12.416,1025.376,1037.792,0
297,14.851251,12.912,1250.592,1263.504,0
298,14.901203,12.656,1203.488,1216.144,0
299,14.951705,53.216,1705.440,1758.656,0
300,15.001152,13.088,1151.696,1164.784,0
===CSV_END===

Speedometer (LI) completed.
===VMSTAT_START===
procs -----------memory---------- ---swap-- -----io---- -system-- ------cpu-----
 r  b   swpd   free   buff  cache   si   so    bi    bo   in   cs us sy id wa st
 4  0      0 115480   4092  33360    0    0    19    10  258  153 87 11  2  0  0
 5  0      0 115360   4092  33360    0    0     0     0  516  280 99  1  0  0  0
 4  0      0 115360   4092  33360    0    0     0     0  516  285 100  0  0  0  0
 4  0      0 115360   4092  33360    0    0     0     0  516  289 100  0  0  0  0
 4  0      0 115360   4100  33352    0    0     0   172  523  294 99  1  0  0  0
 5  0      0 115360   4100  33360    0    0     0     0  518  288 100  0  0  0  0
 4  0      0 115360   4100  33360    0    0     0     0  519  290 100  0  0  0  0
 4  0      0 115360   4100  33360    0    0     0     0  518  292 100  0  0  0  0
 4  0      0 115360   4100  33360    0    0     0     0  517  285 100  0  0  0  0
 4  0      0 115360   4100  33360    0    0     0     0  512  285 100  0  0  0  0
 4  0      0 115360   4100  33360    0    0     0     0  518  286 100  0  0  0  0
 4  0      0 115360   4100  33360    0    0     0     0  516  290 100  0  0  0  0
 5  0      0 115360   4100  33360    0    0     0     0  514  282 100  0  0  0  0
 4  0      0 115360   4100  33360    0    0     0     0  516  286 100  0  0  0  0
 4  0      0 115360   4100  33360    0    0     0     0  517  286 100  0  0  0  0
 5  0      0 115240   4100  33360    0    0     0     0  537  327 90 10  0  0  0
 4  0      0 121356   4100  33360    0    0     0     0  547  287 90 10  0  0  0
===VMSTAT_END===
