========================================
SHM Ping-Pong Client
Scenario 2 - EB corbos Linux Evaluation
========================================
Messages:       2000
Message size:   64 B
Poll interval:  100 us
Echo timeout:   10 ms

Waiting for shm_echo to register (UUID: b2c3d4e5-f6a7-8901-bcde-f12345678901)...
Found shm_echo!


========== SHM PING-PONG RESULTS ==========
Messages sent:    2000
Messages lost:    2 (0.100%)
RTL (us):
  Mean:   2031.152    Std dev: 857.488
  Min:      57.136    Max:     10479.216
  P50:    1727.056    P95:     3430.400
  P99:    5525.408    P99.9:   9631.072
Throughput: 492 msg/s
============================================
===CSV_START===
Seq,RTT_ns
1,10479216
2,1817696
3,1667408
4,1582992
5,1320272
6,1726864
7,1545552
8,1488992
9,1685024
10,1619232
11,9460368
12,3906320
13,1495232
14,2551152
15,1466224
16,2480016
17,8240896
18,1518128
19,1644688
20,1746736
21,2528624
22,1802800
23,2420144
24,8191040
25,1484080
26,2359040
27,1583152
28,2162096
29,1596144
30,2552208
31,1353664
32,6815680
33,1511744
34,2570592
35,1501872
36,2635440
37,1396672
38,1714288
39,1581456
40,1486784
41,2042912
42,1370096
43,1545584
44,1470464
45,1340752
46,1749376
47,8443136
48,3021728
49,1520160
50,1368896
51,1599232
52,4040784
53,1434832
54,2544096
55,1625984
56,1686128
57,1490976
58,1553728
59,1203936
60,8617712
61,1758688
62,1990768
63,1430640
64,2389952
65,1505744
66,2070080
67,1357888
68,1474288
69,1706480
70,1318832
71,2546320
72,3590208
73,8545632
74,1445472
75,2129184
76,1577712
77,2405104
78,1463648
79,2318464
80,1467264
81,2520544
82,9004832
83,1729824
84,1627472
85,1537824
86,2661568
87,1535232
88,1796304
89,2859504
90,1551968
91,4940960
92,1466352
93,1658304
94,1662032
95,2007584
96,1488272
97,6803344
98,1414928
99,2262160
100,1470832
101,1506000
102,3010400
103,2426768
104,1730176
105,6097040
106,1568384
107,2470928
108,4005616
109,1554928
110,1828848
111,1560000
112,1306288
113,5705216
114,1786944
115,1549664
116,1474880
117,1652800
118,9631072
119,1470688
120,2573744
121,1352016
122,1770160
123,1658528
124,1360512
125,5812160
126,3364960
127,4521600
128,1728704
129,2031952
130,1524480
131,3595184
132,3189648
133,1611600
134,1591776
135,2352368
136,7546528
137,2580496
138,4057248
139,1790608
140,1642864
141,1673264
142,2474160
143,4385008
144,1673728
145,1748608
146,4534112
147,1527104
148,1823184
149,1604992
150,1371200
151,1823168
152,1829888
153,6024000
154,1795888
155,1805120
156,1528592
157,2858032
158,3888560
159,1829584
160,1712128
161,1635616
162,1363664
163,5525408
164,1809744
165,1659952
166,1516624
167,2399008
168,1622704
169,2742192
170,1691200
171,2326048
172,1642368
173,2220768
174,1439360
175,3106688
176,3679152
177,1580192
178,2490400
179,1696256
180,1937328
181,1603488
182,2540448
183,1769952
184,1797824
185,1570080
186,2513056
187,1411488
188,1438080
189,2763056
190,2464720
191,4188864
192,3520160
193,1485104
194,2486208
195,1382400
196,1411600
197,1827936
198,1615568
199,1539664
200,1443856
201,1644720
202,2761808
203,2485040
204,1563136
205,2503280
206,1349024
207,2617568
208,1819728
209,1734912
210,1432704
211,3366336
212,1570912
213,1683504
214,1430368
215,1304080
216,1736832
217,3840528
218,3956144
219,1235440
220,1453200
221,2600464
222,2371856
223,1808176
224,2330832
225,1772288
226,57136
227,1994096
228,1539616
229,2650448
230,1302096
231,2564192
232,1547024
233,2333296
234,1787104
235,2379296
236,1794608
237,1956144
238,1481584
239,2542480
240,1419760
241,2529040
242,1851088
243,2271008
244,1395248
245,1881072
246,1420256
247,1306224
248,1830832
249,1367872
250,2497936
251,1517904
252,2574160
253,1555488
254,2311280
255,1472320
256,2734976
257,1396592
258,2587888
259,1538816
260,2041840
261,1573952
262,2492624
263,1477024
264,1920000
265,1676880
266,1500112
267,1842192
268,1704192
269,1514336
270,1528928
271,1380640
272,1839712
273,1638528
274,1727072
275,1405520
276,2473072
277,1488320
278,1464544
279,2183728
280,1253808
281,1452064
282,1439456
283,1675888
284,2570480
285,2751440
286,1471552
287,2444496
288,1735376
289,1863856
290,1508464
291,1348512
292,2512816
293,1275552
294,1856800
295,1349168
296,2521312
297,1623472
298,2568272
299,1760592
300,1655856
301,3020112
302,2433360
303,1576048
304,2110016
305,2858336
306,1460960
307,2574320
308,1819440
309,2420816
310,1440160
311,2566752
312,1981616
313,1599904
314,1446976
315,1265040
316,1788384
317,1499392
318,2510320
319,1508416
320,1631792
321,1566192
322,1324224
323,1568960
324,1749248
325,2610608
326,1638352
327,1569264
328,1495552
329,1372512
330,1565168
331,1590448
332,2486480
333,1469312
334,1598784
335,1476592
336,1598496
337,1737056
338,1470080
339,2427280
340,1507616
341,2803760
342,1578896
343,1612960
344,1661456
345,1347152
346,1021920
347,1355168
348,1515152
349,1798928
350,1538624
351,1917760
352,1683952
353,2479792
354,1979216
355,1986864
356,3995360
357,1480560
358,2473920
359,1521184
360,2522688
361,1429888
362,2547680
363,1619120
364,2372960
365,1423904
366,2535072
367,1522736
368,2489600
369,1603856
370,2726096
371,1626864
372,1811488
373,3902256
374,1486096
375,1425232
376,2350256
377,1492176
378,1638320
379,1752480
380,1606368
381,1645792
382,1236720
383,1658720
384,1371248
385,2447360
386,4492240
387,1530976
388,1546336
389,1660544
390,1256720
391,1593488
392,3397296
393,1494208
394,1425504
395,2243584
396,1350224
397,1976080
398,4023616
399,1432864
400,2217056
401,1809312
402,2301488
403,1492992
404,2294640
405,3429712
406,1934432
407,1491392
408,1216272
409,1642912
410,2212000
411,2769056
412,1699360
413,1470640
414,1720752
415,1603168
416,1511440
417,2439440
418,1588768
419,3499408
420,1602320
421,1513152
422,3115968
423,1640112
424,1471616
425,1472944
426,1465728
427,1717136
428,1458112
429,2223744
430,1744288
431,1303168
432,2493936
433,2201392
434,1498224
435,2589472
436,4180608
437,1614752
438,2495104
439,1681744
440,1543184
441,1611984
442,1495488
443,1117680
444,4435056
445,1788672
446,2060048
447,1717536
448,1748624
449,1684944
450,2500080
451,1488000
452,2360768
453,1567872
454,2654160
455,1636272
456,2522096
457,1578656
458,2450640
459,1675696
460,1990336
461,1539488
462,2653072
463,1373632
464,2398512
465,1946784
466,2167504
467,2296960
468,3209408
469,2724608
470,1670384
471,1718640
472,1708240
473,2693456
474,1506304
475,2549376
476,1623424
477,1857632
478,1633600
479,2634144
480,1532512
481,2661248
482,1418800
483,2381952
484,2001056
485,1551680
486,1688752
487,2646752
488,1539984
489,2901552
490,1422976
491,2130672
492,1456160
493,2507568
494,1457904
495,2365712
496,1524304
497,2649248
498,1545632
499,2416016
500,1669392
501,1817088
502,1590352
503,2662000
504,1536384
505,2869584
506,1465712
507,1748816
508,1791296
509,2827072
510,1654464
511,1797904
512,1588432
513,2579744
514,1510992
515,2712224
516,1629088
517,2583104
518,1401680
519,2640176
520,1581760
521,1624592
522,1789264
523,2627184
524,1602176
525,2193968
526,1820224
527,2526832
528,1538880
529,1912560
530,1504816
531,2342192
532,1515792
533,1705456
534,1561104
535,1329328
536,2657056
537,2369712
538,1565408
539,1383648
540,2497536
541,2615728
542,1667712
543,2711376
544,1477664
545,1926800
546,1528448
547,2449488
548,1516544
549,1462592
550,2595968
551,1565984
552,1541440
553,1498592
554,2428048
555,2331648
556,1638352
557,2839120
558,1653744
559,2289472
560,1355888
561,2870608
562,1456768
563,2197568
564,1690464
565,2574832
566,1485760
567,2523920
568,1541392
569,2010944
570,1692704
571,2833200
572,1699232
573,1658672
574,1585264
575,1364192
576,2713648
577,2791728
578,3920048
579,1669440
580,2061136
581,1672752
582,2580704
583,1566736
584,1860064
585,1630464
586,1514176
587,1677264
588,2345872
589,1810864
590,2322800
591,1547152
592,2369968
593,3876784
594,1695504
595,2330960
596,1442416
597,2308416
598,1559952
599,1509072
600,940480
601,1530896
602,1416080
603,2524800
604,2397072
605,1544784
606,1487360
607,2513824
608,1516112
609,1696848
610,2450544
611,1716400
612,2502416
613,1476496
614,1834384
615,1623696
616,2371232
617,3084848
618,2329728
619,1457312
620,1875344
621,1524736
622,1643568
623,1651888
624,2652832
625,1560272
626,2664960
627,1458432
628,2644112
629,1525520
630,2485168
631,1959504
632,2033984
633,1533520
634,1913440
635,1675776
636,1364192
637,2460272
638,1537344
639,2889600
640,2382640
641,1632832
642,2531392
643,1774928
644,1798304
645,1525264
646,1391616
647,2420144
648,2668224
649,1548784
650,2575424
651,1487872
652,2506608
653,1559840
654,2494048
655,2128480
656,1913840
657,1583008
658,2147680
659,1742528
660,2438976
661,1544208
662,2886272
663,1593376
664,1812592
665,1584736
666,2237856
667,1625712
668,3005664
669,1986848
670,1806864
671,1602688
672,2044288
673,1659360
674,2056704
675,1615616
676,2285280
677,3087856
678,3856480
679,1607968
680,2682080
681,1453216
682,2542080
683,1439280
684,2436272
685,3960800
686,1687136
687,1903520
688,1508256
689,1503552
690,2494832
691,2616656
692,1679504
693,2672512
694,1613504
695,2139792
696,1447392
697,2441184
698,1599552
699,2611776
700,1533168
701,2594704
702,1698800
703,1883504
704,1564992
705,2346384
706,1770752
707,2429600
708,1663888
709,1791280
710,1660976
711,2724240
712,1721232
713,1826496
714,1658400
715,1497920
716,2488128
717,2666400
718,1625552
719,2514944
720,3888320
721,1545200
722,2329712
723,1523184
724,1333328
725,2774576
726,2582288
727,1572224
728,2388416
729,1633600
730,2693408
731,1645984
732,1786032
733,1712352
734,2013760
735,1722768
736,2225408
737,4040256
738,1544624
739,2729760
740,1603264
741,1713968
742,1803504
743,2436608
744,1728912
745,2677696
746,1653552
747,1833152
748,1578160
749,2817600
750,3838416
751,1481328
752,2678912
753,1483424
754,2361696
755,4173840
756,1581952
757,2354656
758,1487552
759,1974608
760,3061200
761,2728048
762,2459632
763,1529824
764,2672576
765,1506512
766,2329552
767,1485120
768,2687136
769,1473440
770,2384176
771,1425296
772,2752960
773,1418368
774,1904768
775,2179744
776,3130096
777,1640560
778,2405408
779,2737920
780,1612928
781,2570112
782,4135648
783,1650848
784,1753648
785,1536368
786,1477440
787,2673328
788,2850128
789,1457584
790,2578128
791,1478480
792,2277072
793,1430656
794,2539200
795,1503808
796,2707664
797,1715616
798,2042912
799,1565888
800,1936592
801,1393104
802,1469440
803,1869408
804,1475552
805,1857872
806,1369248
807,1648096
808,2659456
809,2672400
810,1649184
811,2444848
812,3470576
813,2397440
814,1830896
815,1556176
816,1694784
817,2960896
818,1840144
819,2033968
820,1989936
821,1511632
822,2509376
823,1644080
824,1792944
825,1569968
826,1472896
827,1565136
828,1604672
829,2016672
830,4130864
831,1503520
832,2598544
833,1536368
834,1773440
835,4882496
836,1638416
837,1931968
838,1537248
839,2499136
840,1639216
841,2468144
842,1697008
843,1710832
844,1500288
845,2835808
846,1376032
847,1339840
848,2308336
849,1632752
850,2479120
851,1566048
852,2635296
853,2388976
854,1490272
855,2425264
856,1601968
857,2548432
858,1599008
859,2239184
860,1626928
861,2376768
862,1421408
863,1504080
864,2675680
865,2860448
866,1749856
867,1710496
868,1361840
869,1616784
870,2631792
871,2371184
872,1587712
873,1409104
874,934128
875,1674960
876,2603392
877,3989552
878,1501984
879,2463776
880,1426560
881,2316224
882,1760160
883,2486816
884,1532288
885,2437088
886,1535760
887,2650464
888,1813104
889,1956240
890,1460304
891,2721872
892,1567552
893,1916912
894,1545136
895,2564272
896,1451088
897,2668400
898,1686928
899,2295296
900,1735280
901,2605264
902,1645904
903,1950336
904,2046480
905,1666848
906,1616096
907,1382016
908,2619936
909,2497760
910,1471168
911,2738224
912,1496000
913,2294816
914,1487360
915,2646160
916,1486320
917,1390896
918,2220624
919,2537728
920,1917616
921,2530688
922,1803696
923,1782688
924,1724112
925,2412192
926,3501440
927,1824000
928,2630960
929,1473760
930,2368928
931,1808384
932,1820928
933,1716496
934,2607760
935,4199392
936,1785376
937,1627952
938,1686800
939,2909200
940,1848448
941,1849024
942,1604992
943,2375936
944,1663104
945,2309856
946,1679024
947,2512976
948,1721072
949,2223760
950,4022704
951,1391472
952,2616656
953,1712864
954,2336960
955,1781472
956,1630848
957,1597328
958,2300816
959,1667520
960,2582080
961,1477936
962,2289056
963,1744528
964,2575568
965,1567696
966,2442880
967,1560240
968,2418560
969,1799456
970,2342240
971,1607968
972,1893456
973,1643616
974,2644752
975,1627680
976,2765104
977,1865520
978,1765824
979,1622336
980,2307824
981,1665424
982,1855936
983,1635696
984,2505632
985,1687216
986,2582064
987,1699200
988,1814224
989,1583328
990,1384752
991,1956832
992,1593760
993,1901440
994,1626848
995,2372976
996,1639232
997,2369216
998,1685072
999,2124960
1000,6815216
1001,2945232
1002,1971088
1003,1657456
1004,2718208
1005,1637008
1006,2080880
1007,1614960
1008,2663072
1009,1741648
1010,1780752
1011,1622000
1012,1432512
1013,2473936
1014,2479216
1015,1680032
1016,2663760
1017,3344272
1018,1728112
1019,2257232
1020,1558384
1021,1624384
1022,2851792
1023,1854608
1024,1682736
1025,2752720
1026,1719216
1027,1998224
1028,1784496
1029,2780944
1030,2396208
1031,2550608
1032,2990704
1033,1537360
1034,1899504
1035,1686496
1036,1389840
1037,1404336
1038,1450784
1039,2907136
1040,1623120
1041,1671264
1042,1555792
1043,2637568
1044,1523424
1045,2581568
1046,1369712
1047,2338784
1048,1513744
1049,2280816
1050,1669520
1051,2257504
1052,1745968
1053,2283152
1054,1394576
1055,1518288
1056,1606240
1057,2547888
1058,1915792
1059,1532432
1060,1714032
1061,1439936
1062,1753264
1063,1476688
1064,1789008
1065,3065504
1066,2547280
1067,1303296
1068,1905040
1069,1538512
1070,1705344
1071,1442976
1072,1369424
1073,1822544
1074,1307520
1075,2387664
1076,2737056
1077,1504144
1078,1406368
1079,1384256
1080,1311616
1081,3601104
1082,1641056
1083,1678432
1084,1783184
1085,1303968
1086,2818336
1087,1321744
1088,1501024
1089,1831504
1090,1497632
1091,1378672
1092,1375280
1093,1792000
1094,1571600
1095,3674768
1096,3588000
1097,4044768
1098,1363536
1099,4681856
1100,1374480
1101,3857488
1102,1655088
1103,1813616
1104,1756384
1105,1888000
1106,1633280
1107,1374256
1108,2529184
1109,1592528
1110,2254000
1111,1675840
1112,2521872
1113,2482656
1114,1437152
1115,1309648
1116,1664240
1117,1633072
1118,1717216
1119,1556160
1120,1370864
1121,2464288
1122,1587216
1123,2504320
1124,1305008
1125,1638256
1126,1574736
1127,2569296
1128,1436560
1129,2078896
1130,1484784
1131,2634672
1132,3271520
1133,1370864
1134,1517008
1135,1652320
1136,1460352
1137,1544160
1138,2333104
1139,1415856
1140,1666544
1141,1344112
1142,2228352
1143,1565488
1144,2623264
1145,1670624
1146,1501680
1147,1526992
1148,1393872
1149,1764160
1150,1460256
1151,2144592
1152,1716608
1153,1439472
1154,2930816
1155,2201248
1156,1552480
1157,2618192
1158,1637472
1159,2493312
1160,3680432
1161,1517072
1162,2443120
1163,1460544
1164,2931552
1165,1232976
1166,1923040
1167,1583600
1168,1494656
1169,2624032
1170,1281712
1171,2324368
1172,1702656
1173,3007952
1174,1790992
1175,1789392
1176,1270784
1177,2361328
1178,1415184
1179,1548896
1180,2906928
1181,2510816
1182,1482480
1183,2631312
1184,1175360
1185,1807152
1186,3557392
1187,1455696
1188,1206640
1189,1656224
1190,1600848
1191,1526224
1192,1501648
1193,1460272
1194,2399056
1195,1577520
1196,3545600
1197,1917712
1198,4135440
1199,1558336
1200,2603088
1201,1462992
1202,2209920
1203,1511536
1204,2320464
1205,1471088
1206,2488608
1207,1468672
1208,1385808
1209,1584176
1210,3023968
1211,2828256
1212,1777968
1213,2845872
1214,2193664
1215,1446768
1216,1794000
1217,1819616
1218,1568576
1219,1534544
1220,1333232
1221,1635520
1222,2304240
1223,1680768
1224,1296944
1225,1872144
1226,1781504
1227,1221696
1228,1977232
1229,1506272
1230,1635744
1231,1722192
1232,1412224
1233,2535056
1234,1458656
1235,2371584
1236,1327136
1237,2457744
1238,1478752
1239,2643968
1240,1458864
1241,3186288
1242,1849856
1243,1668928
1244,2367536
1245,1630480
1246,2560256
1247,1830592
1248,1668880
1249,1599216
1250,3175664
1251,1541312
1252,1692912
1253,1755056
1254,1706896
1255,1467056
1256,1485936
1257,2215008
1258,1262688
1259,2481072
1260,1836032
1261,1601584
1262,1364016
1263,1483504
1264,1361392
1265,1462096
1266,3288192
1267,1228608
1268,1737728
1269,1640448
1270,2237344
1271,1639392
1272,3185584
1273,1483072
1274,1497392
1275,1715568
1276,1546336
1277,1264784
1278,3235440
1279,1426624
1280,1589696
1281,1962240
1282,1639376
1283,1773680
1284,1479408
1285,1267184
1286,1891440
1287,1871856
1288,1874800
1289,1548752
1290,2401232
1291,1480064
1292,2167072
1293,2930624
1294,2587904
1295,1414512
1296,2590336
1297,1184320
1298,1541136
1299,1648752
1300,2137104
1301,1705664
1302,2293152
1303,1791872
1304,2555904
1305,1631984
1306,1617472
1307,1370736
1308,1358704
1309,1842032
1310,4336752
1311,1450496
1312,1803904
1313,1410064
1314,1274384
1315,2790688
1316,2623120
1317,1857312
1318,2148400
1319,1752240
1320,2444768
1321,4123104
1322,1506672
1323,2153936
1324,1570336
1325,2263168
1326,1434848
1327,1541936
1328,2086576
1329,1694736
1330,1738464
1331,1526096
1332,1717632
1333,1672112
1334,2637104
1335,1633200
1336,2106304
1337,1483632
1338,1585872
1339,2330880
1340,3597504
1341,1237488
1342,1610752
1343,1818336
1344,1418976
1345,1500128
1346,1274656
1347,3063216
1348,1802304
1349,1364512
1350,1310160
1351,1960128
1352,1636640
1353,2087968
1354,1597600
1355,2719024
1356,1556608
1357,2212768
1358,1313104
1359,2274672
1360,1268240
1361,1436928
1362,1899104
1363,1265424
1364,1852720
1365,2945968
1366,1701328
1367,2773088
1368,2395552
1369,4572592
1370,1828512
1371,2053616
1372,2100528
1373,1478528
1374,1393552
1375,3653232
1376,3393616
1377,1813744
1378,1679232
1379,2663856
1380,1537296
1381,2087360
1382,3128160
1383,2487248
1384,1374752
1385,2977376
1386,2354032
1387,1440352
1388,3188128
1389,1657184
1390,1999792
1391,1884544
1392,1782432
1393,1796512
1394,1452000
1395,3054256
1396,1990944
1397,1660352
1398,2356656
1399,1552112
1400,1983216
1401,1638368
1402,1891184
1403,1366144
1404,1822416
1405,2161952
1406,1393840
1407,1488448
1408,1641568
1409,1335312
1410,1753760
1411,1744704
1412,1984048
1413,1938608
1414,2231952
1415,1570992
1416,2002256
1417,1815792
1418,2491344
1419,1810016
1420,1710352
1421,1583360
1422,2028144
1423,1811056
1424,2443968
1425,1535488
1426,1415904
1427,2687056
1428,1369136
1429,2452112
1430,2405984
1431,1516448
1432,1467040
1433,2617024
1434,1377440
1435,2568256
1436,1338640
1437,2445936
1438,1540976
1439,1780816
1440,1709520
1441,2068496
1442,1558320
1443,1832736
1444,1678688
1445,2447328
1446,1734176
1447,2669776
1448,1242768
1449,2481520
1450,1560256
1451,1818240
1452,1490064
1453,1603264
1454,8025632
1455,2118208
1456,1526320
1457,2014896
1458,4899792
1459,1505024
1460,2357744
1461,3217216
1462,1734064
1463,1794032
1464,1683344
1465,1805904
1466,1493344
1467,1485424
1468,2382352
1469,1261040
1470,1696432
1471,2977344
1472,2157888
1473,1495728
1474,2020176
1475,1708864
1476,1398688
1477,1599696
1478,1302064
1479,2216592
1480,1450992
1481,2133696
1482,1618816
1483,1506176
1484,2995872
1485,3024752
1486,1874976
1487,1480800
1488,1452800
1489,1544320
1490,1485872
1491,3348640
1492,1382304
1493,1686800
1494,1693920
1495,2676208
1496,1826272
1497,2000720
1498,1756304
1499,1555856
1500,1712224
1501,1461632
1502,3430400
1503,1461936
1504,1562560
1505,1405296
1506,1808448
1507,1881936
1508,1549376
1509,1480896
1510,1839840
1511,1634256
1512,1619696
1513,2148688
1514,1608560
1515,1507344
1516,2011392
1517,1962288
1518,1439424
1519,1392256
1520,2703376
1521,1884224
1522,1613760
1523,1383792
1524,2397568
1525,1376064
1526,1636224
1527,1396224
1528,1468480
1529,2181248
1530,3057312
1531,5051328
1532,4703296
1533,2245216
1534,1566848
1535,2295024
1536,3947344
1537,1528656
1538,1357008
1539,1179344
1540,1699744
1541,1777200
1542,1701136
1543,1506368
1544,2130928
1545,2673152
1546,1823680
1547,2318704
1548,1588944
1549,1584656
1550,2516160
1551,1303424
1552,2121344
1553,2772032
1554,2921968
1555,2483440
1556,1521744
1557,2461392
1558,1847344
1559,2642944
1560,2287200
1561,1383824
1562,1429888
1563,2340224
1564,1550896
1565,2075616
1566,1535088
1567,1626656
1568,1407872
1569,1331184
1570,2971760
1571,1372240
1572,1624096
1573,2212832
1574,1438048
1575,1546544
1576,1663312
1577,2607184
1578,2498656
1579,2476464
1580,1626272
1581,2573968
1582,1660384
1583,2484784
1584,1559232
1585,2234352
1586,1758336
1587,2252512
1588,1455024
1589,2765776
1590,1598528
1591,1957152
1592,1501040
1593,1500496
1594,955280
1595,1553296
1596,1433776
1597,2563728
1598,2445840
1599,1687520
1600,2476016
1601,1717376
1602,2379760
1603,1676928
1604,2316496
1605,1964448
1606,1858016
1607,1393600
1608,2634880
1609,1564448
1610,2219264
1611,1711232
1612,2568528
1613,1456128
1614,2530960
1615,1595664
1616,2172208
1617,2390800
1618,4178160
1619,1918496
1620,1486688
1621,2053104
1622,3940768
1623,1604768
1624,2414864
1625,1715072
1626,2410080
1627,3872400
1628,1616848
1629,2033408
1630,1407552
1631,1686192
1632,1685296
1633,2315408
1634,3942880
1635,1518880
1636,2372880
1637,1381856
1638,2355984
1639,1420128
1640,3041552
1641,1640928
1642,2336544
1643,1854208
1644,2268368
1645,1617936
1646,1599104
1647,1763296
1648,1836240
1649,1682112
1650,1676976
1651,1527760
1652,1632688
1653,2315392
1654,1457360
1655,2176448
1656,1376832
1657,1385264
1658,1904528
1659,1634560
1660,1781040
1661,2852528
1662,992992
1663,1601536
1664,1723040
1665,3433728
1666,1511584
1667,1802880
1668,1359488
1669,1866976
1670,1444528
1671,1410768
1672,3067616
1673,1750368
1674,1732320
1675,1516592
1676,2746144
1677,1783440
1678,1314288
1679,1436944
1680,3998736
1681,1664128
1682,1571456
1683,1457056
1684,2634160
1685,2418864
1686,1624144
1687,2768544
1688,1460576
1689,2396272
1690,1908992
1691,1670160
1692,1700512
1693,2687056
1694,1602240
1695,2343632
1696,1389312
1697,2626704
1698,1643584
1699,1530720
1700,1339616
1701,1514752
1702,1923648
1703,1659280
1704,2341552
1705,1788608
1706,1682208
1707,1521840
1708,1477936
1709,2339248
1710,1417824
1711,2588800
1712,1425392
1713,2594000
1714,1511904
1715,4092192
1716,2038144
1717,1644912
1718,2491152
1719,1663280
1720,1939008
1721,1691632
1722,1460176
1723,1636448
1724,1384112
1725,2375280
1726,1460464
1727,2134928
1728,1458288
1729,1862576
1730,3609632
1731,1512368
1732,2635984
1733,1541904
1734,2614992
1735,1652896
1736,2032544
1737,1350512
1738,1592480
1739,2607280
1740,1410880
1741,2718032
1742,1757664
1743,1867360
1744,1517904
1745,2833760
1746,2490592
1747,3931072
1748,1420608
1749,2677328
1750,1475232
1751,2471072
1752,1474768
1753,2582592
1754,1365184
1755,2548944
1756,1401984
1757,2639936
1758,1425520
1759,1627424
1760,1607792
1761,1473216
1762,2386384
1763,1506288
1764,2124896
1765,1315760
1766,1370848
1767,1625984
1768,1424864
1769,2092768
1770,1395376
1771,1800384
1772,1183552
1773,1456832
1774,2526320
1775,2792208
1776,1251216
1777,1620272
1778,1145632
1779,4008816
1780,1416336
1781,1307504
1782,2711136
1783,2313264
1784,1616912
1785,1246032
1786,2006032
1787,1442528
1788,1994064
1789,1650304
1790,2380864
1791,1410336
1792,2192928
1793,1637712
1794,1361872
1795,3134416
1796,1732768
1797,1555712
1798,1320160
1799,1610128
1800,1407920
1801,2478000
1802,1564784
1803,2369664
1804,1400864
1805,2441904
1806,1620848
1807,1727056
1808,1356752
1809,1497264
1810,1527968
1811,1390848
1812,1365728
1813,2790608
1814,2534160
1815,1922976
1816,2246960
1817,1574112
1818,2319392
1819,1279952
1820,1442112
1821,1671968
1822,3581696
1823,1359120
1824,1281824
1825,3469632
1826,1863328
1827,1651008
1828,2490128
1829,1403232
1830,2470688
1831,2800816
1832,2404896
1833,1409200
1834,1768592
1835,1505440
1836,2166832
1837,1545408
1838,2322384
1839,1384368
1840,2498064
1841,1505440
1842,2200672
1843,1378672
1844,1650560
1845,2334192
1846,1514784
1847,2249904
1848,1589520
1849,2368080
1850,1221664
1851,1513888
1852,2278112
1853,2209072
1854,1533376
1855,2523216
1856,3688112
1857,1478752
1858,2374432
1859,1406240
1860,1321024
1861,1800064
1862,1751104
1863,1406240
1864,3053280
1865,3539600
1866,1528528
1867,1438000
1868,2512992
1869,4029920
1870,1590816
1871,2377184
1872,1520048
1873,2266384
1874,1545952
1875,1320048
1876,1654000
1877,1275584
1878,2650592
1879,1651600
1880,2448576
1881,1358384
1882,2029216
1883,1490272
1884,1491600
1885,1125184
1886,1405584
1887,1251440
1888,1886288
1889,1783920
1890,1808112
1891,2739712
1892,1028672
1893,1585248
1894,2763920
1895,4049648
1896,1452992
1897,1724992
1898,3118976
1899,2975808
1900,2499776
1901,1618976
1902,2460800
1903,1154208
1904,1271440
1905,1537984
1906,2016480
1907,2158176
1908,1755920
1909,1659248
1910,1357360
1911,1670832
1912,2166352
1913,1647424
1914,1920160
1915,3581168
1916,1484544
1917,2186880
1918,1793664
1919,2369552
1920,1286992
1921,2838272
1922,1449328
1923,2831184
1924,1507808
1925,2155840
1926,1858912
1927,1842864
1928,1503968
1929,2887792
1930,1388832
1931,2499264
1932,1969920
1933,1547104
1934,1765648
1935,7015056
1936,1645568
1937,2030128
1938,1628768
1939,2675648
1940,1631360
1941,1657472
1942,4221712
1943,1625568
1944,2722512
1945,1626464
1946,1914592
1947,1568096
1948,2581040
1949,1927072
1950,2310400
1951,1696992
1952,1616320
1953,1468464
1954,1550416
1955,3578560
1956,1735104
1957,1759616
1958,1696416
1959,1682352
1960,1443280
1961,2164304
1962,1499584
1963,1858576
1964,3626512
1965,1538976
1966,3159152
1967,1553776
1968,1674080
1969,3915232
1970,1438592
1971,1299872
1972,1832752
1973,1492384
1974,1716736
1975,1514400
1976,1493136
1977,1619344
1978,1445616
1979,2210592
1980,1326704
1981,1307264
1982,1699840
1983,1305712
1984,2546256
1985,1547024
1986,2304944
1987,1651104
1988,2130768
1989,1861056
1990,1899808
1991,1590400
1992,1515472
1993,2451888
1994,2703152
1995,1520096
1996,2148784
1997,1383536
1998,1396880
===CSV_END===
===VMSTAT_START===
procs -----------memory---------- ---swap-- -----io---- -system-- ------cpu-----
 r  b   swpd   free   buff  cache   si   so    bi    bo   in   cs us sy id wa st
 9  0      0 144036   3440  35248    0    0    84    14  268  245 52 28 20  0  0
 9  0      0 144036   3440  35252    0    0     0     0  967 1337 62 36  2  0  0
10  0      0 144036   3440  35252    0    0     0     0  942 1301 57 40  2  0  0
 9  0      0 144036   3448  35244    0    0     0   120  955 1375 70 23  7  0  0
 8  0      0 143912   3448  35252    0    0     0     0  764  995 60 22 18  0  0
 8  0      0 143912   3448  35252    0    0     0     0  319  281 55  3 42  0  0
 8  0      0 143912   3448  35252    0    0     0     0  347  292 60  3 38  0  0
===VMSTAT_END===
