========================================
Signal Sender Workload (Synchronized)
========================================
Initializing shared memory...
Waiting for speedometer to register...
Found speedometer in shared memory!
Sending START command to speedometer: START: 15;5;20

Running workload signal period for 15 seconds...

Workload signal period completed.
Sending STOP command to speedometer...
Waiting for statistics from speedometer...

Stress workload terminated.
===VMSTAT_START===
procs -----------memory---------- ---swap-- -----io---- -system-- ------cpu-----
 r  b   swpd   free   buff  cache   si   so    bi    bo   in   cs us sy id wa st
 8  0      0 104708  13976  35616    0    0    22    39  390  434 66 32  2  0  0
 8  0      0 104708  13976  35656    0    0     0     0  809  888 77 23  0  0  0
 8  0      0 104708  13976  35656    0    0     0     0  825  937 76 24  0  0  0
 9  0      0 104708  13976  35656    0    0     0     0  878 1038 70 30  0  0  0
 8  0      0 104708  13976  35656    0    0     0     0  829  956 73 27  0  0  0
 8  0      0 104708  13976  35656    0    0     0     0  832  952 75 25  0  0  0
 8  0      0 104708  13976  35656    0    0     0     0  851  993 73 27  0  0  0
 8  0      0 104708  13976  35656    0    0     0     0  835  987 75 25  0  0  0
 8  0      0 104708  13976  35656    0    0     0     0  809  917 76 24  0  0  0
 8  0      0 104708  13976  35656    0    0     0     0  814  914 73 27  0  0  0
 8  0      0 104708  13976  35656    0    0     0     0  789  861 77 23  0  0  0
 8  0      0 104708  13976  35656    0    0     0     0  806  915 75 25  0  0  0
 8  0      0 104708  13976  35656    0    0     0     0  831  971 77 23  0  0  0
 9  0      0 104708  13976  35656    0    0     0     0  823  922 77 23  0  0  0
 8  0      0 104708  13976  35656    0    0     0     0  838  961 75 25  0  0  0
 8  1      0 104708  13976  35656    0    0     0     0  739  785 66 34  0  0  0
 8  0      0 104708  13976  35656    0    0     0     0  630  439 43 57  0  0  0
===VMSTAT_END===
========== SPEEDOMETER RT APPLICATION RESULTS ==========
Test Configuration:
Period: 50.000 ms
Deadline: 5.000 ms
RT Priority: 99 (SCHED_FIFO)
Execution Statistics:
Total cycles: 299
Deadline misses: 0 (0.000%)
Execution Time (μs):
Mean: 199.525
Min: 135.088
Max: 1555.776
50th percentile: 173.808
95th percentile: 286.528
99th percentile: 1309.136
99.9th percentile: 1555.776
Jitter (μs):
Mean: 2288.763
Min: 1235.968
Max: 4235.904
Response Time (μs):
Mean: 2488.288
Min: 1376.000
Max: 4376.000
50th percentile: 2236.800
95th percentile: 3675.888
99th percentile: 4093.392
99.9th percentile: 4376.000
========================================================
===VMSTAT_START===
(no vmstat data captured)
===VMSTAT_END===
===CSV_START===
cycle,timestamp_s,execution_time_us,jitter_us,response_time_us,deadline_miss
1,0.052353,522.544,2352.992,2875.536,0
2,0.103010,149.296,3009.760,3159.056,0
3,0.152025,137.824,2025.360,2163.184,0
4,0.203888,192.096,3887.840,4079.936,0
5,0.252092,183.872,2091.712,2275.584,0
6,0.303324,261.216,3323.776,3584.992,0
7,0.352178,194.384,2178.336,2372.720,0
8,0.403573,183.168,3572.640,3755.808,0
9,0.451862,186.224,1862.496,2048.720,0
10,0.502213,194.704,2212.784,2407.488,0
11,0.551343,266.208,1343.424,1609.632,0
12,0.602305,140.640,2305.168,2445.808,0
13,0.652117,149.616,2117.184,2266.800,0
14,0.701394,269.440,1394.416,1663.856,0
15,0.751836,147.264,1835.840,1983.104,0
16,0.801995,178.080,1994.624,2172.704,0
17,0.852191,218.208,2191.168,2409.376,0
18,0.902853,201.152,2853.424,3054.576,0
19,0.952239,135.088,2238.544,2373.632,0
20,1.003038,159.872,3037.616,3197.488,0
21,1.051867,155.856,1866.528,2022.384,0
22,1.102044,188.688,2044.080,2232.768,0
23,1.151834,148.848,1833.632,1982.480,0
24,1.201984,213.344,1984.208,2197.552,0
25,1.252109,135.840,2108.512,2244.352,0
26,1.301329,248.608,1329.152,1577.760,0
27,1.351796,177.440,1796.032,1973.472,0
28,1.403481,195.168,3480.720,3675.888,0
29,1.451501,146.112,1501.184,1647.296,0
30,1.502417,173.584,2417.088,2590.672,0
31,1.551750,208.560,1749.952,1958.512,0
32,1.603158,172.736,3157.856,3330.592,0
33,1.652205,189.536,2205.168,2394.704,0
34,1.703388,220.128,3388.016,3608.144,0
35,1.751817,167.456,1816.976,1984.432,0
36,1.802019,139.776,2019.488,2159.264,0
37,1.851738,207.200,1738.448,1945.648,0
38,1.902486,235.152,2486.096,2721.248,0
39,1.951926,169.664,1926.000,2095.664,0
40,2.003396,323.664,3396.176,3719.840,0
41,2.052011,148.224,2011.248,2159.472,0
42,2.103264,137.952,3263.616,3401.568,0
43,2.151834,186.688,1834.240,2020.928,0
44,2.204236,140.096,4235.904,4376.000,0
45,2.251895,157.248,1894.896,2052.144,0
46,2.303116,172.704,3116.368,3289.072,0
47,2.352051,146.960,2050.608,2197.568,0
48,2.402896,170.528,2895.584,3066.112,0
49,2.451797,178.784,1796.752,1975.536,0
50,2.503456,164.224,3456.448,3620.672,0
51,2.551992,136.704,1991.600,2128.304,0
52,2.601951,182.320,1950.832,2133.152,0
53,2.652158,182.864,2158.192,2341.056,0
54,2.702375,214.336,2374.624,2588.960,0
55,2.751236,140.032,1235.968,1376.000,0
56,2.803026,195.584,3026.192,3221.776,0
57,2.851743,228.880,1743.168,1972.048,0
58,2.903259,136.032,3259.376,3395.408,0
59,2.951990,136.592,1990.192,2126.784,0
60,3.003479,151.504,3479.136,3630.640,0
61,3.051982,165.376,1981.824,2147.200,0
62,3.102998,138.656,2997.872,3136.528,0
63,3.151825,154.848,1825.376,1980.224,0
64,3.201965,146.256,1965.456,2111.712,0
65,3.252105,135.696,2105.184,2240.880,0
66,3.303078,186.288,3077.648,3263.936,0
67,3.351840,137.104,1839.696,1976.800,0
68,3.401999,151.776,1998.800,2150.576,0
69,3.452324,200.160,2323.776,2523.936,0
70,3.501970,187.024,1970.000,2157.024,0
71,3.551744,212.464,1743.760,1956.224,0
72,3.602345,264.560,2345.168,2609.728,0
73,3.651851,153.728,1850.896,2004.624,0
74,3.702295,147.488,2294.608,2442.096,0
75,3.752050,148.928,2049.968,2198.896,0
76,3.801971,193.696,1970.944,2164.640,0
77,3.852119,137.008,2118.960,2255.968,0
78,3.902065,216.448,2065.232,2281.680,0
79,3.951861,214.800,1861.152,2075.952,0
80,4.003090,149.712,3090.272,3239.984,0
81,4.052542,241.456,2541.792,2783.248,0
82,4.102373,236.992,2372.976,2609.968,0
83,4.152020,160.704,2019.536,2180.240,0
84,4.202028,176.688,2027.680,2204.368,0
85,4.251933,171.920,1933.472,2105.392,0
86,4.303556,329.968,3555.744,3885.712,0
87,4.351985,156.400,1984.944,2141.344,0
88,4.402343,207.200,2343.424,2550.624,0
89,4.451810,153.264,1809.792,1963.056,0
90,4.503156,155.792,3156.192,3311.984,0
91,4.552017,189.408,2016.912,2206.320,0
92,4.603193,177.184,3192.864,3370.048,0
93,4.652082,223.136,2082.384,2305.520,0
94,4.702022,209.344,2021.776,2231.120,0
95,4.751795,193.296,1795.056,1988.352,0
96,4.802943,152.864,2943.360,3096.224,0
97,4.852016,156.688,2015.600,2172.288,0
98,4.902025,189.312,2024.720,2214.032,0
99,4.951803,179.008,1803.168,1982.176,0
100,5.002045,195.408,2045.344,2240.752,0
101,5.051970,149.600,1969.600,2119.200,0
102,5.103173,202.272,3172.576,3374.848,0
103,5.151856,168.896,1855.760,2024.656,0
104,5.202028,187.392,2028.112,2215.504,0
105,5.251810,159.904,1810.496,1970.400,0
106,5.303103,190.528,3102.512,3293.040,0
107,5.352093,185.072,2093.248,2278.320,0
108,5.402000,248.800,2000.480,2249.280,0
109,5.452016,147.344,2016.320,2163.664,0
110,5.502794,217.024,2793.760,3010.784,0
111,5.552296,146.928,2295.888,2442.816,0
112,5.603142,385.312,3142.144,3527.456,0
113,5.652041,239.008,2041.472,2280.480,0
114,5.702009,190.656,2008.560,2199.216,0
115,5.751834,148.016,1833.744,1981.760,0
116,5.803110,138.144,3109.888,3248.032,0
117,5.851748,210.896,1747.808,1958.704,0
118,5.903152,168.528,3152.208,3320.736,0
119,5.952113,147.904,2113.056,2260.960,0
120,6.002002,145.504,2001.696,2147.200,0
121,6.051855,157.440,1855.008,2012.448,0
122,6.101572,217.312,1571.760,1789.072,0
123,6.152172,151.072,2172.048,2323.120,0
124,6.203770,193.856,3770.320,3964.176,0
125,6.251996,147.280,1996.400,2143.680,0
126,6.302029,220.928,2028.592,2249.520,0
127,6.351870,227.104,1869.824,2096.928,0
128,6.403270,233.888,3270.448,3504.336,0
129,6.451765,172.352,1764.640,1936.992,0
130,6.503113,204.512,3113.040,3317.552,0
131,6.552114,280.960,2113.792,2394.752,0
132,6.601812,1309.136,1812.112,3121.248,0
133,6.651739,456.496,1738.624,2195.120,0
134,6.702491,205.120,2490.672,2695.792,0
135,6.751773,169.536,1773.296,1942.832,0
136,6.803131,233.344,3131.440,3364.784,0
137,6.851723,173.248,1722.640,1895.888,0
138,6.901974,160.896,1974.288,2135.184,0
139,6.952230,183.584,2229.856,2413.440,0
140,7.002018,227.408,2018.128,2245.536,0
141,7.051726,229.856,1725.616,1955.472,0
142,7.101889,185.248,1888.512,2073.760,0
143,7.151953,162.128,1952.960,2115.088,0
144,7.201985,309.936,1985.024,2294.960,0
145,7.251773,154.880,1773.360,1928.240,0
146,7.302356,253.488,2355.968,2609.456,0
147,7.351933,155.904,1933.328,2089.232,0
148,7.402019,150.560,2019.120,2169.680,0
149,7.451739,158.240,1739.424,1897.664,0
150,7.502888,174.784,2887.760,3062.544,0
151,7.552096,180.192,2096.096,2276.288,0
152,7.601898,172.848,1897.920,2070.768,0
153,7.651918,151.488,1918.400,2069.888,0
154,7.703100,160.064,3100.160,3260.224,0
155,7.752102,212.736,2101.504,2314.240,0
156,7.802002,141.088,2001.664,2142.752,0
157,7.852286,304.432,2285.648,2590.080,0
158,7.903232,145.120,3231.584,3376.704,0
159,7.952040,136.272,2039.664,2175.936,0
160,8.003343,195.472,3342.944,3538.416,0
161,8.051787,159.280,1786.944,1946.224,0
162,8.102033,151.520,2032.656,2184.176,0
163,8.152296,249.264,2295.632,2544.896,0
164,8.203790,182.928,3790.448,3973.376,0
165,8.251950,148.464,1950.224,2098.688,0
166,8.303235,147.696,3234.544,3382.240,0
167,8.352053,157.392,2053.488,2210.880,0
168,8.403406,223.520,3405.952,3629.472,0
169,8.451969,139.888,1969.088,2108.976,0
170,8.501903,149.040,1903.296,2052.336,0
171,8.552292,255.728,2292.016,2547.744,0
172,8.603230,167.872,3229.616,3397.488,0
173,8.651780,143.712,1779.872,1923.584,0
174,8.702288,149.456,2287.888,2437.344,0
175,8.751865,190.000,1864.928,2054.928,0
176,8.803105,178.368,3104.896,3283.264,0
177,8.851998,156.624,1998.288,2154.912,0
178,8.902970,149.280,2970.048,3119.328,0
179,8.952016,138.528,2015.696,2154.224,0
180,9.002264,138.800,2264.336,2403.136,0
181,9.051900,301.184,1899.616,2200.800,0
182,9.101896,233.184,1896.016,2129.200,0
183,9.151968,207.552,1967.520,2175.072,0
184,9.201987,234.368,1986.928,2221.296,0
185,9.251884,175.680,1883.840,2059.520,0
186,9.303377,234.224,3377.024,3611.248,0
187,9.352171,137.040,2170.944,2307.984,0
188,9.401842,1327.856,1841.920,3169.776,0
189,9.451991,168.688,1990.784,2159.472,0
190,9.501819,776.816,1818.560,2595.376,0
191,9.551843,136.304,1843.056,1979.360,0
192,9.602902,198.720,2902.240,3100.960,0
193,9.651731,171.792,1730.752,1902.544,0
194,9.702350,214.544,2350.048,2564.592,0
195,9.752228,138.768,2228.240,2367.008,0
196,9.802017,202.288,2017.216,2219.504,0
197,9.852115,149.264,2115.040,2264.304,0
198,9.901881,273.312,1881.056,2154.368,0
199,9.951794,136.560,1793.760,1930.320,0
200,10.003555,191.984,3555.072,3747.056,0
201,10.052217,148.864,2216.768,2365.632,0
202,10.101987,153.776,1986.832,2140.608,0
203,10.151898,175.520,1897.936,2073.456,0
204,10.202433,150.192,2433.232,2583.424,0
205,10.252192,176.576,2191.920,2368.496,0
206,10.303533,139.888,3532.800,3672.688,0
207,10.351794,139.200,1794.016,1933.216,0
208,10.403114,173.248,3113.584,3286.832,0
209,10.451760,203.200,1760.288,1963.488,0
210,10.503130,164.144,3129.760,3293.904,0
211,10.552071,139.360,2071.168,2210.528,0
212,10.601292,147.152,1291.728,1438.880,0
213,10.651894,174.816,1894.128,2068.944,0
214,10.703238,160.320,3237.728,3398.048,0
215,10.752036,150.880,2035.552,2186.432,0
216,10.801475,229.808,1474.688,1704.496,0
217,10.851887,171.536,1886.992,2058.528,0
218,10.903400,203.456,3399.904,3603.360,0
219,10.951970,159.408,1969.952,2129.360,0
220,11.001945,168.080,1945.072,2113.152,0
221,11.052175,172.416,2174.832,2347.248,0
222,11.103544,238.352,3543.520,3781.872,0
223,11.152112,173.136,2111.808,2284.944,0
224,11.203082,171.968,3081.808,3253.776,0
225,11.252028,286.528,2028.416,2314.944,0
226,11.303147,217.376,3146.640,3364.016,0
227,11.351283,177.136,1283.056,1460.192,0
228,11.402070,179.648,2070.192,2249.840,0
229,11.452055,168.272,2055.216,2223.488,0
230,11.501287,211.392,1286.800,1498.192,0
231,11.552179,189.936,2179.040,2368.976,0
232,11.603554,181.312,3554.096,3735.408,0
233,11.651785,182.544,1785.488,1968.032,0
234,11.703626,169.648,3626.064,3795.712,0
235,11.751779,138.192,1779.424,1917.616,0
236,11.802027,219.440,2026.752,2246.192,0
237,11.851840,146.480,1840.224,1986.704,0
238,11.901848,1555.776,1847.952,3403.728,0
239,11.951834,194.816,1834.288,2029.104,0
240,12.003219,251.920,3218.512,3470.432,0
241,12.051838,136.528,1837.776,1974.304,0
242,12.103034,136.304,3033.712,3170.016,0
243,12.152030,135.776,2029.664,2165.440,0
244,12.201954,157.632,1954.176,2111.808,0
245,12.252315,267.792,2315.440,2583.232,0
246,12.304043,148.112,4042.800,4190.912,0
247,12.351584,203.168,1584.032,1787.200,0
248,12.403018,178.880,3018.096,3196.976,0
249,12.451900,240.304,1900.352,2140.656,0
250,12.501926,174.864,1925.520,2100.384,0
251,12.552158,136.640,2158.288,2294.928,0
252,12.602043,183.632,2043.344,2226.976,0
253,12.652198,208.432,2198.000,2406.432,0
254,12.701994,146.784,1994.304,2141.088,0
255,12.751998,138.176,1997.536,2135.712,0
256,12.802055,284.480,2055.200,2339.680,0
257,12.851837,146.384,1837.472,1983.856,0
258,12.901988,174.160,1988.096,2162.256,0
259,12.951970,155.856,1970.192,2126.048,0
260,13.003115,137.600,3115.056,3252.656,0
261,13.052167,169.056,2167.120,2336.176,0
262,13.101960,163.168,1960.272,2123.440,0
263,13.151732,281.392,1732.096,2013.488,0
264,13.203513,157.888,3513.328,3671.216,0
265,13.252316,298.240,2316.320,2614.560,0
266,13.301874,261.712,1874.272,2135.984,0
267,13.351890,235.232,1890.368,2125.600,0
268,13.402041,195.904,2040.896,2236.800,0
269,13.452256,155.040,2255.536,2410.576,0
270,13.501981,289.328,1980.912,2270.240,0
271,13.552003,211.632,2002.656,2214.288,0
272,13.602975,138.096,2975.152,3113.248,0
273,13.651773,150.992,1772.928,1923.920,0
274,13.702762,163.296,2761.616,2924.912,0
275,13.751995,170.272,1995.440,2165.712,0
276,13.802051,152.320,2050.544,2202.864,0
277,13.851998,157.296,1998.336,2155.632,0
278,13.902502,173.808,2501.664,2675.472,0
279,13.951889,175.200,1889.152,2064.352,0
280,14.003000,228.288,3000.448,3228.736,0
281,14.052043,237.680,2043.104,2280.784,0
282,14.103025,163.088,3024.880,3187.968,0
283,14.152195,186.176,2194.512,2380.688,0
284,14.203838,154.768,3837.664,3992.432,0
285,14.251804,167.136,1804.160,1971.296,0
286,14.302483,160.064,2483.216,2643.280,0
287,14.351990,150.512,1989.696,2140.208,0
288,14.403906,187.552,3905.840,4093.392,0
289,14.451809,147.632,1808.656,1956.288,0
290,14.501973,185.648,1973.360,2159.008,0
291,14.552111,138.608,2110.896,2249.504,0
292,14.601860,181.808,1859.936,2041.744,0
293,14.651967,199.312,1967.040,2166.352,0
294,14.703370,219.216,3369.824,3589.040,0
295,14.752048,223.024,2047.648,2270.672,0
296,14.802988,152.720,2988.304,3141.024,0
297,14.852002,137.648,2001.776,2139.424,0
298,14.901981,171.856,1981.136,2152.992,0
299,14.952067,198.256,2067.024,2265.280,0
===CSV_END===
Run #14 completed. Waiting for next START command...
Waiting for START command from li VM...
