========================================
Signal Sender Workload (Synchronized)
========================================
Initializing shared memory...
Waiting for speedometer to register...
Found speedometer in shared memory!
Sending START command to speedometer: START: 15;5;20

Running workload signal period for 15 seconds...

Workload signal period completed.
Sending STOP command to speedometer...
Waiting for statistics from speedometer...

Stress workload terminated.
===VMSTAT_START===
procs -----------memory---------- ---swap-- -----io---- -system-- ------cpu-----
 r  b   swpd   free   buff  cache   si   so    bi    bo   in   cs us sy id wa st
 5  0      0 134780  15452  33364    0    0    70    47  530  665 12 78  5  5  0
 4  0      0 134660  15452  33392    0    0     0     0 1222 1618  6 90  1  3  0
 4  0      0 134660  15452  33392    0    0     0     0 1226 1644  6 90  1  4  0
 2  0      0 134660  15452  33392    0    0     0     0 1234 1632  7 88  2  3  0
 5  0      0 134660  15452  33392    0    0     0     0 1241 1672  6 90  1  3  0
 4  0      0 134660  15452  33392    0    0     0     0 1223 1675  5 91  1  3  0
 4  0      0 134660  15452  33392    0    0     0     0 1229 1687  7 88  1  4  0
 5  0      0 134660  15452  33392    0    0     0     0 1218 1630  7 88  1  3  0
 5  0      0 134660  15452  33392    0    0     0     0 1228 1635  7 90  1  3  0
 5  0      0 134660  15452  33392    0    0     0     0 1245 1730  8 88  1  4  0
 4  1      0 134660  15452  33392    0    0     0     0 1226 1693  5 90  1  4  0
 6  0      0 134660  15452  33392    0    0     0     0 1204 1651  6 88  2  4  0
 4  0      0 134660  15452  33392    0    0     0     0 1229 1652  5 91  1  3  0
 5  0      0 134660  15452  33392    0    0     0     0 1203 1636  6 90  1  4  0
 5  0      0 134660  15452  33392    0    0     0     0 1209 1632  7 88  2  3  0
 6  0      0 134660  15452  33392    0    0     0     0 1170 1514  7 87  1  4  0
 3  1      0 134660  15452  33392    0    0     0     0  856  971  4 83  1 12  0
===VMSTAT_END===
========== SPEEDOMETER RT APPLICATION RESULTS ==========
Test Configuration:
Period: 50.000 ms
Deadline: 5.000 ms
RT Priority: 99 (SCHED_FIFO)
Execution Statistics:
Total cycles: 298
Deadline misses: 4 (1.342%)
Execution Time (μs):
Mean: 325.152
Min: 155.968
Max: 1867.600
50th percentile: 234.144
95th percentile: 1422.288
99th percentile: 1752.032
99.9th percentile: 1867.600
Jitter (μs):
Mean: 2614.389
Min: 1576.368
Max: 5129.856
Response Time (μs):
Mean: 2939.541
Min: 1755.792
Max: 5446.320
50th percentile: 3024.192
95th percentile: 4529.440
99th percentile: 5071.520
99.9th percentile: 5446.320
========================================================
[  227.993191] SDK:handler_do_el0_svc_pre: syscall __NR_futex (98) is not allowed
[  228.352965] SDK:handler_do_el0_svc_pre: syscall __NR_munmap (215) is not allowed
[  228.364349] SDK:handler_do_el0_svc_pre: syscall __NR_wait4 (260) is not allowed
[  228.373879] SDK:handler_do_el0_svc_pre: syscall __NR_munmap (215) is not allowed
[  228.384170] SDK:handler_do_el0_svc_pre: syscall __NR_rt_sigprocmask (135) is not allowed
[  228.394256] SDK:handler_do_el0_svc_pre: syscall __NR_futex (98) is not allowed
[  228.403709] SDK:handler_do_el0_svc_pre: syscall __NR_exit (93) is not allowed
[  228.407093] SDK:handler_do_el0_svc_pre: syscall __NR_futex (98) is not allowed
[  228.419452] SDK:handler_do_el0_svc_pre: syscall __NR_munmap (215) is not allowed
===VMSTAT_START===
procs -----------memory---------- ---swap-- -----io---- -system-- ------cpu-----
r  b   swpd   free   buff  cache   si   so    bi    bo   in   cs us sy id wa st
0  0      0  68536    512   9824    0    0     0     0   63   68  0  5 94  1  0
0  0      0  68508    512   9824    0    0     0     0   48   52  1  2 98  0  0
0  0      0  68508    512   9824    0    0     0     0   50   61  0  2 98  0  0
0  0      0  68508    512   9824    0    0     0     0   48   54  1  2 98  0  0
0  0      0  68508    512   9824    0    0     0     0   57   67  1  2 97  0  0
0  0      0  68508    512   9824    0    0     0     0   48   52  1  2 97  0  0
0  0      0  68508    512   9824    0    0     0     0   52   64  0  2 98  0  0
0  0      0  68508    512   9824    0    0     0     0   50   52  0  2 98  0  0
1  0      0  68508    512   9824    0    0     0     0   60   64  1  2 97  0  0
0  0      0  68508    512   9824    0    0     0     0   52   57  1  2 98  0  0
0  0      0  68508    512   9824    0    0     0     0   52   56  0  2 98  0  0
0  0      0  68508    512   9824    0    0     0     0   58   56  1  2 97  0  0
1  0      0  68508    512   9824    0    0     0     0   55   61  0  3 97  0  0
0  0      0  68508    512   9824    0    0     0     0   51   57  0  2 98  0  0
0  0      0  68508    512   9824    0    0     0     0   50   58  1  2 97  0  0
0  0      0  68508    512   9824    0    0     0     0  143   40  1  9 91  0  0
===VMSTAT_END===
===CSV_START===
cycle,timestamp_s,execution_time_us,jitter_us,response_time_us,deadline_miss
1,0.052045,200.064,2045.296,2245.360,0
2,0.102634,240.848,2633.744,2874.592,0
3,0.152814,292.000,2813.904,3105.904,0
4,0.203228,381.440,3227.904,3609.344,0
5,0.254457,212.208,4456.992,4669.200,0
6,0.301736,191.728,1736.416,1928.144,0
7,0.352504,228.896,2504.272,2733.168,0
8,0.401916,192.320,1915.552,2107.872,0
9,0.452876,186.096,2876.304,3062.400,0
10,0.501596,213.024,1595.808,1808.832,0
11,0.552013,168.224,2012.992,2181.216,0
12,0.603076,290.848,3075.920,3366.768,0
13,0.652042,1558.400,2042.480,3600.880,0
14,0.703032,278.112,3032.000,3310.112,0
15,0.751999,167.440,1999.040,2166.480,0
16,0.802785,261.504,2785.104,3046.608,0
17,0.851695,212.800,1694.992,1907.792,0
18,0.902894,195.312,2893.808,3089.120,0
19,0.951980,167.040,1979.504,2146.544,0
20,1.002843,277.360,2842.656,3120.016,0
21,1.053916,294.144,3915.936,4210.080,0
22,1.102842,197.680,2841.888,3039.568,0
23,1.154247,282.432,4247.008,4529.440,0
24,1.202834,207.872,2834.416,3042.288,0
25,1.252019,237.584,2018.944,2256.528,0
26,1.302669,276.976,2668.528,2945.504,0
27,1.352082,1588.592,2082.432,3671.024,0
28,1.402613,246.944,2612.784,2859.728,0
29,1.451933,199.424,1933.280,2132.704,0
30,1.502707,196.288,2707.216,2903.504,0
31,1.551866,194.608,1866.464,2061.072,0
32,1.602889,247.520,2889.456,3136.976,0
33,1.652872,260.960,2871.760,3132.720,0
34,1.701831,262.752,1831.360,2094.112,0
35,1.752873,252.224,2873.424,3125.648,0
36,1.802841,201.904,2841.488,3043.392,0
37,1.851904,297.024,1904.272,2201.296,0
38,1.901860,287.280,1860.384,2147.664,0
39,1.952125,1703.360,2125.152,3828.512,0
40,2.002072,190.016,2071.680,2261.696,0
41,2.051853,185.040,1853.328,2038.368,0
42,2.102753,234.688,2753.200,2987.888,0
43,2.151903,366.224,1903.104,2269.328,0
44,2.202935,206.160,2934.784,3140.944,0
45,2.251993,1194.480,1992.704,3187.184,0
46,2.302928,301.664,2928.064,3229.728,0
47,2.351683,217.552,1682.704,1900.256,0
48,2.402858,235.264,2858.384,3093.648,0
49,2.453692,165.664,3691.792,3857.456,0
50,2.502888,210.704,2888.208,3098.912,0
51,2.553900,194.016,3900.400,4094.416,0
52,2.601869,215.312,1869.440,2084.752,0
53,2.651797,178.592,1797.120,1975.712,0
54,2.701744,195.616,1743.696,1939.312,0
55,2.752126,1676.064,2126.080,3802.144,0
56,2.802707,185.120,2706.832,2891.952,0
57,2.853215,341.200,3215.488,3556.688,0
58,2.902859,165.232,2858.960,3024.192,0
59,2.952508,239.056,2507.712,2746.768,0
60,3.001919,215.248,1918.992,2134.240,0
61,3.052912,202.432,2912.064,3114.496,0
62,3.101902,218.304,1902.272,2120.576,0
63,3.154125,506.080,4125.024,4631.104,0
64,3.201825,193.952,1825.056,2019.008,0
65,3.254081,214.336,4081.328,4295.664,0
66,3.302681,225.024,2680.688,2905.712,0
67,3.352523,262.064,2522.560,2784.624,0
68,3.404205,866.384,4205.136,5071.520,1
69,3.454123,365.984,4123.104,4489.088,0
70,3.502775,287.920,2775.392,3063.312,0
71,3.552896,271.504,2896.240,3167.744,0
72,3.601824,221.184,1823.504,2044.688,0
73,3.655085,361.744,5084.576,5446.320,1
74,3.703987,234.144,3986.592,4220.736,0
75,3.752117,1631.520,2117.200,3748.720,0
76,3.802670,197.296,2669.552,2866.848,0
77,3.852937,276.592,2936.688,3213.280,0
78,3.901853,237.280,1853.424,2090.704,0
79,3.952882,195.008,2881.648,3076.656,0
80,4.002882,238.496,2882.496,3120.992,0
81,4.051840,201.248,1840.128,2041.376,0
82,4.101812,207.696,1811.600,2019.296,0
83,4.151920,260.816,1920.432,2181.248,0
84,4.202857,341.488,2857.120,3198.608,0
85,4.251672,337.984,1672.352,2010.336,0
86,4.302753,253.184,2753.008,3006.192,0
87,4.351791,262.576,1791.056,2053.632,0
88,4.402686,246.320,2686.352,2932.672,0
89,4.451861,172.880,1861.472,2034.352,0
90,4.501576,179.424,1576.368,1755.792,0
91,4.551859,168.096,1859.488,2027.584,0
92,4.602853,311.584,2853.056,3164.640,0
93,4.651847,260.816,1846.704,2107.520,0
94,4.702841,168.576,2841.296,3009.872,0
95,4.752124,1348.368,2123.776,3472.144,0
96,4.803013,242.976,3013.360,3256.336,0
97,4.851740,296.144,1739.760,2035.904,0
98,4.903171,323.392,3171.312,3494.704,0
99,4.952124,164.160,2124.272,2288.432,0
100,5.002834,247.664,2834.080,3081.744,0
101,5.052553,358.288,2552.928,2911.216,0
102,5.102874,178.992,2874.400,3053.392,0
103,5.152870,276.080,2870.400,3146.480,0
104,5.201903,359.792,1902.848,2262.640,0
105,5.252921,280.000,2921.488,3201.488,0
106,5.301869,210.912,1868.768,2079.680,0
107,5.353222,377.680,3222.416,3600.096,0
108,5.401793,327.088,1792.656,2119.744,0
109,5.453673,308.352,3672.896,3981.248,0
110,5.502848,248.896,2848.464,3097.360,0
111,5.551908,170.496,1908.144,2078.640,0
112,5.603023,174.848,3022.784,3197.632,0
113,5.653300,354.448,3300.224,3654.672,0
114,5.702808,163.760,2807.648,2971.408,0
115,5.752858,210.064,2858.048,3068.112,0
116,5.801842,197.520,1842.496,2040.016,0
117,5.851883,231.712,1882.784,2114.496,0
118,5.902909,284.496,2909.392,3193.888,0
119,5.952868,309.872,2868.320,3178.192,0
120,6.001919,412.896,1918.816,2331.712,0
121,6.054103,305.104,4102.928,4408.032,0
122,6.103005,263.696,3005.328,3269.024,0
123,6.151984,290.960,1983.600,2274.560,0
124,6.202665,276.576,2664.656,2941.232,0
125,6.253845,195.248,3844.880,4040.128,0
126,6.302985,423.584,2985.376,3408.960,0
127,6.354216,405.168,4216.016,4621.184,0
128,6.402694,232.368,2694.416,2926.784,0
129,6.453923,261.984,3922.896,4184.880,0
130,6.502830,256.160,2830.480,3086.640,0
131,6.553022,312.944,3021.760,3334.704,0
132,6.602982,198.656,2982.256,3180.912,0
133,6.651906,199.408,1905.504,2104.912,0
134,6.702005,199.824,2004.528,2204.352,0
135,6.751890,214.144,1890.448,2104.592,0
136,6.801982,187.968,1982.208,2170.176,0
137,6.853935,191.536,3934.816,4126.352,0
138,6.901791,274.160,1790.704,2064.864,0
139,6.952010,1613.056,2010.032,3623.088,0
140,7.003066,237.696,3065.904,3303.600,0
141,7.054018,178.256,4017.952,4196.208,0
142,7.102713,168.752,2713.136,2881.888,0
143,7.152902,206.752,2901.888,3108.640,0
144,7.201951,259.264,1951.344,2210.608,0
145,7.254053,472.192,4052.720,4524.912,0
146,7.303036,192.832,3035.840,3228.672,0
147,7.353886,221.088,3885.856,4106.944,0
148,7.404114,170.224,4113.696,4283.920,0
149,7.452088,1867.600,2087.552,3955.152,0
150,7.502993,266.688,2992.528,3259.216,0
151,7.552284,231.120,2284.112,2515.232,0
152,7.601815,261.712,1814.976,2076.688,0
153,7.651806,221.376,1805.936,2027.312,0
154,7.702560,224.368,2560.016,2784.384,0
155,7.753665,291.200,3664.928,3956.128,0
156,7.801703,241.376,1703.312,1944.688,0
157,7.853685,255.312,3685.488,3940.800,0
158,7.901853,268.688,1853.312,2122.000,0
159,7.951819,155.968,1819.296,1975.264,0
160,8.002672,199.120,2671.904,2871.024,0
161,8.053024,246.832,3024.144,3270.976,0
162,8.102905,178.912,2905.328,3084.240,0
163,8.151803,238.272,1803.024,2041.296,0
164,8.201797,200.304,1797.104,1997.408,0
165,8.251877,156.336,1876.640,2032.976,0
166,8.302571,254.224,2571.408,2825.632,0
167,8.351883,157.168,1883.392,2040.560,0
168,8.401666,188.128,1666.208,1854.336,0
169,8.454692,202.672,4692.368,4895.040,0
170,8.502803,202.464,2802.976,3005.440,0
171,8.551916,156.032,1916.400,2072.432,0
172,8.601681,241.776,1681.392,1923.168,0
173,8.653584,204.880,3583.664,3788.544,0
174,8.702536,342.464,2536.432,2878.896,0
175,8.752128,1574.912,2127.808,3702.720,0
176,8.801864,184.992,1863.824,2048.816,0
177,8.851646,165.152,1645.904,1811.056,0
178,8.903037,236.256,3037.328,3273.584,0
179,8.953836,194.560,3836.048,4030.608,0
180,9.002870,202.368,2869.760,3072.128,0
181,9.051920,230.432,1920.288,2150.720,0
182,9.102708,213.456,2707.632,2921.088,0
183,9.152920,174.912,2920.384,3095.296,0
184,9.202493,234.080,2493.040,2727.120,0
185,9.252036,247.728,2036.448,2284.176,0
186,9.302499,174.576,2499.200,2673.776,0
187,9.353811,185.024,3810.608,3995.632,0
188,9.402523,225.424,2523.024,2748.448,0
189,9.453724,307.344,3723.840,4031.184,0
190,9.502863,291.856,2862.544,3154.400,0
191,9.552098,1517.296,2098.176,3615.472,0
192,9.602646,284.928,2645.680,2930.608,0
193,9.652938,208.928,2938.192,3147.120,0
194,9.701637,320.128,1637.376,1957.504,0
195,9.751954,279.280,1953.968,2233.248,0
196,9.801743,191.872,1742.608,1934.480,0
197,9.854299,249.904,4298.640,4548.544,0
198,9.901838,323.344,1838.128,2161.472,0
199,9.951881,256.640,1881.200,2137.840,0
200,10.003119,313.424,3119.168,3432.592,0
201,10.051822,202.768,1822.240,2025.008,0
202,10.102033,182.464,2032.800,2215.264,0
203,10.154524,218.272,4524.112,4742.384,0
204,10.202915,193.408,2915.072,3108.480,0
205,10.253007,194.464,3006.576,3201.040,0
206,10.301669,237.408,1668.992,1906.400,0
207,10.351870,317.664,1869.664,2187.328,0
208,10.402755,239.760,2754.800,2994.560,0
209,10.454422,276.272,4422.288,4698.560,0
210,10.502860,226.608,2859.920,3086.528,0
211,10.551655,232.512,1655.456,1887.968,0
212,10.604006,216.976,4006.464,4223.440,0
213,10.655130,250.544,5129.856,5380.400,1
214,10.702980,195.888,2980.000,3175.888,0
215,10.751996,213.248,1996.448,2209.696,0
216,10.802813,220.720,2813.424,3034.144,0
217,10.851770,191.632,1769.984,1961.616,0
218,10.903992,304.400,3992.016,4296.416,0
219,10.952912,261.088,2912.208,3173.296,0
220,11.001692,170.320,1692.080,1862.400,0
221,11.054409,203.984,4408.992,4612.976,0
222,11.102661,210.384,2661.344,2871.728,0
223,11.152077,237.040,2076.624,2313.664,0
224,11.202763,259.456,2762.880,3022.336,0
225,11.251859,178.368,1859.088,2037.456,0
226,11.301865,218.592,1864.736,2083.328,0
227,11.352022,194.368,2021.696,2216.064,0
228,11.403911,235.520,3910.912,4146.432,0
229,11.452123,1389.392,2122.832,3512.224,0
230,11.503088,200.080,3088.208,3288.288,0
231,11.554475,322.608,4474.544,4797.152,0
232,11.601998,471.712,1997.504,2469.216,0
233,11.652882,213.728,2882.096,3095.824,0
234,11.701986,205.920,1985.824,2191.744,0
235,11.753898,230.640,3898.480,4129.120,0
236,11.801849,266.448,1849.408,2115.856,0
237,11.853987,580.816,3987.136,4567.952,0
238,11.902860,241.504,2859.728,3101.232,0
239,11.951870,194.576,1870.016,2064.592,0
240,12.002817,217.680,2816.768,3034.448,0
241,12.052080,245.216,2080.048,2325.264,0
242,12.102123,178.608,2123.456,2302.064,0
243,12.153006,359.120,3006.144,3365.264,0
244,12.202904,166.128,2903.600,3069.728,0
245,12.252144,188.352,2143.936,2332.288,0
246,12.301731,229.072,1731.120,1960.192,0
247,12.351831,335.632,1830.640,2166.272,0
248,12.402146,280.784,2145.856,2426.640,0
249,12.452308,355.376,2307.600,2662.976,0
250,12.502509,198.848,2509.136,2707.984,0
251,12.552240,1752.032,2240.032,3992.064,0
252,12.601830,301.808,1830.464,2132.272,0
253,12.654760,241.424,4759.744,5001.168,1
254,12.702878,205.872,2877.856,3083.728,0
255,12.753079,192.400,3079.408,3271.808,0
256,12.802674,202.912,2673.680,2876.592,0
257,12.852100,1767.088,2099.504,3866.592,0
258,12.901727,219.024,1726.784,1945.808,0
259,12.952875,166.640,2874.992,3041.632,0
260,13.003213,317.072,3213.152,3530.224,0
261,13.051845,202.128,1844.608,2046.736,0
262,13.101810,175.536,1810.016,1985.552,0
263,13.153002,277.952,3002.240,3280.192,0
264,13.201863,195.904,1863.056,2058.960,0
265,13.252977,166.032,2976.576,3142.608,0
266,13.302878,298.544,2877.600,3176.144,0
267,13.352125,1422.288,2124.928,3547.216,0
268,13.402031,200.928,2031.024,2231.952,0
269,13.453066,178.352,3065.952,3244.304,0
270,13.502806,310.368,2805.696,3116.064,0
271,13.552008,182.000,2007.712,2189.712,0
272,13.602789,177.824,2789.120,2966.944,0
273,13.652191,1456.256,2191.280,3647.536,0
274,13.702861,200.608,2861.312,3061.920,0
275,13.751983,263.536,1983.440,2246.976,0
276,13.802876,302.416,2875.536,3177.952,0
277,13.852300,1636.480,2299.872,3936.352,0
278,13.903061,234.048,3060.880,3294.928,0
279,13.952028,230.544,2028.384,2258.928,0
280,14.002029,226.416,2028.720,2255.136,0
281,14.052058,234.608,2058.368,2292.976,0
282,14.102029,223.232,2028.608,2251.840,0
283,14.153198,355.712,3198.096,3553.808,0
284,14.201795,249.216,1794.960,2044.176,0
285,14.252186,1743.888,2186.144,3930.032,0
286,14.302912,321.248,2911.712,3232.960,0
287,14.352840,212.128,2839.568,3051.696,0
288,14.402833,231.056,2833.088,3064.144,0
289,14.452973,255.088,2972.864,3227.952,0
290,14.504039,230.576,4039.152,4269.728,0
291,14.553825,265.968,3825.136,4091.104,0
292,14.601600,232.224,1599.856,1832.080,0
293,14.651679,328.544,1678.880,2007.424,0
294,14.702839,198.976,2838.976,3037.952,0
295,14.751786,271.680,1785.984,2057.664,0
296,14.803090,204.720,3090.160,3294.880,0
297,14.851871,314.864,1871.440,2186.304,0
298,14.901800,204.352,1799.712,2004.064,0
===CSV_END===
Statistics sent to li VM via shared memory
Run #6 completed. Waiting for next START command...
Waiting for START command from li VM...
