========================================
Signal Sender Workload (Synchronized)
========================================
Initializing shared memory...
Waiting for speedometer to register...
Found speedometer in shared memory!
Sending START command to speedometer: START: 15;5;20

Running workload signal period for 15 seconds...

Workload signal period completed.
Sending STOP command to speedometer...
Waiting for statistics from speedometer...

Stress workload terminated.
===VMSTAT_START===
procs -----------memory---------- ---swap-- -----io---- -system-- ------cpu-----
 r  b   swpd   free   buff  cache   si   so    bi    bo   in   cs us sy id wa st
 4  0      0 128172  21720  33540    0    0    19    46  569  736 11 81  2  6  0
 4  0      0 128172  21720  33552    0    0     0     0 1230 1630  6 90  1  3  0
 4  0      0 128172  21720  33552    0    0     0     0 1233 1669  6 89  1  4  0
 4  0      0 128172  21720  33552    0    0     0     0 1257 1710  6 90  1  3  0
 5  0      0 128172  21720  33552    0    0     0     0 1248 1696  8 88  1  3  0
 5  0      0 128172  21720  33552    0    0     0     0 1264 1684  6 90  1  3  0
 5  0      0 128172  21720  33552    0    0     0     0 1249 1674  7 88  1  4  0
 5  0      0 128172  21720  33552    0    0     0     0 1252 1688  4 91  1  4  0
 4  0      0 128172  21720  33552    0    0     0     0 1254 1729  6 90  1  4  0
 5  0      0 128172  21720  33552    0    0     0     0 1271 1689  5 92  1  3  0
 4  0      0 128172  21720  33552    0    0     0     0 1246 1671  5 90  2  3  0
 5  0      0 128172  21720  33552    0    0     0     0 1265 1713  9 88  0  4  0
 4  0      0 128172  21720  33552    0    0     0     0 1262 1670  4 91  1  4  0
 5  0      0 128172  21720  33552    0    0     0     0 1261 1681  7 88  1  4  0
 5  0      0 128172  21720  33552    0    0     0     0 1240 1664  6 90  1  3  0
 5  0      0 128172  21720  33552    0    0     0     0 1166 1472  5 89  1  5  0
 4  1      0 128172  21720  33552    0    0     0     0  853  882  3 84  1 12  0
===VMSTAT_END===
========== SPEEDOMETER RT APPLICATION RESULTS ==========
Test Configuration:
Period: 50.000 ms
Deadline: 5.000 ms
RT Priority: 99 (SCHED_FIFO)
Execution Statistics:
Total cycles: 299
Deadline misses: 0 (0.000%)
Execution Time (μs):
Mean: 223.922
Min: 129.168
Max: 1586.192
50th percentile: 195.520
95th percentile: 331.104
99th percentile: 1420.752
99.9th percentile: 1586.192
Jitter (μs):
Mean: 2490.885
Min: 1085.296
Max: 4617.344
Response Time (μs):
Mean: 2714.808
Min: 1226.592
Max: 4854.592
50th percentile: 2646.064
95th percentile: 4168.336
99th percentile: 4572.720
99.9th percentile: 4854.592
========================================================
[  850.968738] SDK:handler_do_el0_svc_pre: syscall __NR_futex (98) is not allowed
[  851.273092] SDK:handler_do_el0_svc_pre: syscall __NR_munmap (215) is not allowed
[  851.282268] SDK:handler_do_el0_svc_pre: syscall __NR_wait4 (260) is not allowed
[  851.292093] SDK:handler_do_el0_svc_pre: syscall __NR_munmap (215) is not allowed
[  851.301119] SDK:handler_do_el0_svc_pre: syscall __NR_rt_sigprocmask (135) is not allowed
[  851.310030] SDK:handler_do_el0_svc_pre: syscall __NR_futex (98) is not allowed
[  851.319907] SDK:handler_do_el0_svc_pre: syscall __NR_exit (93) is not allowed
[  851.321229] SDK:handler_do_el0_svc_pre: syscall __NR_futex (98) is not allowed
[  851.335837] SDK:handler_do_el0_svc_pre: syscall __NR_munmap (215) is not allowed
===VMSTAT_START===
procs -----------memory---------- ---swap-- -----io---- -system-- ------cpu-----
r  b   swpd   free   buff  cache   si   so    bi    bo   in   cs us sy id wa st
0  0      0  68724    512   9824    0    0     0     0   60   60  0  5 95  0  0
0  0      0  68684    512   9824    0    0     0     0   51   60  1  2 98  0  0
0  0      0  68684    512   9824    0    0     0     0   41   59  1  1 99  0  0
0  0      0  68684    512   9824    0    0     0     0   53   59  0  1 99  0  0
0  0      0  68684    512   9824    0    0     0     0   42   54  0  2 98  0  0
1  0      0  68684    512   9824    0    0     0     0   56   60  1  2 98  0  0
2  0      0  68684    512   9824    0    0     0     0   53   63  1  2 98  0  0
0  0      0  68684    512   9824    0    0     0     0   51   56  0  2 98  0  0
2  0      0  68684    512   9824    0    0     0     0   53   57  1  2 98  0  0
0  0      0  68684    512   9824    0    0     0     0   46   62  0  1 99  0  0
0  0      0  68684    512   9824    0    0     0     0   44   54  1  2 98  0  0
0  0      0  68684    512   9824    0    0     0     0   47   53  0  2 98  0  0
1  0      0  68684    512   9824    0    0     0     0   61   59  1  2 97  0  0
0  0      0  68684    512   9824    0    0     0     0   48   59  1  1 98  0  0
0  0      0  68684    512   9824    0    0     0     0   49   58  0  2 98  0  0
0  0      0  68684    512   9824    0    0     0     0  145   40  1  9 91  0  0
===VMSTAT_END===
===CSV_START===
cycle,timestamp_s,execution_time_us,jitter_us,response_time_us,deadline_miss
1,0.053427,240.384,3427.024,3667.408,0
2,0.102091,370.832,2090.704,2461.536,0
3,0.152466,251.600,2466.336,2717.936,0
4,0.203508,388.784,3508.208,3896.992,0
5,0.251543,281.680,1542.704,1824.384,0
6,0.304296,199.872,4295.728,4495.600,0
7,0.352527,160.272,2527.408,2687.680,0
8,0.401663,221.456,1663.184,1884.640,0
9,0.452371,194.208,2370.992,2565.200,0
10,0.502513,190.080,2512.928,2703.008,0
11,0.552319,302.512,2319.104,2621.616,0
12,0.603916,331.104,3916.192,4247.296,0
13,0.652505,289.360,2505.248,2794.608,0
14,0.703489,206.128,3488.992,3695.120,0
15,0.752453,180.752,2453.424,2634.176,0
16,0.802464,195.520,2463.856,2659.376,0
17,0.852609,145.888,2608.864,2754.752,0
18,0.903606,152.928,3605.760,3758.688,0
19,0.953419,211.904,3418.944,3630.848,0
20,1.001677,208.560,1676.832,1885.392,0
21,1.052396,157.152,2395.744,2552.896,0
22,1.103644,208.112,3643.968,3852.080,0
23,1.152181,249.152,2180.624,2429.776,0
24,1.201536,208.688,1536.368,1745.056,0
25,1.253265,157.792,3264.656,3422.448,0
26,1.302473,182.912,2472.880,2655.792,0
27,1.352485,224.960,2484.864,2709.824,0
28,1.402403,212.432,2403.136,2615.568,0
29,1.451736,174.752,1736.400,1911.152,0
30,1.502670,173.200,2670.336,2843.536,0
31,1.551491,149.168,1490.656,1639.824,0
32,1.602485,178.608,2485.248,2663.856,0
33,1.652461,216.640,2461.168,2677.808,0
34,1.702462,184.000,2462.064,2646.064,0
35,1.752504,234.896,2504.176,2739.072,0
36,1.802461,194.752,2461.120,2655.872,0
37,1.852473,202.992,2472.512,2675.504,0
38,1.902067,239.664,2067.056,2306.720,0
39,1.952584,150.928,2584.208,2735.136,0
40,2.002554,276.160,2554.224,2830.384,0
41,2.052701,197.664,2701.392,2899.056,0
42,2.103448,197.120,3447.920,3645.040,0
43,2.152104,155.008,2104.384,2259.392,0
44,2.203116,201.376,3116.160,3317.536,0
45,2.252253,155.200,2253.360,2408.560,0
46,2.301516,178.800,1516.384,1695.184,0
47,2.353388,180.672,3387.984,3568.656,0
48,2.403539,173.616,3539.040,3712.656,0
49,2.452360,132.256,2359.936,2492.192,0
50,2.501405,177.184,1404.720,1581.904,0
51,2.552521,164.784,2520.880,2685.664,0
52,2.603863,243.152,3862.816,4105.968,0
53,2.652090,211.536,2089.648,2301.184,0
54,2.701519,247.888,1519.488,1767.376,0
55,2.752473,199.760,2472.832,2672.592,0
56,2.802466,194.704,2465.584,2660.288,0
57,2.851444,129.568,1443.968,1573.536,0
58,2.901552,160.784,1552.064,1712.848,0
59,2.952200,206.848,2199.808,2406.656,0
60,3.003693,172.064,3693.360,3865.424,0
61,3.051282,214.320,1281.792,1496.112,0
62,3.103523,372.832,3523.024,3895.856,0
63,3.151454,165.552,1453.744,1619.296,0
64,3.202646,192.912,2645.744,2838.656,0
65,3.252078,145.104,2078.496,2223.600,0
66,3.303349,141.920,3349.248,3491.168,0
67,3.352244,215.072,2244.208,2459.280,0
68,3.403807,219.536,3807.264,4026.800,0
69,3.452377,137.280,2377.312,2514.592,0
70,3.501690,220.752,1689.808,1910.560,0
71,3.552393,182.624,2392.992,2575.616,0
72,3.602474,213.936,2474.448,2688.384,0
73,3.651481,139.024,1481.008,1620.032,0
74,3.702534,177.904,2533.984,2711.888,0
75,3.752406,136.064,2406.496,2542.560,0
76,3.801828,1443.216,1828.048,3271.264,0
77,3.852428,138.480,2428.480,2566.960,0
78,3.903272,292.896,3272.048,3564.944,0
79,3.952119,264.096,2118.608,2382.704,0
80,4.001800,1586.192,1799.952,3386.144,0
81,4.052301,159.664,2300.608,2460.272,0
82,4.102535,313.760,2534.752,2848.512,0
83,4.151318,158.144,1317.728,1475.872,0
84,4.202437,173.568,2437.296,2610.864,0
85,4.252370,208.688,2369.632,2578.320,0
86,4.302111,232.624,2111.120,2343.744,0
87,4.352368,209.040,2368.240,2577.280,0
88,4.401987,1420.752,1987.232,3407.984,0
89,4.452266,137.088,2266.432,2403.520,0
90,4.501435,247.504,1434.640,1682.144,0
91,4.552510,183.136,2510.352,2693.488,0
92,4.602631,140.352,2631.008,2771.360,0
93,4.651877,257.472,1877.472,2134.944,0
94,4.703341,146.400,3340.864,3487.264,0
95,4.752151,168.688,2151.184,2319.872,0
96,4.801516,155.872,1516.144,1672.016,0
97,4.853679,224.976,3678.512,3903.488,0
98,4.903507,234.112,3507.440,3741.552,0
99,4.951408,132.704,1407.520,1540.224,0
100,5.003463,288.656,3463.264,3751.920,0
101,5.052256,168.752,2255.600,2424.352,0
102,5.101635,186.624,1635.392,1822.016,0
103,5.152381,129.936,2381.056,2510.992,0
104,5.204396,176.576,4396.144,4572.720,0
105,5.252399,203.760,2399.024,2602.784,0
106,5.301427,184.608,1426.736,1611.344,0
107,5.352282,149.696,2282.208,2431.904,0
108,5.403275,236.048,3275.072,3511.120,0
109,5.452387,267.728,2386.960,2654.688,0
110,5.501508,140.816,1508.176,1648.992,0
111,5.553610,176.000,3610.096,3786.096,0
112,5.602368,136.640,2368.112,2504.752,0
113,5.651524,171.456,1524.368,1695.824,0
114,5.701277,145.088,1277.296,1422.384,0
115,5.752026,193.088,2026.192,2219.280,0
116,5.803745,164.336,3745.040,3909.376,0
117,5.851528,275.600,1528.416,1804.016,0
118,5.902915,316.864,2914.704,3231.568,0
119,5.951437,196.400,1436.960,1633.360,0
120,6.003465,189.632,3464.560,3654.192,0
121,6.052283,222.128,2282.928,2505.056,0
122,6.101632,203.456,1632.096,1835.552,0
123,6.153071,147.104,3071.440,3218.544,0
124,6.204324,234.544,4323.648,4558.192,0
125,6.252683,180.720,2682.528,2863.248,0
126,6.301709,277.808,1708.752,1986.560,0
127,6.352199,222.928,2199.440,2422.368,0
128,6.401508,183.120,1507.648,1690.768,0
129,6.452244,192.512,2243.904,2436.416,0
130,6.503901,369.280,3901.152,4270.432,0
131,6.552112,184.304,2112.160,2296.464,0
132,6.602671,207.152,2670.736,2877.888,0
133,6.651429,148.080,1428.592,1576.672,0
134,6.701605,142.528,1605.408,1747.936,0
135,6.752430,219.584,2430.016,2649.600,0
136,6.803081,375.200,3081.344,3456.544,0
137,6.851401,136.784,1401.408,1538.192,0
138,6.903347,330.336,3346.512,3676.848,0
139,6.952355,136.800,2354.672,2491.472,0
140,7.001500,207.440,1500.352,1707.792,0
141,7.052411,217.040,2410.864,2627.904,0
142,7.102469,205.136,2468.864,2674.000,0
143,7.152090,138.800,2089.920,2228.720,0
144,7.204001,362.992,4001.424,4364.416,0
145,7.251299,295.440,1298.992,1594.432,0
146,7.301645,199.056,1645.344,1844.400,0
147,7.351396,133.280,1395.840,1529.120,0
148,7.403606,189.936,3605.616,3795.552,0
149,7.451335,182.864,1335.328,1518.192,0
150,7.502436,135.760,2435.872,2571.632,0
151,7.552593,194.560,2593.264,2787.824,0
152,7.603586,210.352,3586.192,3796.544,0
153,7.652614,142.288,2613.600,2755.888,0
154,7.703426,190.896,3425.872,3616.768,0
155,7.752521,173.472,2520.736,2694.208,0
156,7.803877,342.320,3876.832,4219.152,0
157,7.852282,160.096,2281.840,2441.936,0
158,7.903342,134.096,3341.728,3475.824,0
159,7.953433,140.048,3432.832,3572.880,0
160,8.002630,176.112,2629.616,2805.728,0
161,8.052474,231.328,2474.016,2705.344,0
162,8.103620,131.904,3620.464,3752.368,0
163,8.151767,237.424,1766.832,2004.256,0
164,8.204115,237.216,4114.912,4352.128,0
165,8.252185,245.248,2184.704,2429.952,0
166,8.303733,289.008,3732.592,4021.600,0
167,8.351511,182.352,1510.816,1693.168,0
168,8.402510,179.152,2510.352,2689.504,0
169,8.452513,177.824,2513.440,2691.264,0
170,8.503679,319.792,3679.328,3999.120,0
171,8.553382,147.952,3382.400,3530.352,0
172,8.602490,229.392,2489.872,2719.264,0
173,8.652691,212.480,2690.656,2903.136,0
174,8.702594,178.288,2594.160,2772.448,0
175,8.752302,193.456,2302.032,2495.488,0
176,8.801661,131.888,1660.512,1792.400,0
177,8.852499,129.696,2499.168,2628.864,0
178,8.903278,168.144,3278.000,3446.144,0
179,8.951410,170.080,1409.552,1579.632,0
180,9.003893,275.792,3892.544,4168.336,0
181,9.051430,228.768,1430.384,1659.152,0
182,9.103679,132.960,3679.248,3812.208,0
183,9.152218,135.200,2217.632,2352.832,0
184,9.202399,193.872,2399.280,2593.152,0
185,9.252484,177.184,2484.320,2661.504,0
186,9.303739,302.720,3738.912,4041.632,0
187,9.351411,138.848,1410.752,1549.600,0
188,9.402690,190.576,2689.728,2880.304,0
189,9.452480,249.312,2480.208,2729.520,0
190,9.503654,237.904,3653.776,3891.680,0
191,9.551308,175.984,1308.320,1484.304,0
192,9.602104,236.928,2103.856,2340.784,0
193,9.652513,201.584,2512.576,2714.160,0
194,9.702419,184.720,2418.784,2603.504,0
195,9.752170,171.232,2169.632,2340.864,0
196,9.802506,163.184,2505.984,2669.168,0
197,9.852630,293.648,2630.384,2924.032,0
198,9.901572,263.968,1571.584,1835.552,0
199,9.952467,200.656,2467.296,2667.952,0
200,10.001503,218.224,1502.528,1720.752,0
201,10.051960,176.112,1959.904,2136.016,0
202,10.103518,207.552,3517.600,3725.152,0
203,10.151624,249.136,1624.128,1873.264,0
204,10.202589,143.472,2588.528,2732.000,0
205,10.252519,234.496,2518.704,2753.200,0
206,10.302535,140.368,2535.424,2675.792,0
207,10.351683,186.416,1682.864,1869.280,0
208,10.401850,1303.296,1849.984,3153.280,0
209,10.452457,130.080,2457.136,2587.216,0
210,10.501396,220.800,1396.240,1617.040,0
211,10.551271,131.360,1271.456,1402.816,0
212,10.603720,321.776,3719.520,4041.296,0
213,10.652104,201.888,2103.920,2305.808,0
214,10.702640,333.440,2640.208,2973.648,0
215,10.751411,250.448,1411.360,1661.808,0
216,10.801345,189.376,1344.560,1533.936,0
217,10.851503,195.712,1503.136,1698.848,0
218,10.903523,184.128,3523.408,3707.536,0
219,10.952437,132.784,2436.912,2569.696,0
220,11.002118,283.616,2118.144,2401.760,0
221,11.051154,225.744,1154.368,1380.112,0
222,11.103514,148.960,3514.160,3663.120,0
223,11.151413,207.984,1413.440,1621.424,0
224,11.201991,257.568,1990.800,2248.368,0
225,11.251527,205.920,1527.376,1733.296,0
226,11.303528,195.520,3528.336,3723.856,0
227,11.353664,1055.584,3664.496,4720.080,0
228,11.402729,205.536,2729.440,2934.976,0
229,11.453044,145.904,3044.192,3190.096,0
230,11.503970,296.320,3970.288,4266.608,0
231,11.552358,156.800,2358.080,2514.880,0
232,11.603116,235.456,3116.464,3351.920,0
233,11.652409,183.792,2409.296,2593.088,0
234,11.703292,166.272,3292.384,3458.656,0
235,11.752465,143.936,2465.008,2608.944,0
236,11.801636,1285.872,1635.584,2921.456,0
237,11.853652,239.600,3652.432,3892.032,0
238,11.903886,310.112,3886.000,4196.112,0
239,11.953429,139.008,3428.976,3567.984,0
240,12.002477,274.144,2476.736,2750.880,0
241,12.052302,207.360,2301.520,2508.880,0
242,12.104120,174.624,4120.096,4294.720,0
243,12.152455,207.536,2455.072,2662.608,0
244,12.203569,199.856,3569.184,3769.040,0
245,12.252680,202.992,2679.568,2882.560,0
246,12.303166,202.016,3166.464,3368.480,0
247,12.352328,158.464,2328.208,2486.672,0
248,12.404617,237.248,4617.344,4854.592,0
249,12.452431,143.616,2430.544,2574.160,0
250,12.502620,202.032,2619.760,2821.792,0
251,12.552203,176.768,2203.248,2380.016,0
252,12.601628,139.376,1627.776,1767.152,0
253,12.652207,155.536,2206.544,2362.080,0
254,12.701625,133.328,1625.136,1758.464,0
255,12.751566,198.384,1565.840,1764.224,0
256,12.802491,153.264,2491.280,2644.544,0
257,12.852346,202.416,2346.464,2548.880,0
258,12.903264,140.464,3264.160,3404.624,0
259,12.951085,141.296,1085.296,1226.592,0
260,13.001660,212.304,1659.904,1872.208,0
261,13.052801,182.544,2801.360,2983.904,0
262,13.101465,177.536,1465.024,1642.560,0
263,13.152408,200.128,2407.696,2607.824,0
264,13.202473,266.256,2473.056,2739.312,0
265,13.252409,214.736,2408.656,2623.392,0
266,13.302112,206.816,2112.160,2318.976,0
267,13.352448,195.952,2447.696,2643.648,0
268,13.403662,328.608,3661.696,3990.304,0
269,13.453667,202.608,3666.640,3869.248,0
270,13.501708,213.184,1708.224,1921.408,0
271,13.552577,300.368,2577.424,2877.792,0
272,13.602645,202.144,2644.912,2847.056,0
273,13.652291,202.352,2291.344,2493.696,0
274,13.704284,204.016,4284.464,4488.480,0
275,13.752458,204.048,2457.792,2661.840,0
276,13.801386,132.336,1385.520,1517.856,0
277,13.852471,202.128,2471.376,2673.504,0
278,13.903087,180.384,3086.576,3266.960,0
279,13.952143,226.512,2143.152,2369.664,0
280,14.003328,199.872,3327.712,3527.584,0
281,14.052407,174.080,2407.040,2581.120,0
282,14.102483,189.232,2483.392,2672.624,0
283,14.152443,129.168,2443.152,2572.320,0
284,14.201496,188.720,1496.240,1684.960,0
285,14.252716,253.792,2715.584,2969.376,0
286,14.302466,192.544,2466.032,2658.576,0
287,14.352416,210.336,2415.888,2626.224,0
288,14.401654,207.056,1654.480,1861.536,0
289,14.452286,200.256,2286.304,2486.560,0
290,14.503400,194.528,3399.648,3594.176,0
291,14.552020,151.536,2020.336,2171.872,0
292,14.601801,160.416,1800.880,1961.296,0
293,14.652426,131.680,2426.192,2557.872,0
294,14.703687,198.112,3687.136,3885.248,0
295,14.752380,152.208,2379.920,2532.128,0
296,14.803416,140.096,3415.792,3555.888,0
297,14.852616,176.944,2616.384,2793.328,0
298,14.901467,161.216,1467.280,1628.496,0
299,14.952303,217.632,2303.472,2521.104,0
===CSV_END===
Statistics sent to li VM via shared memory
Run #26 completed. Waiting for next START command...
Waiting for START command from li VM...
