========================================
Signal Sender Workload (Synchronized)
========================================
Initializing shared memory...
Waiting for speedometer to register...
Found speedometer in shared memory!
Sending START command to speedometer: START: 15;5;20

Running workload signal period for 15 seconds...

Workload signal period completed.
Sending STOP command to speedometer...
Waiting for statistics from speedometer...

Stress workload terminated.
===VMSTAT_START===
procs -----------memory---------- ---swap-- -----io---- -system-- ------cpu-----
 r  b   swpd   free   buff  cache   si   so    bi    bo   in   cs us sy id wa st
 5  0      0 127828  22116  33560    0    0    16    46  572  740 11 81  2  6  0
 5  0      0 127828  22116  33564    0    0     0     0 1289 1682  6 90  0  5  0
 4  0      0 127828  22116  33564    0    0     0     0 1278 1666  4 89  0  7  0
 1  4      0 127828  22116  33564    0    0     0     0 1290 1703  6 86  0  8  0
 3  3      0 127828  22116  33564    0    0     0     0 1277 1705  7 87  0  7  0
 4  0      0 127828  22116  33564    0    0     0     0 1295 1709  5 90  0  5  0
 3  2      0 127828  22116  33564    0    0     0     0 1268 1740  5 88  0  8  0
 5  1      0 127828  22116  33564    0    0     0     0 1286 1709  6 88  0  6  0
 4  0      0 127828  22116  33564    0    0     0     0 1258 1692  6 88  0  6  0
 4  0      0 127828  22116  33564    0    0     0     0 1273 1691  7 87  0  6  0
 4  0      0 127828  22116  33564    0    0     0     0 1269 1715  6 88  0  6  0
 5  0      0 127828  22116  33564    0    0     0     0 1269 1663  4 90  0  6  0
 5  0      0 127828  22116  33564    0    0     0     0 1277 1683  6 88  0  6  0
 6  0      0 127828  22116  33564    0    0     0     0 1257 1631  5 89  0  6  0
 4  0      0 127828  22116  33564    0    0     0     0 1267 1684  4 92  0  4  0
 5  0      0 127828  22116  33564    0    0     0     0 1065 1379  5 86  0  8  0
 4  1      0 127828  22116  33564    0    0     0     0  743  746  3 82  0 15  0
===VMSTAT_END===
========== SPEEDOMETER RT APPLICATION RESULTS ==========
Test Configuration:
Period: 50.000 ms
Deadline: 5.000 ms
RT Priority: 99 (SCHED_FIFO)
Execution Statistics:
Total cycles: 298
Deadline misses: 0 (0.000%)
Execution Time (μs):
Mean: 202.916
Min: 128.832
Max: 1505.104
50th percentile: 182.688
95th percentile: 291.488
99th percentile: 1249.424
99.9th percentile: 1505.104
Jitter (μs):
Mean: 2640.018
Min: 1334.832
Max: 4408.864
Response Time (μs):
Mean: 2842.934
Min: 1468.720
Max: 4609.440
50th percentile: 2851.984
95th percentile: 4142.208
99th percentile: 4551.504
99.9th percentile: 4609.440
========================================================
[  973.018248] SDK:handler_do_el0_svc_pre: syscall __NR_futex (98) is not allowed
[  973.336892] SDK:handler_do_el0_svc_pre: syscall __NR_munmap (215) is not allowed
[  973.348994] SDK:handler_do_el0_svc_pre: syscall __NR_wait4 (260) is not allowed
[  973.361024] SDK:handler_do_el0_svc_pre: syscall __NR_munmap (215) is not allowed
[  973.371764] SDK:handler_do_el0_svc_pre: syscall __NR_rt_sigprocmask (135) is not allowed
[  973.383023] SDK:handler_do_el0_svc_pre: syscall __NR_futex (98) is not allowed
[  973.393209] SDK:handler_do_el0_svc_pre: syscall __NR_exit (93) is not allowed
[  973.394110] SDK:handler_do_el0_svc_pre: syscall __NR_futex (98) is not allowed
[  973.408440] SDK:handler_do_el0_svc_pre: syscall __NR_munmap (215) is not allowed
===VMSTAT_START===
procs -----------memory---------- ---swap-- -----io---- -system-- ------cpu-----
r  b   swpd   free   buff  cache   si   so    bi    bo   in   cs us sy id wa st
0  0      0  68556    512   9824    0    0     0     0   60   59  0  5 95  0  0
0  0      0  68516    512   9824    0    0     0     0   52   60  1  2 98  0  0
0  0      0  68516    512   9824    0    0     0     0   51   61  0  2 98  0  0
0  0      0  68516    512   9824    0    0     0     0   49   57  0  2 98  0  0
0  0      0  68516    512   9824    0    0     0     0   45   58  1  2 98  0  0
0  0      0  68516    512   9824    0    0     0     0   47   55  1  2 98  0  0
0  0      0  68516    512   9824    0    0     0     0   55   64  1  1 98  0  0
0  0      0  68516    512   9824    0    0     0     0   57   62  1  2 98  0  0
0  0      0  68516    512   9824    0    0     0     0   52   57  1  2 97  0  0
0  0      0  68516    512   9824    0    0     0     0   53   55  0  2 98  0  0
0  0      0  68516    512   9824    0    0     0     0   49   56  1  2 98  0  0
0  0      0  68516    512   9824    0    0     0     0   55   64  1  2 98  0  0
0  0      0  68516    512   9824    0    0     0     0   52   59  1  1 98  0  0
1  0      0  68516    512   9824    0    0     0     0   48   57  1  2 98  0  0
0  0      0  68516    512   9824    0    0     0     0   43   54  0  2 98  0  0
0  0      0  68516    512   9824    0    0     0     0  148   45  1  9 91  0  0
===VMSTAT_END===
===CSV_START===
cycle,timestamp_s,execution_time_us,jitter_us,response_time_us,deadline_miss
1,0.053854,193.648,3853.968,4047.616,0
2,0.102927,205.408,2927.008,3132.416,0
3,0.152179,295.760,2179.184,2474.944,0
4,0.202757,255.584,2757.328,3012.912,0
5,0.251820,219.488,1820.320,2039.808,0
6,0.301728,130.000,1727.984,1857.984,0
7,0.353982,140.656,3981.920,4122.576,0
8,0.402404,157.568,2404.128,2561.696,0
9,0.452897,163.264,2897.312,3060.576,0
10,0.501768,155.456,1767.872,1923.328,0
11,0.552373,135.920,2372.608,2508.528,0
12,0.601878,184.832,1877.840,2062.672,0
13,0.653907,275.680,3906.912,4182.592,0
14,0.702668,155.968,2668.256,2824.224,0
15,0.753806,189.904,3806.032,3995.936,0
16,0.802680,130.016,2679.728,2809.744,0
17,0.853384,173.040,3383.600,3556.640,0
18,0.902181,336.208,2181.408,2517.616,0
19,0.952840,198.416,2839.760,3038.176,0
20,1.002616,215.616,2616.304,2831.920,0
21,1.052786,221.456,2786.368,3007.824,0
22,1.102469,224.096,2469.008,2693.104,0
23,1.151971,227.216,1971.056,2198.272,0
24,1.203354,130.672,3353.744,3484.416,0
25,1.252806,152.000,2805.648,2957.648,0
26,1.301642,136.768,1641.760,1778.528,0
27,1.353903,168.928,3903.056,4071.984,0
28,1.402703,138.416,2703.040,2841.456,0
29,1.453724,155.168,3724.464,3879.632,0
30,1.502852,239.696,2852.464,3092.160,0
31,1.553170,218.336,3169.840,3388.176,0
32,1.601763,212.240,1762.688,1974.928,0
33,1.653610,198.224,3610.352,3808.576,0
34,1.702764,260.032,2764.400,3024.432,0
35,1.752394,255.552,2393.824,2649.376,0
36,1.802786,137.728,2785.728,2923.456,0
37,1.852841,153.728,2841.248,2994.976,0
38,1.902665,157.136,2664.592,2821.728,0
39,1.951440,145.856,1439.824,1585.680,0
40,2.002769,213.856,2769.184,2983.040,0
41,2.054151,374.704,4151.184,4525.888,0
42,2.103072,345.376,3072.448,3417.824,0
43,2.153819,180.080,3819.200,3999.280,0
44,2.202784,214.768,2784.032,2998.800,0
45,2.252338,1185.392,2337.824,3523.216,0
46,2.302523,190.512,2522.800,2713.312,0
47,2.351725,218.096,1725.488,1943.584,0
48,2.402732,198.832,2731.888,2930.720,0
49,2.451542,199.696,1542.288,1741.984,0
50,2.502608,193.456,2607.648,2801.104,0
51,2.553778,211.648,3777.760,3989.408,0
52,2.601703,169.472,1702.960,1872.432,0
53,2.654389,177.504,4389.424,4566.928,0
54,2.702628,137.568,2628.288,2765.856,0
55,2.753927,149.840,3926.928,4076.768,0
56,2.801863,194.224,1863.392,2057.616,0
57,2.851754,206.544,1753.584,1960.128,0
58,2.902766,158.416,2765.504,2923.920,0
59,2.952718,145.600,2718.288,2863.888,0
60,3.001636,143.008,1636.016,1779.024,0
61,3.052753,178.528,2752.960,2931.488,0
62,3.101770,173.488,1770.224,1943.712,0
63,3.153865,152.576,3865.408,4017.984,0
64,3.201429,142.256,1428.544,1570.800,0
65,3.252771,186.336,2771.088,2957.424,0
66,3.302612,187.664,2611.920,2799.584,0
67,3.352705,238.816,2705.440,2944.256,0
68,3.402799,244.432,2799.136,3043.568,0
69,3.452828,196.864,2828.320,3025.184,0
70,3.501622,153.968,1621.712,1775.680,0
71,3.551624,164.528,1624.336,1788.864,0
72,3.603985,161.248,3984.992,4146.240,0
73,3.652796,153.824,2796.480,2950.304,0
74,3.702687,146.096,2686.736,2832.832,0
75,3.751986,1259.440,1985.936,3245.376,0
76,3.802380,133.856,2379.696,2513.552,0
77,3.852782,156.208,2782.464,2938.672,0
78,3.902747,175.248,2747.040,2922.288,0
79,3.952412,165.232,2412.064,2577.296,0
80,4.002592,218.112,2591.952,2810.064,0
81,4.053850,133.536,3849.728,3983.264,0
82,4.102996,208.112,2995.968,3204.080,0
83,4.152907,133.264,2906.720,3039.984,0
84,4.201785,172.144,1784.640,1956.784,0
85,4.253164,256.704,3163.840,3420.544,0
86,4.301715,138.496,1715.040,1853.536,0
87,4.351794,139.696,1794.240,1933.936,0
88,4.401662,191.744,1661.952,1853.696,0
89,4.453805,171.344,3805.104,3976.448,0
90,4.501658,155.056,1658.224,1813.280,0
91,4.553786,181.856,3786.224,3968.080,0
92,4.601761,243.744,1760.752,2004.496,0
93,4.652748,171.744,2747.568,2919.312,0
94,4.701805,164.560,1804.592,1969.152,0
95,4.752410,246.688,2409.744,2656.432,0
96,4.802663,141.200,2662.640,2803.840,0
97,4.852803,162.208,2802.624,2964.832,0
98,4.901672,173.056,1671.760,1844.816,0
99,4.953850,196.112,3850.080,4046.192,0
100,5.001655,200.832,1655.040,1855.872,0
101,5.052364,208.416,2363.760,2572.176,0
102,5.102950,196.944,2949.808,3146.752,0
103,5.153936,203.008,3935.616,4138.624,0
104,5.202707,192.576,2707.344,2899.920,0
105,5.254244,233.952,4244.272,4478.224,0
106,5.301772,205.088,1771.536,1976.624,0
107,5.352924,226.960,2923.728,3150.688,0
108,5.401578,209.120,1578.400,1787.520,0
109,5.453969,201.072,3969.056,4170.128,0
110,5.501722,161.968,1722.096,1884.064,0
111,5.553718,275.680,3717.872,3993.552,0
112,5.601812,170.416,1811.760,1982.176,0
113,5.653014,193.536,3014.048,3207.584,0
114,5.701760,286.528,1760.048,2046.576,0
115,5.751870,176.784,1870.272,2047.056,0
116,5.802752,186.400,2752.032,2938.432,0
117,5.852015,131.056,2014.576,2145.632,0
118,5.902911,206.288,2910.752,3117.040,0
119,5.951794,295.728,1794.272,2090.000,0
120,6.002909,170.624,2908.960,3079.584,0
121,6.052403,218.272,2403.152,2621.424,0
122,6.102404,248.240,2404.480,2652.720,0
123,6.152229,1249.424,2228.816,3478.240,0
124,6.203004,186.944,3003.792,3190.736,0
125,6.251573,196.128,1573.168,1769.296,0
126,6.304005,170.032,4004.880,4174.912,0
127,6.352413,270.128,2412.576,2682.704,0
128,6.402570,281.024,2570.288,2851.312,0
129,6.451643,190.720,1643.104,1833.824,0
130,6.502619,168.864,2618.800,2787.664,0
131,6.553802,142.480,3802.480,3944.960,0
132,6.602337,216.400,2336.640,2553.040,0
133,6.653761,185.888,3760.656,3946.544,0
134,6.702474,143.616,2473.808,2617.424,0
135,6.751989,208.688,1989.424,2198.112,0
136,6.802423,150.240,2422.752,2572.992,0
137,6.853918,153.696,3917.888,4071.584,0
138,6.902810,182.448,2810.480,2992.928,0
139,6.952705,156.128,2704.560,2860.688,0
140,7.002758,182.368,2757.584,2939.952,0
141,7.053581,140.608,3581.360,3721.968,0
142,7.102683,148.400,2682.768,2831.168,0
143,7.151604,201.648,1603.536,1805.184,0
144,7.202411,210.960,2410.672,2621.632,0
145,7.253394,212.128,3394.416,3606.544,0
146,7.302620,188.704,2620.320,2809.024,0
147,7.353708,162.752,3707.728,3870.480,0
148,7.401335,133.888,1334.832,1468.720,0
149,7.453350,195.408,3350.480,3545.888,0
150,7.502566,230.592,2565.536,2796.128,0
151,7.551718,179.072,1717.904,1896.976,0
152,7.603627,128.832,3626.544,3755.376,0
153,7.654280,271.424,4280.080,4551.504,0
154,7.701664,162.272,1664.400,1826.672,0
155,7.752813,206.752,2813.104,3019.856,0
156,7.802357,261.008,2356.784,2617.792,0
157,7.854070,149.328,4070.496,4219.824,0
158,7.901675,173.184,1675.296,1848.480,0
159,7.953538,179.872,3538.496,3718.368,0
160,8.002759,218.608,2758.512,2977.120,0
161,8.053667,200.416,3666.816,3867.232,0
162,8.101704,139.152,1704.176,1843.328,0
163,8.152781,154.192,2780.640,2934.832,0
164,8.202853,172.576,2853.024,3025.600,0
165,8.253657,133.008,3656.752,3789.760,0
166,8.301823,283.856,1823.408,2107.264,0
167,8.351866,171.888,1865.824,2037.712,0
168,8.402366,189.392,2365.776,2555.168,0
169,8.452416,268.528,2416.480,2685.008,0
170,8.502796,278.816,2795.520,3074.336,0
171,8.551793,202.224,1793.344,1995.568,0
172,8.602650,202.224,2649.760,2851.984,0
173,8.651741,155.488,1741.264,1896.752,0
174,8.701474,168.144,1474.480,1642.624,0
175,8.752415,140.624,2415.408,2556.032,0
176,8.801710,187.824,1709.744,1897.568,0
177,8.854150,342.624,4149.728,4492.352,0
178,8.901791,177.728,1791.008,1968.736,0
179,8.951606,167.408,1605.792,1773.200,0
180,9.003795,164.976,3795.440,3960.416,0
181,9.053908,188.896,3908.192,4097.088,0
182,9.101633,132.048,1633.024,1765.072,0
183,9.153995,156.048,3994.560,4150.608,0
184,9.202372,195.408,2371.520,2566.928,0
185,9.252791,238.480,2790.832,3029.312,0
186,9.302610,152.032,2609.904,2761.936,0
187,9.353915,134.752,3915.312,4050.064,0
188,9.402714,170.816,2713.920,2884.736,0
189,9.453802,188.912,3802.224,3991.136,0
190,9.502822,140.224,2822.496,2962.720,0
191,9.553554,184.800,3553.968,3738.768,0
192,9.601366,133.136,1366.192,1499.328,0
193,9.653667,163.984,3667.456,3831.440,0
194,9.701629,187.520,1628.976,1816.496,0
195,9.751966,249.488,1965.536,2215.024,0
196,9.801730,132.960,1730.144,1863.104,0
197,9.853759,229.072,3758.896,3987.968,0
198,9.902611,236.352,2611.344,2847.696,0
199,9.954261,218.880,4261.008,4479.888,0
200,10.002535,194.640,2534.832,2729.472,0
201,10.053991,151.360,3990.848,4142.208,0
202,10.102760,130.416,2759.824,2890.240,0
203,10.152826,167.712,2825.712,2993.424,0
204,10.202357,210.288,2356.720,2567.008,0
205,10.252751,354.784,2751.296,3106.080,0
206,10.302201,218.192,2201.424,2419.616,0
207,10.351732,269.360,1731.792,2001.152,0
208,10.402528,202.224,2528.224,2730.448,0
209,10.452338,193.648,2337.584,2531.232,0
210,10.502734,212.080,2733.888,2945.968,0
211,10.553920,146.208,3919.712,4065.920,0
212,10.602587,186.560,2586.752,2773.312,0
213,10.651720,155.856,1720.112,1875.968,0
214,10.702775,347.712,2775.168,3122.880,0
215,10.754057,163.712,4057.152,4220.864,0
216,10.801764,170.368,1763.776,1934.144,0
217,10.852735,129.664,2735.392,2865.056,0
218,10.902827,136.496,2827.264,2963.760,0
219,10.952028,222.480,2027.856,2250.336,0
220,11.002903,140.544,2903.408,3043.952,0
221,11.051742,175.488,1742.400,1917.888,0
222,11.102633,179.552,2632.864,2812.416,0
223,11.152816,145.200,2816.400,2961.600,0
224,11.201660,205.776,1660.384,1866.160,0
225,11.252405,211.456,2405.440,2616.896,0
226,11.303536,218.528,3535.536,3754.064,0
227,11.352741,185.072,2741.280,2926.352,0
228,11.402707,132.848,2707.088,2839.936,0
229,11.453849,176.816,3849.120,4025.936,0
230,11.502803,159.552,2802.768,2962.320,0
231,11.553846,205.680,3846.000,4051.680,0
232,11.601478,153.808,1478.144,1631.952,0
233,11.652772,171.088,2771.536,2942.624,0
234,11.702995,160.704,2995.136,3155.840,0
235,11.751901,165.920,1900.640,2066.560,0
236,11.801619,191.840,1618.864,1810.704,0
237,11.853756,132.800,3755.824,3888.624,0
238,11.901769,138.048,1768.864,1906.912,0
239,11.951858,144.016,1857.888,2001.904,0
240,12.001706,136.160,1706.304,1842.464,0
241,12.054409,200.576,4408.864,4609.440,0
242,12.102833,220.944,2833.264,3054.208,0
243,12.153656,149.040,3655.824,3804.864,0
244,12.201441,133.440,1441.072,1574.512,0
245,12.253830,135.680,3829.968,3965.648,0
246,12.301852,162.960,1851.760,2014.720,0
247,12.352923,219.232,2923.136,3142.368,0
248,12.402613,158.432,2613.168,2771.600,0
249,12.452807,140.656,2806.928,2947.584,0
250,12.502389,140.784,2389.440,2530.224,0
251,12.553918,193.456,3918.000,4111.456,0
252,12.602562,151.712,2562.208,2713.920,0
253,12.651725,162.880,1724.720,1887.600,0
254,12.703809,165.104,3809.280,3974.384,0
255,12.753668,197.280,3667.872,3865.152,0
256,12.801719,135.392,1719.440,1854.832,0
257,12.852808,146.672,2808.336,2955.008,0
258,12.902523,142.752,2523.072,2665.824,0
259,12.952018,143.200,2017.760,2160.960,0
260,13.001827,140.656,1827.248,1967.904,0
261,13.052958,207.216,2957.648,3164.864,0
262,13.101732,133.296,1731.536,1864.832,0
263,13.152151,1505.104,2151.392,3656.496,0
264,13.202613,187.184,2613.360,2800.544,0
265,13.251789,210.240,1788.752,1998.992,0
266,13.302840,151.584,2839.904,2991.488,0
267,13.353122,291.488,3121.872,3413.360,0
268,13.402418,186.560,2418.048,2604.608,0
269,13.452801,189.312,2801.168,2990.480,0
270,13.501409,172.864,1408.688,1581.552,0
271,13.553765,293.456,3764.688,4058.144,0
272,13.602800,212.272,2800.064,3012.336,0
273,13.652778,175.808,2778.080,2953.888,0
274,13.701742,204.400,1742.336,1946.736,0
275,13.751848,196.672,1848.096,2044.768,0
276,13.801944,146.864,1944.432,2091.296,0
277,13.852194,239.536,2193.712,2433.248,0
278,13.902394,262.704,2393.936,2656.640,0
279,13.951809,200.128,1808.704,2008.832,0
280,14.001705,191.712,1704.768,1896.480,0
281,14.051747,169.168,1747.248,1916.416,0
282,14.102781,174.192,2781.184,2955.376,0
283,14.152802,299.552,2802.448,3102.000,0
284,14.201786,129.744,1785.952,1915.696,0
285,14.253789,153.424,3788.800,3942.224,0
286,14.302991,222.288,2990.960,3213.248,0
287,14.351801,187.280,1801.008,1988.288,0
288,14.402789,171.248,2788.768,2960.016,0
289,14.451726,216.416,1726.064,1942.480,0
290,14.503872,190.272,3872.096,4062.368,0
291,14.551920,242.304,1920.016,2162.320,0
292,14.602966,182.688,2965.776,3148.464,0
293,14.653831,169.984,3830.784,4000.768,0
294,14.701823,181.296,1823.216,2004.512,0
295,14.752355,144.144,2355.008,2499.152,0
296,14.802907,186.400,2906.976,3093.376,0
297,14.852780,192.240,2780.112,2972.352,0
298,14.901631,213.248,1630.832,1844.080,0
===CSV_END===
Statistics sent to li VM via shared memory
Run #30 completed. Waiting for next START command...
Waiting for START command from li VM...
