HI_NET_PING_START run=4
Probes: 2000  |  Protocol: UDP  |  Period: 1 ms  |  Msg: 64 B
hi_net_ping: sending HELLO to 127.0.0.1:5002 (protocol=UDP)...
[echo] HELLO — protocol=UDP  n_probes=2000
[echo] HELLO_ACK sent
hi_net_ping: HELLO_ACK received
[echo] run #4 — echoing probes
hi_net_ping: starting ping-echo loop (2000 probes at 1 ms)...
========== HI_NET_PING RESULTS ==========
Probes sent:        2000
Echoes received:    2000
Lost (no echo):        5 (0.250%)
RTL (us):
Mean: 3800.061    Std dev: 828.774
Min:  2434.192    Max:     20662.944
P50:  3636.592    P95:     4550.416
P99:  7374.240    P99.9:   16331.344
IAJ (us):
Mean: 3162.690    Std dev: 727.483
Min:  1808.544    Max:     16440.368
P50:  3001.904    P95:     4020.512
P99:  6372.416    P99.9:   10915.008
===CSV_START===
index,rtl_ns,iaj_ns
0,7639472,3146608
1,3516048,4417680
2,4917504,3181776
3,3663088,3276576
4,3771824,4438464
5,4809536,3507440
6,4145600,2906784
7,3537136,2757792
8,3415088,2786320
9,3398576,3540432
10,4160592,2994720
11,3586224,3118800
12,3710640,2962240
13,3455808,2834432
14,3397584,2916048
15,3564608,2829120
16,3530944,3179248
17,3817648,2661024
18,3359232,3510592
19,4166784,3030224
20,3644224,2719712
21,3357936,2826992
22,3513552,3254368
23,3948288,2804160
24,3458704,2820048
25,3460656,2579632
26,3225584,3764848
27,3693392,2789952
28,3483888,3291728
29,3981888,2881424
30,3548064,3000720
31,3701904,2703760
32,3394720,3369392
33,4004176,2918944
34,3534736,2748544
35,3437296,3266096
36,3911232,3612048
37,4313680,2718592
38,3326560,2770784
39,3315456,2579200
40,3227984,3456176
41,4101728,2990768
42,3635088,2893408
43,3542400,3083168
44,3768160,2749056
45,3404832,3179056
46,3819488,2744656
47,3433296,3127808
48,3785744,2803872
49,3433632,3892640
50,4522144,2738192
51,3344192,2780752
52,3275248,2935520
53,3507840,2678640
54,3319760,3858560
55,4491600,2699280
56,3299760,2784208
57,3327776,2919184
58,3571584,2734176
59,3422960,3458368
60,4113760,2960928
61,3608288,2976192
62,3556976,2596800
63,3237456,3393568
64,4049872,2711504
65,3372400,2884448
66,3567984,3338208
67,3966128,2821568
68,3523808,2767744
69,3410032,3446384
70,4040176,2668016
71,3305104,2941024
72,3563936,3774560
73,4407808,2825936
74,3410176,2787648
75,3354672,2791520
76,3408160,2821728
77,3460992,3597904
78,4217744,2742384
79,3330016,2801376
80,3474208,3853072
81,4492368,2918976
82,3541920,3432400
83,3956720,3407600
84,4022672,3119552
85,3670704,2661648
86,3244400,4041808
87,4677792,3375168
88,3884320,3332512
89,3895536,3698912
90,3664720,3441408
91,4084000,2704528
92,3372352,2819072
93,3497664,3358288
94,3947536,2745552
95,3443728,3321680
96,3964368,2726544
97,3395824,3680992
98,4360864,2853456
99,3444160,2687424
100,3276672,2896928
101,3471424,2790416
102,3436016,3770048
103,4414160,2742352
104,3347040,2637184
105,3290048,2976384
106,3599776,3248160
107,3938464,2683376
108,3320000,3283904
109,3936928,2650352
110,3351760,3229856
111,3881744,2919328
112,3570112,3197200
113,3857024,2866752
114,3564256,2812496
115,3448256,3708336
116,4350384,2645200
117,3257696,3621792
118,4252304,3217024
119,3860784,3197424
120,3851344,2968656
121,3635872,4079264
122,4728848,3424816
123,3964848,4463296
124,4901776,2703360
125,3405968,3331408
126,4005440,2651392
127,3308080,3866992
128,4521360,6167920
129,6742784,3471904
130,4161312,2295776
131,3033488,2553296
132,3167120,3974416
133,4118448,2866336
134,3568928,2793296
135,3445888,3275600
136,4000160,2754768
137,3468720,2911072
138,3597968,3286080
139,3919968,2753088
140,3420048,3009120
141,3643280,3060144
142,3694992,2973888
143,3644032,3003088
144,3673024,2925376
145,3585680,3226992
146,3918400,3549456
147,4238880,2844560
148,3485648,2497504
149,3163328,3532848
150,4274160,3079920
151,3644832,2688096
152,3356320,2731504
153,3393296,2768640
154,3376256,3475712
155,4084816,2933168
156,3614928,2773968
157,3477584,3195408
158,3921056,2778384
159,3464720,3005184
160,3637744,2987424
161,3676784,3103264
162,3770480,3226864
163,3945792,2810544
164,3501552,2900384
165,3562752,3121264
166,3838688,3074928
167,3758448,2743376
168,3371824,3507040
169,4167728,2766160
170,3505488,2902400
171,3598304,3035872
172,3715552,3071520
173,3763248,2978608
174,3689568,3031904
175,3729760,3064304
176,3714272,2945104
177,3415744,2771344
178,3473440,3485552
179,4219776,2587744
180,3195936,2768752
181,3490352,3164960
182,3806128,2498160
183,3229616,3737408
184,3953696,2779520
185,3443904,3347488
186,4050912,2766208
187,3404496,2917888
188,3590688,2831984
189,3535696,3335568
190,4025712,2830896
191,3525872,3199600
192,3866016,2618368
193,3248304,3274288
194,3903888,2789104
195,3449456,3206688
196,3884432,3072992
197,3767056,2747008
198,3443104,3301040
199,4006928,3418064
200,4124352,3011312
201,3589184,3305008
202,3919856,3112288
203,3844384,2977712
204,3663152,3247152
205,3911232,3252672
206,3923392,3586176
207,4252928,2744512
208,3356752,2622976
209,3349440,3112144
210,3783328,2616384
211,3283728,3543840
212,4243936,2550624
213,3241424,3365088
214,4059264,2983376
215,3574176,2841392
216,3433680,2746912
217,3398752,3343520
218,4015136,2783536
219,3425456,2850784
220,3582640,3211904
221,3926768,2978624
222,3629440,3035360
223,3670208,3214720
224,3865552,2528400
225,3137648,3832096
226,4547984,2572208
227,3278688,2664128
228,3300912,3490336
229,4162672,2753856
230,3419472,2793632
231,3400208,3204944
232,3913024,3021504
233,3631104,2889360
234,3491712,3235712
235,3852240,2880208
236,3455760,2777296
237,3381968,3323600
238,3989344,2810816
239,3351408,3456000
240,4131200,2806656
241,3495680,3189552
242,3804224,2773184
243,3455744,2853152
244,3466688,3099968
245,3718416,2768736
246,3386848,3662432
247,4392432,2575840
248,3179008,2686912
249,3346144,3229376
250,3896640,3119104
251,3788416,2983520
252,3620480,2950864
253,3539184,3233088
254,3799072,3240032
255,3908080,2849168
256,3500704,3262800
257,3995776,3483424
258,4079744,7481696
259,7927728,5004240
260,4373024,4601408
261,4831616,4323232
262,4831232,3749856
263,4424192,4067024
264,4704496,3219456
265,3870800,3373648
266,3855920,3924832
267,4527120,3614448
268,3782560,3011760
269,3672896,2741424
270,3405184,2538672
271,3246832,3560784
272,3629232,3564352
273,4278768,2833792
274,3458096,2733408
275,3384496,2790400
276,3519536,3364816
277,4062752,2723696
278,3427696,3175872
279,3913040,3195936
280,3886224,2789104
281,3416032,3383200
282,4072384,2795488
283,3428544,2666784
284,3365536,3258112
285,3955344,2682704
286,3392880,3297728
287,3926544,2838608
288,3534672,3433744
289,4152720,2631072
290,3364256,2796544
291,3392560,3323824
292,3778320,2918464
293,3613936,3230368
294,3907296,3122560
295,3758928,2626592
296,3274128,3197152
297,3874192,2885552
298,3543280,2844720
299,3422304,2796368
300,3496176,3409696
301,4072704,2897056
302,3591536,2670080
303,3322544,3175136
304,3814624,2841968
305,3549840,3119456
306,3791088,3578832
307,4240464,2728784
308,3344688,2666240
309,3351376,3283488
310,4001040,2665856
311,3360784,3009840
312,3460272,3479568
313,4078992,2701728
314,3342816,3157264
315,3895936,2787200
316,3476208,2874672
317,3534768,3198080
318,3853920,3127104
319,3783952,3080656
320,3776208,3059952
321,3713104,2723088
322,3386144,2999088
323,3620288,3003680
324,3692224,3220192
325,3839648,2707808
326,3421920,3005712
327,3628064,2842368
328,3520000,3487344
329,4189200,3010752
330,3681184,3219856
331,3865120,2572048
332,3202480,2939440
333,3639024,3046624
334,3754640,3224272
335,3919632,2703376
336,3401616,2967536
337,3688720,3197056
338,3910080,3604144
339,4300176,2730944
340,3332912,2787728
341,3322176,2728736
342,3384976,3622368
343,4277840,2802656
344,3411152,2790624
345,3400752,3405616
346,4047904,2853984
347,3455184,2902352
348,3493280,2756816
349,3385088,2898832
350,3474240,2800480
351,3451216,3218688
352,3834736,2936464
353,3580592,3173120
354,3811152,2731824
355,3406464,3399056
356,4028544,2540688
357,3215632,3890576
358,4523024,2724272
359,3301824,2686736
360,3292704,2672368
361,3365760,3429120
362,4074688,3122496
363,3763968,2860528
364,3492336,2745424
365,3383952,2933584
366,3578288,3342384
367,4000160,3343840
368,4007120,2688800
369,3269872,2638112
370,3302208,3630000
371,4271136,2478560
372,2998032,2987232
373,3559008,2811168
374,3410736,3208816
375,3845408,2807072
376,3446752,3493568
377,4111440,2506864
378,3166944,3416448
379,4074064,2872000
380,3496656,3438480
381,4142160,2650112
382,3209536,2949808
383,3586224,2694992
384,3370848,3255600
385,3881296,2753728
386,3445696,3316096
387,3969648,2775152
388,3464608,3241600
389,3927440,2749440
390,3381968,3079312
391,3768256,3173936
392,3821760,2551600
393,3218928,2623968
394,3234880,3845408
395,3960608,2811488
396,3456352,3585808
397,4219152,2820112
398,3420336,2774960
399,3365152,2638256
400,3290896,3488528
401,4125872,2635584
402,3266880,2883568
403,3500400,3502144
404,4157328,2829360
405,3484336,3076640
406,3736960,2886176
407,3539872,2980624
408,3655392,3037984
409,3728032,3689216
410,4384416,3308224
411,3947520,4221504
412,4919328,2969152
413,3530912,2620688
414,3158800,2846592
415,3378336,2789824
416,3319856,2822880
417,3406384,3142768
418,3753760,2661920
419,3204400,3390000
420,4056464,2894304
421,3478432,2804416
422,3407744,2896544
423,3539472,3480928
424,4149152,2651424
425,3213536,3233984
426,3890096,2795744
427,3368800,3967984
428,4629056,3026336
429,3522944,3092992
430,3644592,3480784
431,3935008,4222576
432,4799008,2689328
433,3390240,3354256
434,4011376,2749152
435,3399600,2867472
436,3485312,3324320
437,3966960,2648256
438,3344656,3373920
439,4018128,2812032
440,3510720,3738704
441,4372848,2741456
442,3332256,2894448
443,3510000,2828240
444,3452960,2773840
445,3393968,2852448
446,3488912,3362576
447,3979008,3147520
448,3806352,3017648
449,3679760,2834720
450,3466048,2826912
451,3403264,2832048
452,3486976,3370832
453,4005120,2765360
454,3410256,3736304
455,4380432,2729360
456,3294752,2690576
457,3285024,2853600
458,3543536,3225440
459,3878512,2776656
460,3441056,3697328
461,4354800,2840640
462,3371648,2729344
463,3331728,2579424
464,3239552,2995984
465,3651984,3100512
466,3721904,3530608
467,4208448,2782352
468,3325616,2899104
469,3538256,2771152
470,3471040,3290992
471,3962256,2844496
472,3500976,2688608
473,3314352,3369056
474,3979840,3070656
475,3747872,2752352
476,3407392,3432000
477,4119824,2984272
478,3633728,2777744
479,3435472,2827536
480,3529376,3354240
481,4048032,2655696
482,3311520,2777680
483,3407760,3471568
484,4052096,2771216
485,3434512,3627504
486,4283888,2606800
487,3222800,2816176
488,3429040,2920880
489,3578816,3433680
490,4044816,2759408
491,3409008,2868240
492,3557408,2799184
493,3455552,3390320
494,4047152,2519632
495,3157184,3256912
496,3867968,3418704
497,4064512,3009296
498,3667392,2754816
499,3362224,2768656
500,3463248,3456176
501,4133872,2731424
502,3383328,3088752
503,3791072,3494176
504,4138160,3310064
505,3879840,2715088
506,3366560,3236608
507,3797200,3263680
508,3923072,3352192
509,4010048,2773616
510,3367696,3204464
511,3817120,2850800
512,3379152,3677536
513,4273856,2873792
514,3383328,2858736
515,3431984,2897984
516,3451264,2761888
517,3340864,3500208
518,4107504,2630192
519,3203712,2729264
520,3341376,3264592
521,3924016,2717072
522,3326896,3336240
523,3987920,2886272
524,3534752,3022336
525,3578976,2758384
526,3326400,3640416
527,4267168,2895904
528,3443264,2591296
529,3171056,3122624
530,3738080,2704432
531,3288384,3689456
532,4364800,2607520
533,3218512,2892448
534,3494624,2993840
535,3547536,3383600
536,3985856,2865232
537,3423328,2664384
538,3245824,3207664
539,3868000,2668432
540,3251520,3732896
541,4309168,2964480
542,3553376,2794944
543,3360592,2795520
544,3393328,2836896
545,3429056,3172832
546,3817056,2850896
547,3398016,3694128
548,4356672,2924304
549,3555520,2659184
550,3216816,2762576
551,3401120,2908096
552,3479664,3357120
553,4013824,2555904
554,3107360,3406720
555,4016672,2664112
556,3246400,3217328
557,3866192,3320928
558,3891488,2650800
559,3265584,2884080
560,3438976,3441360
561,4050928,2732688
562,3297632,2839024
563,3448976,3926496
564,4488752,3115344
565,3493840,3211968
566,3719424,3706016
567,4176912,3438896
568,3446720,3390320
569,3990928,3395280
570,4020752,2791392
571,3401264,2821248
572,3396992,2828176
573,3465152,2993792
574,3643776,2935312
575,3590976,3154576
576,3792512,2670960
577,3367360,3396688
578,4053648,2649200
579,3307216,3303632
580,3946224,2721408
581,3398688,3354480
582,4011808,2729552
583,3375088,3205696
584,3825744,2973840
585,3676016,2751376
586,3444512,2945568
587,3588064,3352160
588,3990368,2815680
589,3423616,2803776
590,3453600,3354048
591,3998176,3178928
592,3797504,3600464
593,4234048,3078336
594,3685472,2951008
595,3604352,3389808
596,4044032,3571152
597,4223040,2640128
598,3279936,2985600
599,3587296,2846000
600,3425504,3320080
601,3957760,2854720
602,3443136,3359120
603,3946336,2787744
604,3364928,2860384
605,3429488,2800048
606,3383584,3453984
607,4012224,2526272
608,3099936,3114544
609,3739600,2955120
610,3512880,3428992
611,4020912,2736560
612,3337728,2740928
613,3333296,3007824
614,3646256,3407104
615,4050864,2600304
616,3195872,2955312
617,3614896,3082224
618,3699504,3421520
619,3999856,3041488
620,3608896,2741824
621,3308784,2795296
622,3400752,3703424
623,4349600,2886432
624,3500304,3531952
625,4093920,3255472
626,3662960,3375472
627,3903840,4001472
628,3985552,2800192
629,3465488,3071696
630,3759328,3580288
631,4224480,2831392
632,3431344,2879104
633,3451760,2837648
634,3539616,3302560
635,3986432,2748096
636,3336304,2940416
637,3524656,2732400
638,3338496,3485952
639,4131136,2812544
640,3437648,2779088
641,3463808,3421040
642,4062864,2876624
643,3502608,3107312
644,3658688,2979248
645,3634368,3058720
646,3679840,2823680
647,3464560,2885872
648,3507392,3142240
649,3833552,3096672
650,3648688,2803376
651,3416064,3278688
652,3930096,2723632
653,3326112,2668208
654,3351872,3546784
655,4175008,2882816
656,3530944,3788016
657,4430896,3296368
658,3947120,3412480
659,4028160,2845072
660,3427136,2817824
661,3399440,3884800
662,4476304,3741456
663,4278400,4115504
664,4126080,2662128
665,3360080,3383296
666,4033536,2820272
667,3466576,3379344
668,4025136,2816560
669,3408592,2949728
670,3604752,2849360
671,3526704,2861168
672,3509728,2961936
673,3616112,3216432
674,3855696,2921520
675,3572608,3237616
676,3895024,2829824
677,3487856,2689904
678,3311248,3710720
679,4291248,2680320
680,3301504,2916848
681,3556928,2776624
682,3407168,3371232
683,4016304,2806016
684,3506016,2856768
685,3490608,3612448
686,4241264,2713904
687,3325376,2649232
688,3340784,3343312
689,3962080,2788448
690,3473376,2893888
691,3585968,2548224
692,3201600,4166736
693,4181040,2827296
694,3393920,2963856
695,3567392,3212144
696,3856144,2828896
697,3398768,2918096
698,3568528,2921392
699,3560576,2824480
700,3465408,2918704
701,3562256,3431104
702,4067904,3041904
703,3595328,2870704
704,3344448,2594576
705,3282944,3700944
706,4395888,2759056
707,3362032,3084608
708,3730320,2725648
709,3221104,3058208
710,3758080,2796416
711,3430016,3276944
712,3918416,2512864
713,3169520,3338528
714,3983360,2784704
715,3467936,2870448
716,3557072,3411488
717,4067504,2946768
718,3601200,2635392
719,3288880,3348160
720,3991088,2721600
721,3402928,3059488
722,3739504,3325248
723,4006992,2777696
724,3434368,3315936
725,3925728,3104176
726,3758320,2962992
727,3566896,3014048
728,3561808,2926976
729,3396192,3168640
730,3793456,2938512
731,3520016,2784384
732,3305120,2617280
733,3284032,3336128
734,3977264,2940896
735,3588496,2998752
736,3681488,2989040
737,3680704,2785104
738,3469904,3310384
739,3993584,2577072
740,3220528,2561600
741,3201776,3647840
742,3756576,2797680
743,3446640,3292688
744,3903328,3195840
745,3890432,2888912
746,3520176,2772656
747,3423184,2901376
748,3541360,3381840
749,4034192,3007360
750,3656512,2581216
751,3238672,3491936
752,4134848,2870592
753,3456112,2813712
754,3454176,2960960
755,3612384,2730320
756,3315296,3530640
757,4117120,3114880
758,3752528,2834048
759,3466496,2933712
760,3561904,3134752
761,3837376,3135904
762,3782480,8518912
763,9122480,5912160
764,6644640,2388096
765,3023776,3022768
766,3678096,3114512
767,3742592,2866816
768,3420864,4000688
769,4616640,6237264
770,6971824,3691008
771,4216400,8386592
772,16331344,5326352
773,8847920,3109936
774,5105104,3003904
775,3648096,2992896
776,3583040,3570784
777,3572768,2424080
778,4150208,3017712
779,3078128,3035344
780,3642480,3113040
781,3636512,3560752
782,3704336,3510832
783,4142992,3558896
784,4100768,3444144
785,4040896,4158240
786,3451920,3385760
787,4777392,3373408
788,4008848,2836736
789,3998224,3193504
790,3410656,2823424
791,3782528,3315664
792,3406432,2687584
793,3920272,2691344
794,3124880,3562528
795,3268112,2431712
796,4230448,3302640
797,3025376,2837856
798,3952208,3327520
799,3415872,2874400
800,3988240,2798624
801,3423904,3177824
802,3408768,3161888
803,3835856,2650992
804,3753728,3163776
805,3257216,2703856
806,3679616,3561152
807,3303472,2728304
808,4229248,4258976
809,3327504,3529088
810,4837472,3506240
811,4133808,3477264
812,3534768,2850432
813,4106176,6038128
814,3450880,3617360
815,4240976,3152288
816,3649744,3364896
817,3761872,2839344
818,4004400,3489616
819,3469552,2773440
820,4152320,2786400
821,3427264,2738320
822,3374160,3153792
823,3382544,2739776
824,3811648,3278176
825,3441552,2851600
826,3885888,2825296
827,3538736,3373648
828,3444128,2627200
829,3990512,3000928
830,3294560,3565472
831,3653760,3057920
832,4198128,2956208
833,3631360,2846048
834,3546352,3753136
835,3411008,3156928
836,4377168,3251104
837,3811760,3040288
838,3946944,2963520
839,3630624,3435520
840,3561088,2615840
841,4035184,4020512
842,3231424,3753104
843,4506496,4029200
844,4136448,2543856
845,4014288,3360576
846,3212544,3089680
847,3996096,2724912
848,3789232,2846496
849,3390928,3354112
850,3463488,2667088
851,3991328,3253216
852,3332176,3474544
853,3892688,2744848
854,4165616,2824016
855,3328512,2716736
856,3410864,3396720
857,3390384,2741600
858,4054080,3015008
859,3394752,3244272
860,3643376,2802384
861,3901168,2907248
862,3457344,3193856
863,3557776,2759376
864,3817952,2458688
865,3460768,3806880
866,3140464,3182496
867,3875360,2822672
868,3848752,3214048
869,3464320,2816432
870,3843920,2810064
871,3378432,2964704
872,3464336,2816976
873,3611104,3425760
874,3434736,3009616
875,4078560,2918832
876,3565584,2949056
877,3574144,2712320
878,3646432,3316688
879,3404416,3054240
880,3966752,2943744
881,3740768,2826272
882,3581696,9235840
883,3504096,3210256
884,9877936,4409088
885,3942816,3504240
886,4822912,3114736
887,4005584,8416496
888,3673024,2684640
889,8907456,3138624
890,3425056,2639744
891,10730224,8687264
892,13686288,2971616
893,3845424,7440160
894,3285200,2622448
895,9177568,3608080
896,3687424,6508208
897,8059216,3065616
898,3222080,3455248
899,3372272,3574880
900,3597600,2645936
901,3719760,3295152
902,4039728,2812752
903,4248000,3219456
904,3241168,2857632
905,3978192,2930208
906,3415568,3522464
907,3952032,2762928
908,3509936,3946720
909,3653872,3855904
910,4255712,3354128
911,3457376,3322064
912,4626992,3085536
913,4447472,2812912
914,3385184,2847792
915,3968672,2551536
916,3805328,3736416
917,3524864,2510432
918,3516880,3408208
919,3228944,6879200
920,3980496,3054432
921,3239264,2990496
922,4039008,3162448
923,7590416,2723920
924,3717920,3208288
925,3639104,3570656
926,3728400,3754864
927,3390736,3057888
928,3907408,3413184
929,4266752,3159952
930,4385424,2713264
931,3701440,2839936
932,4110896,2986592
933,3837824,2786240
934,3432384,3260256
935,3538304,3251888
936,3633520,2745616
937,3442048,2822496
938,4001504,3149488
939,3879104,2648464
940,3394176,3379280
941,3469456,3017184
942,3812528,2852880
943,3307552,3269632
944,4060736,3083312
945,3597712,2779888
946,3522160,3812192
947,3971520,4624016
948,3720592,2810464
949,3459168,3247920
950,4460800,2698176
951,5097728,3551488
952,3466032,3039696
953,3910176,2713104
954,3417792,2795664
955,4243504,3230704
956,3685872,2891408
957,3315392,3134448
958,3455168,2793456
959,3888368,2983584
960,3623072,3050992
961,3850256,2789504
962,3499552,3541632
963,3701488,2640736
964,3781360,2441488
965,3502768,3363088
966,4210064,2925632
967,3346288,2986736
968,3159328,3263968
969,3529744,3104624
970,3560016,2723200
971,3633744,2544752
972,3848736,3802576
973,3808304,2872528
974,3445824,3158544
975,3145120,2798112
976,3926720,3101024
977,3610016,2741024
978,3413008,3003248
979,3510896,3312880
980,3755808,3279232
981,3375664,2841184
982,3623520,2878608
983,3990688,3139088
984,4001920,4172464
985,3476528,3387392
986,3566528,2800960
987,3802432,2777984
988,4862112,3201024
989,4100960,2806416
990,3450768,7492112
991,3430800,2536064
992,3883952,3093440
993,3427952,3324208
994,8172480,3457600
995,3265584,3870752
996,3682352,4281664
997,3974384,2631520
998,3965648,3221296
999,4552752,2944256
1000,4335104,3187136
1001,3311824,2896752
1002,3914448,2589568
1003,3642624,3162112
1004,3900640,2792032
1005,3502432,2525456
1006,3318576,3626640
1007,3899952,3094032
1008,3482864,2649376
1009,3225232,3389664
1010,3860208,2856128
1011,3808368,2877792
1012,3383152,3122880
1013,3961712,2774928
1014,3544256,2468048
1015,3577392,3478272
1016,3818768,3280400
1017,3481824,2892672
1018,3102672,3475872
1019,3573616,2709552
1020,3925760,2606256
1021,3593568,2633312
1022,4170112,3345216
1023,3372336,3960208
1024,3328624,3448960
1025,3183216,3362320
1026,3341296,3694368
1027,4498960,3064976
1028,4162080,2506160
1029,4049360,2947040
1030,4382000,2714352
1031,3598464,3483936
1032,3115120,3015728
1033,3553904,3069904
1034,3335264,2880784
1035,4160304,2657056
1036,3704656,3269392
1037,3716384,2601152
1038,3489584,3031232
1039,3371728,3190592
1040,3982656,2741024
1041,3267744,3393920
1042,3753440,2673760
1043,3884368,3331200
1044,3354544,2889136
1045,4109872,2781696
1046,3343296,3191760
1047,3984016,3160560
1048,3509968,2748096
1049,3396144,2733808
1050,3878480,3340048
1051,3829872,3230416
1052,3459424,2647520
1053,3445760,3146192
1054,3989040,3152592
1055,3862848,2625344
1056,3284576,3347680
1057,3813248,3039632
1058,3815664,2718640
1059,3332032,3255712
1060,4088592,2719632
1061,3727328,2959488
1062,3405648,3205856
1063,3975680,2949744
1064,3321408,2845936
1065,3657168,3043152
1066,3882304,3243568
1067,3573520,2883600
1068,3471328,2613008
1069,3688368,3395600
1070,3931200,3127920
1071,3561296,2905456
1072,3183792,3063792
1073,4113712,2893408
1074,3796832,2882400
1075,3504432,2756016
1076,3699248,3226560
1077,3538544,3169216
1078,3477104,2976656
1079,3454096,3211568
1080,3901600,2931824
1081,3847008,2689424
1082,3647040,3520320
1083,3895152,2433520
1084,3535520,3485104
1085,3368736,2853312
1086,4179040,2843744
1087,3111584,3429376
1088,4226560,2627968
1089,3538144,3328352
1090,3528400,2551440
1091,4065568,2644144
1092,3291968,3573296
1093,4006944,2841696
1094,3253808,2897808
1095,3352992,3110544
1096,4314064,3085808
1097,3506864,2738256
1098,3415312,3339184
1099,3810992,2814096
1100,3753664,2650656
1101,3352224,3550640
1102,4037248,2884752
1103,3445968,2588096
1104,3288992,3387008
1105,4273952,2803360
1106,3590592,3096224
1107,3225824,3129312
1108,4056832,2772272
1109,3501936,2990960
1110,3756336,3330128
1111,3841696,2829632
1112,3389520,2845840
1113,3618480,2798544
1114,4029440,3588496
1115,3499472,2693664
1116,3487552,2726720
1117,3430512,4177536
1118,4293520,3236704
1119,3260976,3431376
1120,3361632,3984656
1121,4847984,3071104
1122,3743680,2873296
1123,3985040,2951632
1124,4128176,3552832
1125,3769792,2616896
1126,3587072,2750512
1127,3598512,3551248
1128,4260704,2689504
1129,3338416,2772560
1130,3466528,2857936
1131,4202432,3455616
1132,3351856,2872976
1133,3459120,2980656
1134,3568624,2976368
1135,4064640,3402640
1136,3579984,2998320
1137,3691680,2742560
1138,3673664,2514576
1139,4131024,3353792
1140,3592768,2897888
1141,3374544,3124576
1142,3214320,2981280
1143,4055424,3018256
1144,3571152,3157232
1145,3790592,2545280
1146,3689984,3506896
1147,3722960,2662656
1148,3840416,3137408
1149,3275264,2877648
1150,4113776,2474736
1151,3345248,3714432
1152,3875744,2756176
1153,3595056,3181872
1154,3191168,2612832
1155,3850704,3327040
1156,3484000,2706304
1157,3894288,3470352
1158,3344816,2769424
1159,3989360,3066784
1160,3308816,2962032
1161,4107424,3221456
1162,3474848,2925280
1163,3773840,2592208
1164,3619680,2690224
1165,3918896,3590800
1166,3624208,3175344
1167,3261088,2505472
1168,3344544,2654256
1169,3736640,3778400
1170,3817872,2822480
1171,3204080,3269664
1172,3277808,2556272
1173,3921488,3432080
1174,3536192,2516928
1175,3959744,3312960
1176,3269056,2790048
1177,4082912,3364496
1178,3235104,2766992
1179,3957408,3172000
1180,3449472,2662304
1181,4065296,7429200
1182,3397088,2775248
1183,3874112,3039792
1184,3384272,2656448
1185,8008656,3505456
1186,3399984,2834672
1187,3771968,3327664
1188,3313536,2676288
1189,4167936,3534624
1190,3528320,3220096
1191,4035344,3445296
1192,3317328,3942688
1193,4245152,2886400
1194,3868256,2663712
1195,4124944,2458912
1196,4619168,3225744
1197,3600944,3986768
1198,3271120,3228032
1199,3149776,3315136
1200,3939216,3467984
1201,4655760,3720192
1202,3833216,2844320
1203,3741824,3235456
1204,4127664,2781616
1205,3798080,2712928
1206,3574496,3182592
1207,3928080,3109680
1208,3481040,2899440
1209,3362224,3349920
1210,3882272,2735264
1211,3797456,2370112
1212,3622880,3400624
1213,4029456,3314016
1214,3403808,2781104
1215,3104032,3308384
1216,3554928,2828960
1217,3953168,3149472
1218,3485984,2860432
1219,3994240,3039040
1220,3566416,3068960
1221,3890832,2651184
1222,3580336,3344048
1223,3741776,2795440
1224,3806144,3360896
1225,3362608,2650320
1226,3984576,3140304
1227,3497840,2787248
1228,4070544,3308144
1229,3320352,2830464
1230,3861344,3087392
1231,3458048,3293504
1232,3979872,2634032
1233,3558000,3077856
1234,3710048,2938864
1235,3997424,3020192
1236,3366304,2896688
1237,3784944,2958800
1238,3616096,3284960
1239,3619904,2764544
1240,3527920,3286880
1241,3623696,2811376
1242,3874992,3041360
1243,3492448,3116016
1244,4019088,2835120
1245,3463312,3129248
1246,3729232,2777936
1247,3837760,3174352
1248,3528800,10915008
1249,3798544,5049744
1250,3478560,3084336
1251,3847904,3279200
1252,3531040,3208672
1253,5735616,3156320
1254,3772336,3311616
1255,3823584,4152448
1256,3720080,5760032
1257,3712416,3003344
1258,3917440,2960112
1259,4180880,2872288
1260,20662944,2904656
1261,5702560,2944944
1262,3676304,3482896
1263,3664656,2625376
1264,3419120,2979888
1265,3597904,3381120
1266,3595008,2788192
1267,4068128,3061408
1268,3340272,2397248
1269,3694192,3444112
1270,4098176,2418640
1271,3483472,3523184
1272,3771888,2608736
1273,3084880,3736432
1274,3536320,2635888
1275,3135424,3114800
1276,3581792,3139200
1277,3313856,3593888
1278,3949376,3390064
1279,3373584,3463088
1280,3783472,2739696
1281,3820288,3816656
1282,4309376,2832112
1283,4016560,3215728
1284,4164560,2782048
1285,3430672,2617984
1286,4550416,3380960
1287,3540112,2838768
1288,3903104,2905008
1289,3398320,2735344
1290,3313664,3337520
1291,4096880,2617712
1292,3373184,3319888
1293,3492912,2998528
1294,3356928,2601248
1295,4080608,3267664
1296,3284064,3317920
1297,4010528,3051328
1298,3693376,2526608
1299,3293120,3278192
1300,3954384,2896384
1301,4039680,2721632
1302,3707392,3464288
1303,3220112,2619232
1304,3978400,3434480
1305,3542624,2812352
1306,3368880,2670944
1307,4174544,3278416
1308,3273120,3457280
1309,4157248,2591952
1310,3501472,2884736
1311,3348720,3218320
1312,3989216,2856384
1313,4112928,2585840
1314,3320800,3116208
1315,3452224,3463648
1316,3939776,2676624
1317,3469648,3345312
1318,3242896,2691344
1319,3819680,2937552
1320,4198064,2782784
1321,3373056,3205856
1322,3990576,3350480
1323,3399440,4057536
1324,3636752,3249376
1325,3482736,3890528
1326,3907760,3200384
1327,4006976,2553440
1328,4750688,3366176
1329,3848336,3049568
1330,3993488,2804720
1331,3906784,3173664
1332,3276432,2828736
1333,4027584,3163088
1334,3696784,2924272
1335,3486960,3112720
1336,3894832,2638624
1337,3511552,3181984
1338,3859424,2839888
1339,3581392,3696672
1340,3768128,2845296
1341,3359344,2709328
1342,3867168,3235968
1343,3530480,2584112
1344,4267120,3405008
1345,3529712,2593184
1346,3371472,3185248
1347,3927152,3267072
1348,3293296,2669712
1349,4059488,2766016
1350,3289968,2604832
1351,3855376,4096192
1352,3949200,2606544
1353,3398768,2747904
1354,3474944,3466400
1355,3269776,2833536
1356,4232144,2658896
1357,3185520,2482672
1358,3377584,3812240
1359,4129520,2377024
1360,3479120,3342928
1361,3358784,3277200
1362,3160128,3461424
1363,3904704,2943008
1364,3077136,2649664
1365,3568240,2766608
1366,3975168,3074896
1367,4185696,2465632
1368,3638304,3731696
1369,3275728,2750704
1370,3455072,3283792
1371,3747600,2733856
1372,3160528,3133184
1373,3928480,3001728
1374,3469104,2687808
1375,3962976,3404112
1376,3451792,2822496
1377,3838448,2916144
1378,3669216,3436032
1379,3391984,2715328
1380,3902960,2990256
1381,3535024,3128496
1382,3444736,3506240
1383,4123408,2968672
1384,3429552,3746864
1385,3666048,3285008
1386,3846880,2583408
1387,4247184,3185616
1388,3590336,3345968
1389,4254368,2627680
1390,4026992,2812208
1391,3205760,3388848
1392,3928896,3024256
1393,4019968,2662816
1394,3285744,3238576
1395,3448960,3192224
1396,4100928,2697344
1397,3641168,3278336
1398,3347600,2561040
1399,3947056,3379488
1400,3908640,3120192
1401,3349568,2894000
1402,3939808,2776352
1403,3224288,3334384
1404,4078176,2425952
1405,3804608,3298800
1406,3593744,3970048
1407,3415904,2695984
1408,3978016,5720048
1409,3093824,6845328
1410,4002576,6372416
1411,4662720,3158080
1412,3350688,2949872
1413,6363408,2838176
1414,7374240,2736608
1415,6625488,3821040
1416,3818624,3574928
1417,3549632,3403552
1418,3483712,2947184
1419,3382208,3512416
1420,4384880,3002208
1421,4146880,2727600
1422,4118720,3197024
1423,3593728,3098528
1424,4231600,2537024
1425,3714784,2997952
1426,3347072,3045360
1427,3893184,3617376
1428,3792560,2912208
1429,3267808,3360784
1430,3655824,3523280
1431,3648368,4083312
1432,4311296,2950112
1433,3501584,2801376
1434,3866432,3149184
1435,3993040,2959104
1436,4241312,2769792
1437,3656736,3425264
1438,3477392,3459456
1439,3840320,3414160
1440,3620096,3287264
1441,3391248,3402112
1442,4062784,2976208
1443,4142048,2865648
1444,4053488,3131888
1445,3957792,2925200
1446,4088896,3088144
1447,3588560,2618592
1448,3538256,3312016
1449,3777632,2786656
1450,3586336,3168080
1451,3720512,2598992
1452,3302144,3352160
1453,4023664,2675104
1454,3445872,3392992
1455,3827616,2948352
1456,3234256,3044192
1457,4052080,2802816
1458,3304864,3194368
1459,4045936,2951376
1460,3582368,3158704
1461,3627264,2891536
1462,3455632,2833120
1463,3898432,3172608
1464,3554896,3344832
1465,3830992,2921296
1466,3469296,2689104
1467,3420000,3570256
1468,3828656,2816816
1469,3956176,2791616
1470,3520672,2576528
1471,3386576,3273040
1472,4214352,3083392
1473,3439904,3048944
1474,3492080,3325712
1475,3189728,2831360
1476,3982016,2583712
1477,3664576,2987600
1478,3672192,3555328
1479,3964704,2421504
1480,3408064,3196928
1481,3319904,3264192
1482,3645520,2705584
1483,4234448,2855120
1484,3100656,3582704
1485,3875296,2713392
1486,3959136,2836608
1487,3440928,2854768
1488,3464464,3528272
1489,4275840,2526688
1490,3443168,3658960
1491,3470640,2474896
1492,3511248,2986112
1493,4204016,3431568
1494,3167456,3155296
1495,4366016,3211056
1496,3130512,3678832
1497,3597808,3633072
1498,4106016,3103984
1499,3743968,3308304
1500,3764048,2689808
1501,4125360,3719456
1502,3655504,2719392
1503,3777152,2507664
1504,3992944,3398080
1505,3391280,2862880
1506,4280112,2846304
1507,3347728,3308240
1508,3176896,2923232
1509,4036656,2735792
1510,3563808,3074880
1511,3515504,3116416
1512,4019168,2815888
1513,3572560,3160512
1514,3429840,2859792
1515,3735200,3226672
1516,3844448,2608288
1517,3510592,2566208
1518,3833792,3730576
1519,3517872,3457328
1520,3930752,2801472
1521,3314176,2848672
1522,3240544,2776464
1523,3820528,3080896
1524,4149216,2721232
1525,3499840,3356784
1526,3528144,3182736
1527,3472528,2461072
1528,3742688,3400976
1529,3435008,2759248
1530,3970640,3303712
1531,3878512,2730816
1532,3140544,3662432
1533,3989440,2551616
1534,3452352,2994928
1535,3990080,3001760
1536,3436672,3265728
1537,4398928,2616384
1538,3190464,2679520
1539,3672720,3536160
1540,3696464,2710208
1541,3981184,3001904
1542,3354384,2895360
1543,3353008,2962256
1544,4086736,2930208
1545,3412832,3132960
1546,3660560,3179280
1547,3617568,3029312
1548,3578768,2711952
1549,3625888,3364336
1550,3780880,3051824
1551,3859088,2847280
1552,3690592,2619360
1553,3386400,3552000
1554,4078080,2708432
1555,3752816,3222400
1556,3543248,2898144
1557,3318480,2964496
1558,4195840,3081344
1559,3411664,2728736
1560,3911520,3291776
1561,3593936,3093328
1562,3648912,2838976
1563,3756208,2968480
1564,3422560,3463296
1565,3925616,3702912
1566,3799008,3486832
1567,3545440,2976112
1568,3635328,2774976
1569,4121600,3376256
1570,4390304,2842464
1571,4184960,2836928
1572,3597376,3177344
1573,3407440,3472464
1574,4057248,2688544
1575,3485536,2721728
1576,3509904,3210192
1577,3767760,2693888
1578,4069952,3431808
1579,3311488,2631392
1580,3382224,3160272
1581,3928272,2930912
1582,3374704,2904848
1583,4079136,3699232
1584,3295152,2562784
1585,3858352,2930096
1586,3561808,3068768
1587,3548384,2762928
1588,4390640,3639072
1589,3166384,2478976
1590,3636592,3133232
1591,3748624,2876320
1592,3442384,2815248
1593,4355376,3556240
1594,3110992,2572832
1595,3717152,2659024
1596,3509568,3969840
1597,3456896,2908608
1598,4218560,2870128
1599,3244688,2893024
1600,3308208,2549696
1601,4623056,3210688
1602,3549584,3152208
1603,3446080,2760144
1604,3564192,2764176
1605,3241328,3421616
1606,3876320,2812800
1607,11719088,2618032
1608,3840224,3344320
1609,3448512,2754576
1610,3451632,3485344
1611,4111472,2564752
1612,3475456,3284480
1613,3245600,2745488
1614,4033936,3334864
1615,3391136,2688192
1616,4226240,2792128
1617,3236176,3345408
1618,3951056,2848768
1619,3379856,2792336
1620,4012416,3830656
1621,3314208,2816544
1622,3447264,2541568
1623,4026448,3276096
1624,3503344,2881904
1625,3470048,2665696
1626,4501168,4560320
1627,3531600,3142432
1628,3250368,3115712
1629,3971744,3875040
1630,3518208,3159376
1631,3269904,2881088
1632,5208192,2823888
1633,3802736,3331568
1634,3834768,2722816
1635,4021648,3498128
1636,3841040,2409552
1637,3572208,3266464
1638,3553648,2674528
1639,3966608,3415696
1640,3424480,2745840
1641,3986032,3261152
1642,3140640,2665184
1643,3868320,3435888
1644,3369056,2857760
1645,4114176,2802112
1646,3455216,3282800
1647,3962784,2859632
1648,3377984,2967008
1649,4038848,2703136
1650,3520736,3125328
1651,3462320,2948496
1652,3994304,3627920
1653,3553296,2563808
1654,3645632,3304768
1655,3266960,2798944
1656,3731136,2814560
1657,3645024,3145344
1658,4223328,3207328
1659,3218304,2754496
1660,4004640,3121056
1661,3463440,3143184
1662,3512160,2870768
1663,3839040,2901744
1664,3893840,3113440
1665,3427344,3052976
1666,3795952,3026544
1667,3483792,2770240
1668,3545920,3486528
1669,3499664,2911680
1670,3675408,3001168
1671,3662880,2963264
1672,3699312,2720256
1673,3408192,2731488
1674,4211696,3039840
1675,3622224,4086032
1676,3578000,4671248
1677,3600432,4361952
1678,3363280,3455648
1679,3399040,3775024
1680,3597344,3307952
1681,4685328,3493920
1682,4973376,4100432
1683,4913360,4397600
1684,4153408,3182528
1685,4461824,4112496
1686,4020624,2851744
1687,4195840,3565296
1688,4768480,6835632
1689,4406128,2818608
1690,3875184,3175856
1691,4588576,3223728
1692,3444288,2978464
1693,4225392,5081536
1694,3445936,2646016
1695,3451584,2760224
1696,3725648,3380400
1697,3876384,3511552
1698,3593040,4252752
1699,3748784,3138944
1700,3320192,2809216
1701,3453536,3238976
1702,3902304,3458544
1703,4186944,2786944
1704,4912304,2748704
1705,3792480,2853856
1706,3447440,3072736
1707,3866720,3157616
1708,4102288,3142224
1709,3516416,2850288
1710,3400912,3905136
1711,3514336,4184592
1712,3700352,3201072
1713,3795072,3944784
1714,3694544,3231568
1715,3468880,2608192
1716,4467728,3390384
1717,4786640,2835392
1718,3843376,3490000
1719,4506432,2919872
1720,3915168,3884976
1721,3291312,3560416
1722,4093136,4197520
1723,3492224,2655488
1724,4162608,3891344
1725,3586736,4581536
1726,4538064,3555008
1727,4087424,4026256
1728,4236528,2776016
1729,3292688,2815856
1730,4509488,3433520
1731,5257392,2966240
1732,4025680,5091872
1733,3973808,2620736
1734,3474688,3350192
1735,3460496,3386704
1736,4103328,4305456
1737,3590352,3585488
1738,5649536,16440368
1739,3113584,5262048
1740,4057648,4929680
1741,3977856,6889408
1742,4860640,3921584
1743,4245840,5900400
1744,7434544,5303504
1745,5916672,2847104
1746,5198096,3244768
1747,7037504,3274288
1748,4628224,3041920
1749,4425632,3591120
1750,5788112,3734384
1751,3448224,2955104
1752,3937104,3438976
1753,3937168,3763328
1754,3610752,3951088
1755,4169504,2984096
1756,4424128,2935568
1757,3678784,3101152
1758,4033728,2758416
1759,4414816,3091744
1760,4600496,2825040
1761,3617376,3981808
1762,3605184,3932992
1763,3787680,3531824
1764,3458256,3110592
1765,3694832,3451328
1766,3518288,3472608
1767,4562608,4538592
1768,4408512,3917152
1769,4088576,2958144
1770,3638784,3009792
1771,3994672,3269248
1772,3972128,2947168
1773,4447296,2617104
1774,4423696,5774688
1775,3560912,2987008
1776,3618400,2854592
1777,3817216,3054912
1778,3650592,4322256
1779,3311440,3428864
1780,6414784,4517584
1781,3620112,5716800
1782,3500016,3868384
1783,3723312,6044064
1784,4971904,5383648
1785,4078096,7154752
1786,4965888,4429760
1787,5602976,5417920
1788,4412576,3084560
1789,5701760,4154656
1790,6093408,3330448
1791,7445360,3285344
1792,4929440,3547216
1793,6106928,4126272
1794,3744048,3407200
1795,4869088,3908976
1796,3876768,3786960
1797,3843968,2528160
1798,4168256,2863056
1799,4734144,4132144
1800,3994160,6913936
1801,4511264,4955392
1802,4344272,5793952
1803,3127600,4008192
1804,3396048,5728224
1805,4706016,6510800
1806,7378048,4771264
1807,5388192,3001360
1808,6050992,2954384
1809,3860704,3518304
1810,6253408,3591248
1811,5931872,3654576
1812,5133008,2848560
1813,3574656,3308688
1814,3500448,5303056
1815,3848096,3008928
1816,4129936,2986736
1817,4283280,2971856
1818,3404192,2785232
1819,3847552,4550320
1820,5705008,2992080
1821,3464576,2542160
1822,3466400,3702624
1823,3563248,3002448
1824,3302896,2730992
1825,5203392,2750784
1826,3584704,2988608
1827,3121664,3284992
1828,4368448,2891008
1829,3639904,2850512
1830,3293840,3221184
1831,3353152,2678960
1832,3566832,3512928
1833,3834624,3047984
1834,3393664,2645552
1835,3351264,2975984
1836,3713936,3555648
1837,3256144,2938704
1838,4138928,2647280
1839,3607776,2869856
1840,3221152,3472192
1841,3548400,3075104
1842,4133712,2543872
1843,3576448,4236864
1844,3208288,4313680
1845,3429104,4997376
1846,4064912,2827936
1847,3511648,5177200
1848,3238880,6089536
1849,4820064,6178992
1850,4963152,4816736
1851,4783504,4913408
1852,3450288,4695584
1853,5747568,3343200
1854,6719264,2349632
1855,6200592,3530272
1856,5386560,2747072
1857,5583232,3955808
1858,5234096,3331184
1859,4033232,3707824
1860,3064976,2556112
1861,4264768,3408592
1862,3441328,2586672
1863,4599328,3036128
1864,3948608,3491344
1865,4392816,2750544
1866,3164176,2753328
1867,3975120,3501216
1868,3206656,2608288
1869,3607568,3016992
1870,4071328,3009376
1871,3309120,2604128
1872,3408864,3345648
1873,4099168,3327056
1874,3146256,1808544
1875,3613344,2777248
1876,3577104,2605456
1877,3173440,3561104
1878,3980880,2520704
1879,3899328,2814512
1880,2434192,3323296
1881,3413552,2764448
1882,3212992,2911424
1883,4219584,2903584
1884,3129152,3394656
1885,3517392,3000784
1886,4018240,2806272
1887,3349488,2807392
1888,3552048,3356672
1889,3506192,2779408
1890,4050288,3412480
1891,3641808,3076688
1892,3446656,2532112
1893,3450960,2848640
1894,4001600,3333600
1895,3445632,2673584
1896,4014256,3370304
1897,3635776,2988400
1898,3099648,2796608
1899,3471648,3112656
1900,3992224,2684080
1901,3328608,3486448
1902,4026800,2570320
1903,3639360,3199200
1904,3443264,2874176
1905,3739696,3390560
1906,3384000,2771648
1907,4122928,3462912
1908,3269872,2818784
1909,3856896,2725920
1910,3517264,3603152
1911,4069552,2714368
1912,3401376,2772192
1913,4154208,2901216
1914,3420384,3181168
1915,3333344,2866656
1916,4281376,2812288
1917,3268528,2959808
1918,3343504,2925344
1919,3543376,2948096
1920,3868016,3308304
1921,3469872,3015008
1922,3510480,2864192
1923,3618400,3263824
1924,3609136,2733648
1925,3582704,2820928
1926,3945616,3416464
1927,3710688,2813744
1928,3567520,3190832
1929,3922880,2965184
1930,3386368,3018368
1931,3458080,2960976
1932,4063296,2770288
1933,3466992,2999840
1934,3848784,3840912
1935,3614480,2612032
1936,3649088,2756912
1937,3610240,2869344
1938,3398224,3556496
1939,3620704,2682736
1940,4527232,2943008
1941,3251760,2919872
1942,3350640,2784160
1943,3541280,3214080
1944,4184304,2796976
1945,3282272,3078336
1946,3482128,3211840
1947,3564640,2654544
1948,3485872,3381616
1949,3905008,2743728
1950,3495248,2810976
1951,3760384,3590144
1952,3815056,2758384
1953,3305936,2813392
1954,4038304,3218112
1955,3386944,2827408
1956,3461712,2857696
1957,4227696,3323600
1958,3329088,2722320
1959,3436896,3654208
1960,3835392,2900176
1961,3420080,2949568
1962,3500896,2925952
1963,3969136,2997248
1964,3358160,3040464
1965,4335072,2721104
1966,3462512,3163344
1967,3461968,3068080
1968,3505264,2652544
1969,3618128,3218752
1970,3661072,2699808
1971,3316544,3196608
1972,3857184,3505936
1973,3730880,2641136
1974,3293696,2611264
1975,3838784,3264544
1976,3358192,3072416
1977,3882624,2656560
1978,4201776,3383472
1979,3161296,2569312
1980,3271664,3347600
1981,3920528,2949904
1982,3766400,2763168
1983,3248384,3313360
1984,3994640,2752464
1985,3234176,2890432
1986,4004896,3418656
1987,3641200,2787312
1988,3441504,3372112
1989,3950688,2800352
1990,3412560,2773408
1991,3584640,2832496
1992,4063648,3360944
1993,3446784,2645088
1994,4015856,0
1995,3401968,0
1996,3424064,0
1997,3451344,0
1998,3992752,0
1999,3347600,0
===CSV_END===
=========================================
HI_NET_PING_DONE run=4
