HI_NET_PING_START run=9
Probes: 2000  |  Protocol: UDP  |  Period: 1 ms  |  Msg: 64 B
hi_net_ping: sending HELLO to 127.0.0.1:5002 (protocol=UDP)...
[echo] HELLO — protocol=UDP  n_probes=2000
[echo] HELLO_ACK sent
[echo] run #9 — echoing probes
hi_net_ping: HELLO_ACK received
hi_net_ping: starting ping-echo loop (2000 probes at 1 ms)...
========== HI_NET_PING RESULTS ==========
Probes sent:        2000
Echoes received:    2000
Lost (no echo):        8 (0.400%)
RTL (us):
Mean: 3802.292    Std dev: 870.962
Min:  2697.344    Max:     17536.240
P50:  3648.384    P95:     4539.440
P99:  7467.936    P99.9:   16182.128
IAJ (us):
Mean: 3149.264    Std dev: 777.856
Min:  2043.008    Max:     16837.136
P50:  3001.648    P95:     3964.544
P99:  6602.704    P99.9:   11868.800
===CSV_START===
index,rtl_ns,iaj_ns
0,4492688,3332224
1,3791056,3761776
2,4164144,3740512
3,3499040,3086160
4,3701552,4038384
5,4671360,3734656
6,4373872,2821280
7,3414976,3752656
8,4397312,2876176
9,3514992,2938240
10,3602256,2888464
11,3448384,2749040
12,3457056,3554544
13,4261120,2715600
14,3368608,2744096
15,3479824,3023824
16,3731376,3042176
17,3677360,2842480
18,3540800,3115712
19,3741120,2478448
20,3147904,3294656
21,4001456,3492528
22,4155024,2681936
23,3278896,2742384
24,3441280,3252960
25,3920576,2862864
26,3534864,2624384
27,3317280,3323488
28,4053232,3035680
29,3692912,2620992
30,3206832,3373824
31,4104576,2761760
32,3344352,3172112
33,3902512,3545520
34,4204080,4119248
35,4094976,3741120
36,3849440,2958544
37,3678176,3374560
38,4026624,3131280
39,3826256,2467248
40,3221744,3079600
41,3666112,3078288
42,3749696,3279984
43,3938736,2733744
44,3416320,2692752
45,3351904,2624416
46,3334720,3443824
47,3583936,3435824
48,4083584,2913968
49,3632272,3041008
50,3744272,3261968
51,3981280,2815376
52,3456912,2404848
53,3085200,3008896
54,3603344,3529232
55,4152336,2651536
56,3370144,2971120
57,3578160,2976000
58,3612080,2389008
59,3049456,3281824
60,3357760,3199312
61,3378208,2727648
62,3339168,3386288
63,3440512,3550400
64,4166752,2462912
65,3165328,3232208
66,3942480,2867696
67,3594992,2898928
68,3619168,3265424
69,3924096,2823568
70,3528848,3155264
71,3854000,3311952
72,3993968,2805104
73,3535360,2807648
74,3527184,8451280
75,9159488,3201680
76,3894032,3237296
77,3801296,6602704
78,7278016,2822928
79,3429744,3126288
80,3634032,3600096
81,4222224,2971712
82,3577856,3791712
83,4450048,4376704
84,4910752,3856144
85,4561344,7386512
86,17536240,9337680
87,5141824,6257872
88,7467936,4351280
89,6266784,3026320
90,4613952,3791840
91,3650912,3147792
92,4414864,3639680
93,3867504,2526112
94,3662256,3805632
95,3194784,2695904
96,3971168,3166736
97,3404912,3058464
98,3886288,3448128
99,3778656,3569440
100,4121760,3280224
101,4203872,2980352
102,3999360,3810144
103,3646384,2866368
104,4446640,2528224
105,3296752,2897216
106,3208240,3343040
107,3537104,3964544
108,4021808,3312016
109,4622976,4024720
110,3962256,2886912
111,4029488,3168736
112,3616160,2619760
113,3895600,2489248
114,3338880,4354480
115,3188208,3335536
116,4443488,3433216
117,3898480,3770464
118,4164208,2701056
119,4410112,2939472
120,3305184,2653600
121,3547520,2774160
122,3298704,3319712
123,3405328,3557872
124,4019280,2761888
125,4237568,3070016
126,3264016,2670944
127,3787040,2543408
128,3304608,3389696
129,3157024,2821952
130,4105632,2842160
131,3463168,3171360
132,3486640,3082592
133,3856608,3318144
134,3717344,2811072
135,3977376,2669600
136,3485984,3335344
137,3281104,2723264
138,4015168,3251872
139,3332288,2749216
140,3996416,3217664
141,3336288,2986768
142,3959616,3585648
143,3625328,2587328
144,4190736,2727584
145,3211072,3392784
146,3394128,2795328
147,4009584,3213392
148,3487664,2624384
149,3751952,2787408
150,3220784,3081584
151,3457536,3218784
152,3789872,3564128
153,3943536,2997808
154,4179440,2729504
155,3534368,2568976
156,3359328,3191744
157,3242592,2864304
158,3827376,3562480
159,3456208,2943312
160,4242272,2784064
161,3534352,2858752
162,3407488,3004864
163,3501232,3402000
164,3538144,2706640
165,3914048,2824528
166,3397968,3565184
167,3463632,2872000
168,4232768,2843216
169,3513760,2728256
170,3491040,3329504
171,3221152,2576016
172,3990688,3499040
173,3269504,2721360
174,4146320,2920624
175,3397392,2641536
176,3078576,3306832
177,3240608,3038608
178,3994096,3552288
179,3709728,2720656
180,4249280,2655232
181,3251392,3309184
182,3359168,2722560
183,3975888,2723248
184,3274208,3273072
185,3387872,2711728
186,3972080,3158352
187,3383776,2803520
188,3855648,3308448
189,3493216,3920752
190,3991104,3081392
191,4550112,3603952
192,3668336,3967792
193,4184800,3208784
194,4224832,2779360
195,3924768,3001728
196,3481472,2820944
197,3715568,3266480
198,3519168,2694816
199,3999152,2507232
200,3415312,3411248
201,3208544,3531696
202,3463888,2642928
203,4218352,3102400
204,3386128,3238944
205,3855104,2518064
206,3957008,2398768
207,3235008,3109024
208,3084480,3488688
209,3204192,3373360
210,3662208,2043008
211,4057392,3636992
212,2697344,3269888
213,3505344,2862656
214,3930624,2775840
215,3575328,3019088
216,3437280,3188048
217,3657504,4712848
218,3815840,2793200
219,5330144,3061056
220,3396288,2558000
221,3704560,3096864
222,3128960,3501792
223,3813488,2848416
224,4182592,2903792
225,3429584,3304464
226,3470032,3051792
227,3827984,2765568
228,3690704,2971584
229,3397616,2820736
230,3581824,3157936
231,3419040,2832976
232,3734096,3202352
233,3407824,2893168
234,3869744,3094608
235,3496160,3248560
236,3776352,2978912
237,3923024,3246320
238,3680416,2646656
239,3967312,2696752
240,3306416,3147776
241,3338896,3383232
242,3815296,2547920
243,4025536,3204352
244,3195216,2718944
245,3893120,3439920
246,3347280,2719568
247,4099232,2613712
248,3419136,3450880
249,3250336,2928208
250,4139360,3447552
251,3550992,3258784
252,4088560,2488192
253,3806528,2441424
254,3104224,3363504
255,3150176,2940416
256,4085056,3153632
257,3510768,2822496
258,3795056,3275616
259,3421104,2728432
260,3963920,2736800
261,3398384,3274928
262,3418512,3571200
263,3997232,2583248
264,4270368,2914944
265,3237872,2785152
266,3529552,3420736
267,3442144,2978608
268,4151952,2883360
269,3662544,3137728
270,3555648,2644048
271,3816016,3158752
272,3320896,2628688
273,3802592,3381280
274,3284336,2715376
275,4108672,3704224
276,3401840,2440128
277,4391136,3322496
278,3117360,2861808
279,3991392,2593056
280,3561552,3169824
281,3202880,3512144
282,3890960,2533392
283,4263072,3763408
284,3231152,2629248
285,4403088,2758432
286,3250560,3053040
287,3422576,3540208
288,3731392,2653520
289,4164992,2722352
290,3314896,2671696
291,3411600,3054976
292,3297424,3340192
293,3783856,3018736
294,4031680,3793520
295,3710016,3942912
296,4411936,3716848
297,4352960,2685616
298,3912688,3235024
299,3397440,3129520
300,3894272,2842208
301,3850240,2813472
302,3561296,3241856
303,3553952,3097616
304,3928880,2866080
305,3765296,3045312
306,3543888,2716256
307,3629264,3355264
308,3407040,3484832
309,4006144,2858304
310,4206464,2534160
311,3524016,3046432
312,3234304,2897744
313,3767952,2813776
314,3651232,3220816
315,3528512,2868000
316,3904720,2928400
317,3595120,3420672
318,3576048,2572064
319,4121008,3813680
320,3276240,3028560
321,4438144,2816416
322,3617072,2659216
323,3395232,3142320
324,3297312,2430832
325,3848480,3026592
326,3111632,3465536
327,3678464,2796400
328,4123040,3238480
329,3492896,2618000
330,3974512,3681344
331,3328192,2488144
332,4296688,3422384
333,3171696,2633456
334,4106464,3106368
335,3291920,2707616
336,3815712,3283840
337,3428560,3122752
338,3959344,2574304
339,3833168,3348976
340,3266608,2781856
341,4005840,3243728
342,3492848,3019568
343,3908960,2624672
344,3731200,2943072
345,3286592,3422480
346,3612672,2969968
347,4072064,2625968
348,3689872,2610128
349,3302256,3620112
350,3281824,2642528
351,3764400,3387040
352,3314560,3136384
353,3945040,2658128
354,3848080,2894752
355,3354752,3416288
356,3567536,2752800
357,4000768,2505360
358,3467712,3591312
359,3248224,2931504
360,3747232,3270592
361,3590768,3055808
362,3938016,2999600
363,3776480,2746048
364,3719904,2926272
365,3398480,3106896
366,3620336,2748320
367,3785968,3052256
368,3476704,3270448
369,3623376,3025584
370,3912016,3036816
371,3747328,2531040
372,3755728,3425232
373,3250672,2727376
374,4085968,3676672
375,3439680,2835904
376,4365312,2478928
377,3482320,3173376
378,3114464,3072768
379,3878640,3087424
380,3822992,2851744
381,3796592,2648128
382,3576592,3483472
383,3337040,3027312
384,4106288,3011008
385,3707488,2859552
386,3642368,2912544
387,3504816,2879888
388,3614768,3200704
389,3585936,2905552
390,3927472,3054704
391,3608704,2948256
392,3740240,2860848
393,3640816,3309344
394,3494896,2859072
395,3977568,2767168
396,3578288,3503536
397,3518752,2920640
398,4102000,2766960
399,3558352,3053136
400,3406032,2853920
401,3632800,3259328
402,3550160,3104592
403,3954448,2864240
404,3836720,2563056
405,3543904,2971088
406,3262672,2457776
407,3546848,3793360
408,3168608,3230192
409,3839648,2868176
410,3874112,3158352
411,3570944,2705696
412,3878960,2978944
413,3416928,3391776
414,3614960,2431728
415,4011536,3340384
416,3145424,2881888
417,3926752,3264560
418,3586944,2582896
419,3947184,2548880
420,3305920,3930912
421,3277600,2621360
422,3921696,3265680
423,3304256,3684528
424,3886992,2761120
425,4373664,2919552
426,3468208,2597008
427,3571664,2710096
428,3207696,2415152
429,3442096,3763616
430,3103584,3483744
431,3853488,2603024
432,4124576,2943264
433,3297664,2854080
434,3626192,2559888
435,3549488,3477936
436,3245600,3103696
437,3616368,3251680
438,3785376,2909888
439,3967168,2660912
440,3624160,3430624
441,3372000,2651248
442,4020848,3129936
443,3302048,3491808
444,3812736,2601872
445,4233168,2756864
446,3293200,2939744
447,3444896,3954848
448,3600576,3645216
449,4600240,3813552
450,4273712,2631584
451,4459200,2786576
452,3260464,2955088
453,3437456,3171184
454,3555040,2592640
455,3827584,3226640
456,3289056,3498832
457,3950640,2535072
458,4170160,2894784
459,3267520,3162256
460,3429984,2861488
461,3855152,3764592
462,3463664,2835136
463,4405360,2731232
464,3451664,2907120
465,3333216,2722080
466,3580544,3669872
467,3421440,2750800
468,4343104,2843872
469,3280000,2883056
470,3495632,2814096
471,3559408,3303664
472,3385952,2671168
473,3977760,3304608
474,3345744,3114320
475,3974208,2725968
476,3781952,2798512
477,3430608,2914736
478,3346800,3349520
479,3666512,3152336
480,4076608,2661840
481,3775456,3055840
482,3375280,2980448
483,3749120,3125680
484,3655712,3196640
485,3777248,2790368
486,3868368,2749728
487,3453760,3287632
488,3413456,3636848
489,4020880,2728464
490,4256528,2556240
491,3327696,2667184
492,3223904,3270208
493,3280320,2764096
494,3988128,3366560
495,3430704,3183088
496,4046720,2826288
497,3733168,2786464
498,3495136,3066048
499,3416176,3282080
500,3731120,2886560
501,3882480,2982080
502,3573344,2613472
503,3598528,3107648
504,3209760,3487984
505,3793920,3063184
506,4185904,2681248
507,3704640,3798640
508,3387936,2694496
509,4407072,2943504
510,3263472,2599184
511,3667024,3568752
512,3213936,2724208
513,4188976,2676272
514,3299792,3001024
515,3290000,3057520
516,3667520,2742320
517,3721520,3356624
518,3304752,2760560
519,4110832,3053056
520,3446336,2679504
521,3749376,3336032
522,3328768,3539600
523,4018896,2466128
524,4211664,3177824
525,3056528,2593904
526,3851936,3221984
527,3282496,3297056
528,3962768,2616624
529,3965488,3566320
530,3297552,2583328
531,4228800,2837392
532,3298848,2939680
533,3438416,3627280
534,3614592,2830928
535,4274272,2627296
536,3461344,3247072
537,3329744,2721472
538,3897440,3510144
539,3422656,2862704
540,4122784,2577872
541,3541104,3486496
542,3210624,2675648
543,4162608,2591392
544,3404736,3071712
545,3268944,3223504
546,3803424,2787024
547,3905968,3211008
548,3349728,2734816
549,3895840,3047104
550,3362080,3176864
551,3772064,3194000
552,3872800,2887184
553,3844976,2731472
554,3544864,3401264
555,3383008,3261536
556,4052784,2940224
557,3765504,3048160
558,3659328,2691568
559,3710512,2718336
560,3397424,3443952
561,3383744,2840816
562,4173824,2873824
563,3538112,3170352
564,3442672,3012096
565,3790880,2934944
566,3606480,2645072
567,3552448,3533888
568,3297568,2872256
569,4250784,2766528
570,3575680,3091600
571,3340800,3144432
572,3827216,2816464
573,3824864,3188672
574,3440864,3000736
575,3860256,2599024
576,3629312,3404640
577,3164864,2950128
578,4082128,2673760
579,3578976,3374736
580,3310880,2841872
581,4066752,3167152
582,3395824,2857904
583,3784480,3006528
584,3422512,3069520
585,3676336,9258352
586,3750144,4556592
587,9448224,3484928
588,5242736,3310128
589,4004528,2689040
590,4013888,2692272
591,3313872,2884576
592,3380048,3405120
593,3547296,2882512
594,4057552,5698656
595,3548144,5853616
596,6366032,16837136
597,6105568,8162544
598,7855024,6521712
599,8229616,2911216
600,10110896,2701328
601,6681280,2910336
602,3463264,3101504
603,3297632,2677520
604,3558464,3491936
605,3804288,2641024
606,3397824,3499456
607,4096992,2707392
608,3320528,3230992
609,4142784,2666912
610,3372192,2795776
611,3954400,2815008
612,3308128,3273584
613,3481536,2705264
614,3360144,3441040
615,4002320,2963600
616,3443616,2554176
617,4022672,2639872
618,3673696,3808032
619,3246464,3013696
620,3238432,2696032
621,3936768,2606224
622,3723696,3649552
623,3412848,2901840
624,3225312,3198928
625,3836336,2592784
626,3620272,3493232
627,3897488,2853920
628,3320752,2787680
629,4214368,2856512
630,3510912,3231936
631,3472736,2870576
632,3473008,3278848
633,3873456,2872384
634,3588656,2791680
635,3965472,3240736
636,3588448,2745408
637,3473360,3361072
638,3848784,2669776
639,3440528,3694736
640,4002608,2925344
641,3388992,2453376
642,4363904,3143920
643,3573152,2825248
644,3082192,2568064
645,3772960,3791840
646,3485632,2564464
647,3226784,3164176
648,3948240,3019536
649,3284192,2804352
650,3815696,2650368
651,3718016,3714704
652,3507824,2965376
653,3291616,2728272
654,3789808,3274096
655,3658352,2882672
656,3416992,3610848
657,3941824,2798592
658,3587072,2955376
659,4355968,2476848
660,3474944,3646464
661,3593936,2973024
662,3098432,2832896
663,4288816,3063664
664,3534992,2684208
665,3358592,2813616
666,3740800,2927776
667,3327616,3253408
668,3447120,2751136
669,3642928,3290880
670,3943104,2730480
671,3397552,3245152
672,3837440,3316736
673,3446976,2605648
674,3910480,3218752
675,4006592,3205952
676,3358464,2619232
677,3929552,2851312
678,3921632,3708688
679,3302864,2899168
680,3473248,2815792
681,4333920,2861232
682,3555728,2946304
683,3470544,2596240
684,3543120,2695440
685,3612576,4661776
686,3253680,3503760
687,3323456,2721232
688,3966736,3365488
689,4216960,2852720
690,3331120,2786688
691,4040016,3376320
692,3423440,2735792
693,3384624,3637552
694,4077744,2749648
695,3359424,2842112
696,4387792,2650736
697,3338160,3527104
698,3507936,2965024
699,3249648,2652512
700,4209984,3771552
701,3573232,2806400
702,3352464,2905600
703,4426592,2851440
704,3348928,2866928
705,3546448,2965952
706,3456944,2789888
707,3566784,3132416
708,3534288,3680112
709,3429840,2914816
710,3853504,2818528
711,4308288,2962080
712,3529168,3057568
713,3376256,2683616
714,3690656,2898400
715,3753760,3542256
716,3280112,2667104
717,3531760,3073552
718,4200432,2626496
719,3333040,3167952
720,3732576,3560848
721,3300064,2686544
722,3822992,2629184
723,4241856,4200752
724,3332592,3567680
725,3305136,3169488
726,4900736,4049744
727,4063808,2639520
728,3233712,3170640
729,4070464,2786576
730,3284464,2775808
731,3887056,3379952
732,3507184,4002624
733,3476272,3294144
734,4014272,2990416
735,4709456,3078656
736,4004160,3490384
737,3658560,3075584
738,3699168,2377744
739,4151376,2884576
740,3674400,3336224
741,3079808,2749136
742,3546640,3578432
743,3996336,2442400
744,3443920,2702640
745,4263552,3327648
746,3099248,2745264
747,3362736,3339040
748,4049344,2949120
749,3433632,2821584
750,4048192,3555232
751,3554096,2837984
752,3489312,2627008
753,4188192,3026016
754,3517200,3408544
755,3275632,2771184
756,3708976,2890448
757,4102016,3470192
758,3445504,2438000
759,3489168,3679824
760,4126288,2810688
761,3044544,2666336
762,4347888,2689264
763,3463936,3299584
764,3318736,2913968
765,3296224,3018288
766,4000128,2858688
767,3554720,3293632
768,3652576,2895504
769,3489360,3342272
770,4040400,2754848
771,3463520,2737552
772,4027376,3451696
773,3472144,2536560
774,3319952,3079888
775,4207712,3126832
776,3220096,2675568
777,3813888,3027568
778,3797840,3348624
779,3260192,2802560
780,3718256,3189280
781,4039072,2811584
782,3413680,2987552
783,3838112,3189392
784,3386240,2745200
785,3659968,3388368
786,3886688,2604160
787,3337936,3420496
788,4127280,2452784
789,3307008,3256960
790,4129344,3418512
791,3152800,2669552
792,3980880,2705472
793,4068928,3468176
794,3396528,2507536
795,3361616,3149216
796,4195344,2837584
797,3209856,3633488
798,3833680,2570608
799,3507280,3026544
800,4318528,3478912
801,3250752,2558992
802,3696128,3310656
803,4104240,2573184
804,3204624,3239808
805,3902864,2738304
806,3206400,3269984
807,3995040,2592192
808,3352944,3354208
809,4023312,2673984
810,3196560,3483504
811,4084384,2663136
812,3266304,2850832
813,4200560,3398144
814,3340912,2974048
815,3487040,2600880
816,4074688,3510688
817,3566256,4022608
818,3181168,3141840
819,4234464,4210528
820,4694928,3015056
821,3741808,2826176
822,4846192,2742336
823,3757296,3329072
824,3523824,2766432
825,3414864,3351520
826,3988960,2550304
827,3435872,3417360
828,4046432,3075776
829,3248336,2773440
830,3991648,3167280
831,3752608,3059600
832,3485856,2608768
833,3900640,2448544
834,3787376,3492688
835,3326096,3112880
836,3150864,3168240
837,3548032,3234992
838,3801568,2558496
839,3862704,3336448
840,3950112,2837920
841,3238224,3171152
842,3978720,3505552
843,3556496,11868800
844,11709808,2754176
845,3915312,3252256
846,4216912,3295904
847,4305680,3194752
848,3414432,3192400
849,3979200,4852288
850,4051456,4989040
851,12543936,2998864
852,3769264,7117760
853,3784800,3062480
854,13370496,2810944
855,4979264,4331584
856,4105552,4132384
857,3600400,2903360
858,7681120,2986480
859,3712624,3651616
860,3390128,2783648
861,4978704,2774272
862,4697088,3199520
863,3545296,2949648
864,3591472,3083152
865,4301120,3307664
866,3473568,2864336
867,3444848,2634624
868,3925776,3132304
869,3666768,2684928
870,3784320,2948368
871,3989376,2348496
872,3410032,3264752
873,3228528,3838000
874,3851232,2514496
875,3414160,4565312
876,3635984,3088480
877,3076576,2991024
878,3475648,3399376
879,3914080,3435472
880,3196560,3040032
881,5224128,3478544
882,3735184,3475856
883,3642272,3855504
884,4045504,2717136
885,4125392,2587920
886,3660656,3518368
887,4031808,2874960
888,4066304,3388512
889,3886720,2846160
890,3412224,2901920
891,3252736,3122880
892,3550992,3992464
893,3512128,3208112
894,4028000,3353344
895,3556160,2935120
896,3554592,3032672
897,3774608,3671232
898,4692256,2596320
899,3925408,2862944
900,4047984,2648624
901,3530400,3269168
902,3691392,2784000
903,4333200,3656336
904,3269920,5074096
905,3513392,2810992
906,3314944,3221840
907,4013600,2569920
908,3373024,2548496
909,4263280,3889552
910,5194192,2673936
911,3527872,2925408
912,3918960,2623184
913,3281408,3990720
914,3257312,2651216
915,3999360,3090720
916,3235568,2705648
917,3592912,2902416
918,3275232,2650208
919,4138240,3658800
920,3300624,2349632
921,3779424,3663504
922,3415808,2800672
923,3523680,3176000
924,3314160,2973840
925,3820464,2641776
926,3058384,3460224
927,3875312,3303680
928,3517552,2591744
929,3756464,2778288
930,3545776,3624816
931,3301872,2728032
932,4010192,3274880
933,4017712,2752784
934,3255888,3000608
935,3429776,3145152
936,4279312,2702800
937,3326816,3039936
938,3982064,2978192
939,3423200,3354688
940,3612192,2638048
941,3872864,3017888
942,3407328,2826896
943,3717344,3315888
944,3688096,7865488
945,4063504,3690480
946,3179056,2699520
947,3653648,3156080
948,3467472,5510864
949,4024864,3715088
950,8572528,3759888
951,4387008,2950880
952,3376528,2988736
953,3724048,3617280
954,6108656,3060880
955,4418144,2793504
956,4020240,2759984
957,3538816,2792512
958,3625568,2927296
959,4269136,2864512
960,3651232,3194496
961,3351296,3346272
962,3464672,2965568
963,3503296,2643504
964,3537024,2948592
965,3512448,3408768
966,3911856,2398528
967,4010608,3789168
968,3598608,3061328
969,3321120,2906352
970,3381264,2629584
971,4055376,3001504
972,3075632,2648080
973,4467648,3536112
974,3631280,3008064
975,3529664,2723376
976,3288928,2958416
977,3497872,3121072
978,3258896,2919440
979,4228352,3013392
980,3666416,3102256
981,3364256,2749040
982,3611648,3191792
983,3796224,2651440
984,3529472,3138944
985,3619936,3173936
986,3751184,2805264
987,3413600,3170432
988,3859328,3003648
989,3331968,2999648
990,3816368,2699776
991,3769776,3589504
992,3448800,2501200
993,3913680,3258912
994,3593696,2737952
995,3643344,3231280
996,3321552,2782560
997,4275440,3241392
998,3184400,2597056
999,3993776,3235616
1000,3330736,3205648
1001,3960160,2996336
1002,3473040,2837056
1003,3964496,2895344
1004,3217568,3225248
1005,3957696,2889712
1006,3849712,3156688
1007,3538032,2761920
1008,3455840,3223328
1009,3514976,3401216
1010,3979936,2397712
1011,3470448,3430128
1012,3708112,2716032
1013,3346288,2653552
1014,3891568,3521536
1015,4015488,2856736
1016,3061504,2793920
1017,4052240,3763008
1018,3381040,2597136
1019,3325920,2660800
1020,4243024,3259376
1021,3560144,2688512
1022,3326336,3283696
1023,4383184,2857408
1024,3268288,3532416
1025,3364912,2551936
1026,3937552,3050384
1027,3327216,2990288
1028,4038256,2825600
1029,3456768,3331408
1030,4164576,2600048
1031,3202800,3169280
1032,3632800,2990768
1033,3589744,3068784
1034,3369888,3007888
1035,3917840,2792656
1036,3290480,3167840
1037,3922944,2804624
1038,3614416,3244128
1039,3705184,2715088
1040,3612976,3290480
1041,3375872,2628768
1042,3840688,3303104
1043,3479984,2937584
1044,3882656,3377200
1045,3307088,2594080
1046,4033232,3569552
1047,3250640,2841920
1048,4003648,2619376
1049,3604592,3227280
1050,4009200,2502720
1051,3278288,3670064
1052,4193808,2587072
1053,3474336,3267952
1054,3338864,2989824
1055,3870576,2858400
1056,3215136,2726400
1057,4336352,3123392
1058,3307472,3607776
1059,3934144,2560272
1060,3688224,2781440
1061,3550400,3638688
1062,3327584,2576144
1063,3845248,2818432
1064,4221392,3898784
1065,3221856,3600656
1066,3390784,3123056
1067,4275344,4395200
1068,3253888,2696848
1069,3409472,2637136
1070,4518032,3199408
1071,4085872,2924576
1072,3863616,2832960
1073,4535200,3402048
1074,3359632,3135296
1075,3339680,2674688
1076,3876128,2705344
1077,3662464,2569312
1078,3532544,3356448
1079,4076928,2975584
1080,3856752,3541856
1081,3354800,2756672
1082,10061824,3215616
1083,3377200,5639216
1084,3278784,3976432
1085,4030576,6084320
1086,3564144,10099056
1087,4184976,3839488
1088,3378352,9759600
1089,3889776,3506000
1090,4583568,2884800
1091,4638800,4034704
1092,6327968,2866096
1093,15918736,3119120
1094,7241712,3530384
1095,4019264,3048800
1096,7882576,3239040
1097,3481600,4159456
1098,3522752,2465136
1099,4657712,3322880
1100,3486896,2904816
1101,3600816,3083008
1102,4097616,2602272
1103,3740240,3206800
1104,3338400,3000544
1105,4256832,3341552
1106,3146624,2658720
1107,4026512,3492368
1108,3617680,3105072
1109,3748784,2577136
1110,3311136,2662080
1111,3894048,3373040
1112,3667760,2940656
1113,3984032,2939168
1114,3387936,2894400
1115,4154688,2900112
1116,3742944,3048352
1117,3199152,2802864
1118,3343088,2656608
1119,4019616,3467200
1120,3588640,2951440
1121,3608368,3302464
1122,3562832,2862112
1123,3563232,2916144
1124,3708944,2948256
1125,3511792,3351200
1126,3323088,2913552
1127,3428384,2664480
1128,3569184,3411472
1129,3985456,2599584
1130,3567520,3366912
1131,3633936,3204704
1132,3647648,2647920
1133,4021776,2810208
1134,3580144,2873712
1135,3364848,3338464
1136,4080944,2786512
1137,3320624,3950208
1138,4040576,2856560
1139,3923568,2854064
1140,3384336,2650768
1141,3421936,3091216
1142,3518736,2646128
1143,3926192,3318368
1144,3467696,3036192
1145,4582352,2757312
1146,3540928,3088288
1147,3445712,3063232
1148,3302560,2817712
1149,3804128,2791008
1150,3308736,3815040
1151,4005712,2648480
1152,3754240,2719392
1153,3475424,3853904
1154,3740064,2673888
1155,3783472,2575776
1156,3537568,3181152
1157,3464256,2683072
1158,4401600,3160848
1159,3301920,2935200
1160,3438416,3129008
1161,4533184,3148544
1162,3388464,2901616
1163,3207552,3428816
1164,3893840,2518592
1165,3397600,3139456
1166,3809328,2795792
1167,3656032,2757872
1168,3864896,3302912
1169,3861872,2794112
1170,3581760,3247760
1171,4132000,2762096
1172,3192384,3268560
1173,3845024,2567408
1174,3503824,4017904
1175,3424032,2484480
1176,3957360,2939904
1177,3492464,2677616
1178,3951520,3392080
1179,3478496,2776912
1180,3913824,3113280
1181,3271152,3088640
1182,4625568,2608640
1183,3176864,3134800
1184,3620464,2982656
1185,3361136,5174416
1186,4013904,3335312
1187,3429888,3406688
1188,3836784,4264768
1189,3806848,2600352
1190,3284736,3265328
1191,3813632,3303904
1192,3685424,2577248
1193,5808080,2964832
1194,3998896,3138976
1195,3963344,2848864
1196,4902368,3196608
1197,3319392,2387120
1198,3872048,3337152
1199,3962640,3399680
1200,3278880,3239328
1201,3684560,2794592
1202,3824400,2842336
1203,3505920,3203584
1204,3878880,2740768
1205,3093712,2661408
1206,3403248,3323984
1207,4093840,3165040
1208,3969712,2834464
1209,3442592,3136192
1210,3508864,2670112
1211,3848288,3063040
1212,3417280,2484736
1213,3412320,3892640
1214,3943264,2708208
1215,3889904,3229312
1216,3554704,2780624
1217,3752160,3038160
1218,3381680,3188032
1219,3642304,2885520
1220,3177280,2895776
1221,4030816,2951072
1222,3428608,3163664
1223,3790576,3090544
1224,3500048,2709632
1225,3757568,2888512
1226,3927936,2998144
1227,3605488,3217744
1228,3604544,3039920
1229,3681344,3184816
1230,3846960,2866384
1231,3786736,2743808
1232,3429568,3377408
1233,3538976,2580976
1234,3605824,3959504
1235,3901472,2706912
1236,3761040,2768640
1237,3904832,2986848
1238,3575440,2814912
1239,3414368,2802064
1240,4057520,3316368
1241,3259152,3377312
1242,4677696,2591616
1243,3380944,3362512
1244,3435648,2674800
1245,3684384,3074816
1246,3505760,2621968
1247,3515744,3248304
1248,3967712,2728624
1249,4092944,3343680
1250,3237760,3357344
1251,4058784,2613248
1252,3330096,3312928
1253,3773104,2660192
1254,3344832,2791408
1255,3915168,3164128
1256,3450336,2823424
1257,3980448,2916656
1258,4075168,3102480
1259,3324096,2498128
1260,4023712,3587824
1261,3323136,2795472
1262,3443488,3288096
1263,3873744,3076832
1264,3508560,2998320
1265,3590432,2685520
1266,3795488,2977232
1267,3195728,2576096
1268,3683344,3387152
1269,3513584,2517696
1270,3900304,3752592
1271,3798912,2384896
1272,3723680,3798336
1273,3414528,2898928
1274,3651904,2722384
1275,3251808,3068704
1276,3511072,2379552
1277,3199264,3675424
1278,3842032,3816624
1279,3135424,3312960
1280,4053632,3332864
1281,3620176,3053104
1282,3402896,3425888
1283,3729888,2622032
1284,3090112,3271072
1285,3880784,2829904
1286,4539440,2793680
1287,4014992,3217024
1288,4037056,2776848
1289,3728496,3526384
1290,4068800,2661312
1291,3338256,3474896
1292,3938016,2760256
1293,3507328,2799968
1294,3398000,3110160
1295,3860848,2928848
1296,3381456,2757664
1297,4157536,2820768
1298,3229680,3337104
1299,4142640,2788784
1300,3382800,3355904
1301,3467296,2663584
1302,3729328,3911392
1303,3606608,2950672
1304,3380000,2700128
1305,3437648,2889248
1306,4025312,2754512
1307,3378432,3161072
1308,4108640,2510672
1309,3312624,3593888
1310,4562736,2989088
1311,3621056,3035856
1312,3284656,2710688
1313,3591808,2828096
1314,3423408,3337328
1315,3833776,2666800
1316,3181344,2841760
1317,4287312,3303008
1318,3681200,2847056
1319,3753264,3236560
1320,3424288,2899712
1321,3404976,2942752
1322,4023376,3185840
1323,3343424,2809808
1324,3471616,3308512
1325,3993760,2689936
1326,3421856,2752848
1327,3874528,3379648
1328,3503504,2758160
1329,3503584,3248416
1330,3882064,2781536
1331,3446464,3459312
1332,4003552,2376048
1333,3379712,3367808
1334,3402576,2639424
1335,4053936,3385056
1336,3374432,3399312
1337,4003216,2807024
1338,3334736,3050320
1339,4108448,2691664
1340,3052400,3479376
1341,4048928,2746144
1342,3281744,2687056
1343,4075408,3696336
1344,4028288,2551600
1345,3433184,2683152
1346,3697712,2790944
1347,3407168,3412176
1348,4142912,2923008
1349,3458496,2867296
1350,3328176,3141104
1351,4358768,2672976
1352,3175616,3500224
1353,3330624,2871728
1354,3382144,2651024
1355,4142368,3316368
1356,3456160,2784784
1357,3445680,3046048
1358,3735408,3177552
1359,3344016,2671184
1360,4180416,3594944
1361,3545168,2485552
1362,3274064,3276720
1363,4014160,3235504
1364,3381792,2739792
1365,3759424,2956144
1366,3839568,2727472
1367,3340896,3191856
1368,4270400,3580128
1369,3177792,2806992
1370,3998592,2737456
1371,3742816,2640512
1372,3439600,3010992
1373,3518784,3358160
1374,3344736,3036416
1375,3884512,2606384
1376,4179888,3502608
1377,3406784,2881504
1378,3433808,2612192
1379,3322800,3260880
1380,3732992,3273072
1381,4039920,2564784
1382,3660384,3868000
1383,3195104,2873920
1384,4172832,2585984
1385,3512112,2913184
1386,3230736,3018304
1387,3941008,3144800
1388,3916720,2871200
1389,3262416,2867296
1390,4465632,3501040
1391,3478320,2604688
1392,3309616,3612256
1393,3564560,2931280
1394,3700800,2740464
1395,3808080,2602336
1396,3559472,2920352
1397,3460912,3171360
1398,4114816,3687744
1399,3258448,2631664
1400,4258288,2878256
1401,3495872,2577456
1402,3368096,3832544
1403,3256128,2603536
1404,3575360,2634320
1405,3803920,3182624
1406,4288064,2616064
1407,3237008,3064736
1408,3582896,3345520
1409,3289344,3008144
1410,4559184,2815088
1411,3222800,3657200
1412,3292208,2793872
1413,3869568,2681616
1414,3297904,3484048
1415,3795376,2685472
1416,4059024,2637328
1417,3690576,3656160
1418,3441920,2701376
1419,4331072,2675344
1420,3363424,3215344
1421,3388752,2758928
1422,4059520,3447792
1423,3418272,2725360
1424,3314560,2856720
1425,4399184,3010784
1426,3425664,2966416
1427,3354048,3471168
1428,3890464,3148672
1429,3370208,2712240
1430,4105344,2498160
1431,3408480,3327328
1432,3507616,2737920
1433,3558736,3295424
1434,3632432,3143648
1435,4123632,2690048
1436,3832144,3338384
1437,3366848,2861280
1438,3171952,2765728
1439,4057872,3194192
1440,3304944,2770880
1441,3989088,3715056
1442,3713312,2705616
1443,3336880,3051152
1444,4021072,3075440
1445,3536096,2948752
1446,3382512,2753168
1447,3949280,3003520
1448,3344080,3025392
1449,4436048,2965168
1450,3294528,2978992
1451,3719104,2860464
1452,3698832,3402208
1453,3607792,2766176
1454,3413936,2829648
1455,3528352,3142096
1456,3601648,3602128
1457,3516336,2834528
1458,3544448,2588896
1459,3536528,3024720
1460,4074832,2810736
1461,3445936,3208176
1462,3486096,3223120
1463,3813200,3526000
1464,4194704,3219440
1465,3493424,4340720
1466,3275200,3688192
1467,3719376,3626656
1468,3433280,3919456
1469,3827632,2450592
1470,3816160,2759920
1471,4218624,3509344
1472,3769488,2650976
1473,4874336,3486736
1474,4348352,2604624
1475,4198128,3088128
1476,4588928,3094928
1477,3126992,2760640
1478,3325904,3027952
1479,4122560,3443232
1480,3296256,2791424
1481,4118624,2648960
1482,3253056,3658064
1483,3694752,2395744
1484,3695984,2991696
1485,3438336,2680864
1486,3604848,3509504
1487,4059344,3000864
1488,3450544,2672688
1489,3318960,3150240
1490,4316192,3569520
1491,2983696,2832768
1492,3651328,2602512
1493,3307520,2854448
1494,4237312,2824528
1495,3702976,3505120
1496,3362416,2694976
1497,3806944,3045792
1498,4210160,3830656
1499,3354400,3132640
1500,3227600,3310288
1501,3457232,4133408
1502,3431904,3223088
1503,4176352,2664048
1504,3401728,3226896
1505,3661872,2752352
1506,4482656,3249168
1507,3633440,3214256
1508,3836112,2854000
1509,4726304,3147184
1510,3911744,2869168
1511,3381520,2948144
1512,3871744,3280320
1513,3420272,2426592
1514,3972608,3393712
1515,3895328,3014560
1516,3529712,2770176
1517,3778864,3488672
1518,3527168,2570448
1519,3585264,2842288
1520,3885408,3285680
1521,3159024,2802816
1522,4018016,3253040
1523,3731600,3249440
1524,3455760,2737024
1525,4176304,2813184
1526,3230720,3362144
1527,3582272,2783424
1528,3948464,2753856
1529,3513248,3546064
1530,3912080,2432064
1531,3958960,3716032
1532,3394704,2569328
1533,3530560,2710336
1534,4023200,3242912
1535,3496112,3127152
1536,3411616,3125264
1537,4250224,2587232
1538,3071904,3154624
1539,4374608,2802496
1540,3252896,2957360
1541,3432000,3428704
1542,3940400,2570480
1543,3839888,3183552
1544,3854496,3592800
1545,3314144,3008144
1546,3838784,2913072
1547,3497184,2908880
1548,3675360,2657328
1549,4108544,2784208
1550,3278432,2948960
1551,3809376,3094912
1552,4271648,2934912
1553,3682160,3288768
1554,3511520,2692816
1555,3483040,2809008
1556,3303440,3441632
1557,3493520,2743648
1558,3657248,3345824
1559,3779728,2758720
1560,3520288,3249056
1561,3977344,2920912
1562,3411968,2876576
1563,3445696,3052912
1564,4049872,2751760
1565,3432016,3220224
1566,3988656,2873744
1567,3476368,3126752
1568,3938272,2832752
1569,3628640,3278032
1570,3543152,3000144
1571,3769120,2828848
1572,3454320,2816048
1573,3855696,2505152
1574,3536192,4046272
1575,3854432,2674720
1576,3560816,3233296
1577,3971904,2937824
1578,3713984,2714528
1579,3513152,2940272
1580,3443232,3100208
1581,3158832,3196096
1582,4071488,2847648
1583,3371680,3168528
1584,3914880,2698560
1585,3607712,9001712
1586,3418160,2779360
1587,3630112,2966640
1588,3753712,3005872
1589,3874592,5514528
1590,3568496,3120896
1591,3879232,2959248
1592,3417232,2765680
1593,9633248,2975904
1594,3471232,3192352
1595,3568448,4382512
1596,3544208,3595312
1597,6150000,6986496
1598,3834256,8266912
1599,3618368,10043568
1600,3502800,2935632
1601,3603008,3388192
1602,3929520,3388960
1603,4424736,2700432
1604,4125888,3031408
1605,16182128,2862768
1606,7427168,2726064
1607,8089504,3192976
1608,9938304,3219728
1609,3619104,3118464
1610,4029712,2853024
1611,4033984,3035072
1612,3415440,2796816
1613,3560064,2791216
1614,3464960,3247424
1615,3359840,3156016
1616,3910496,2773632
1617,3849504,2890848
1618,3659296,3314032
1619,3502016,2611376
1620,3690224,3199568
1621,3383440,3388528
1622,3382144,2791568
1623,3930624,2849936
1624,3820512,2982544
1625,3393456,3428256
1626,3546272,2585296
1627,3997392,3183120
1628,3208992,2585808
1629,3912464,3661584
1630,4047136,2678192
1631,3394336,2811408
1632,3459712,3474992
1633,3589744,2866320
1634,4077424,2865072
1635,3275344,3865952
1636,3818848,3836208
1637,3198672,3741264
1638,4382384,3446064
1639,3354432,2584544
1640,3413376,2959152
1641,4208416,2942176
1642,3534160,2802528
1643,3508464,3455200
1644,4531408,3138672
1645,4339824,2774496
1646,3844576,2942096
1647,4107424,3196640
1648,3245568,2788784
1649,3687744,2865952
1650,3656368,3118784
1651,3424624,2753328
1652,4128128,3222464
1653,3854528,2930432
1654,3493136,2911664
1655,3661280,2561632
1656,3877344,3390432
1657,3482720,3967024
1658,3586800,3459584
1659,3793040,4105568
1660,3457376,2816880
1661,3869744,2874080
1662,3663792,3514784
1663,3499504,3475280
1664,3284912,3708192
1665,3500736,3455648
1666,4601696,2565904
1667,4159456,3136160
1668,4775856,3141248
1669,3494688,3341312
1670,3398736,4683632
1671,4219488,2792816
1672,4013760,5230240
1673,3778512,3356448
1674,4083328,2428064
1675,3257952,3347120
1676,3735088,2846832
1677,3785760,3043088
1678,4077488,2883920
1679,5414576,3237280
1680,3428720,4054000
1681,5948640,3299264
1682,3610912,3432336
1683,3003056,2903232
1684,4004192,2604256
1685,3557920,3552192
1686,3723504,2513072
1687,3573744,2978832
1688,3965488,3332416
1689,4712080,2942080
1690,3985760,2758688
1691,4097136,3310384
1692,3603072,3228496
1693,3332848,2791488
1694,4213728,2601904
1695,3230256,4015520
1696,3637440,3231280
1697,3941296,3293728
1698,3637792,4151808
1699,3407120,2995200
1700,3983680,2862592
1701,3922112,3134304
1702,3431536,3512272
1703,3329696,3741408
1704,4649344,3405888
1705,3808576,3042192
1706,3867232,3696480
1707,4150800,4104560
1708,3704912,3496336
1709,3502016,2831296
1710,3840976,3315872
1711,4225520,4051600
1712,4294320,3724144
1713,3853824,3281952
1714,3732848,3849952
1715,4414416,3660752
1716,3357776,3080960
1717,4044496,3128320
1718,3519952,4316752
1719,4059568,4441232
1720,4746864,4329920
1721,4423136,2969248
1722,3919536,2611136
1723,4435568,3261680
1724,3468320,2941056
1725,3747120,3244752
1726,3826368,3228992
1727,5024672,4489136
1728,5063376,3804128
1729,4877616,4413312
1730,3633168,3544352
1731,3323808,3867344
1732,3898704,3052736
1733,3601840,2618800
1734,3768736,3905824
1735,3915008,2542880
1736,4772192,3362464
1737,4430432,2872736
1738,4979392,2621952
1739,4261200,3593488
1740,4431424,3001648
1741,3388272,2977344
1742,3246384,2703488
1743,4604608,2733168
1744,3176656,2604368
1745,4003424,3301488
1746,3493232,3791376
1747,3301776,2762688
1748,4272512,2585408
1749,3654608,3358512
1750,3421792,3068032
1751,3217504,3262608
1752,3450544,2854688
1753,3280288,3163072
1754,4024896,3934000
1755,4407872,5639792
1756,3417680,2938480
1757,3306448,2969472
1758,4043136,2831088
1759,3775344,2797536
1760,3968080,4937856
1761,3517920,5398736
1762,3827584,3736752
1763,4420352,3547440
1764,4709232,4227408
1765,3647104,4565184
1766,3554176,3333600
1767,3456080,3125104
1768,3367232,3109520
1769,4287296,3635120
1770,5141472,4194064
1771,4061232,3379552
1772,4102496,3766000
1773,4927616,3057936
1774,5228640,3186272
1775,4008176,2877136
1776,3817696,3822720
1777,3780192,7282416
1778,4138832,5018896
1779,4294384,4532560
1780,4013024,4576864
1781,4226496,4631296
1782,3372752,5977872
1783,3768800,4721232
1784,3494896,3776304
1785,4465600,8433808
1786,7783088,3333488
1787,5502880,4279264
1788,4759904,2928608
1789,5150400,2804224
1790,5236080,3412176
1791,6219808,3000736
1792,4880064,2817136
1793,4376672,3290416
1794,7377440,2987920
1795,3990048,2774256
1796,4266304,2853504
1797,3629392,3128688
1798,3470208,6250096
1799,3971056,3731552
1800,3616864,4413280
1801,3565200,6802352
1802,3951600,6808464
1803,3658464,6540688
1804,3321216,2759728
1805,3578400,5382992
1806,3839920,4863696
1807,6561040,3316304
1808,4137280,4402496
1809,5110896,3165472
1810,6660112,2853520
1811,6455968,2858896
1812,6392832,3283248
1813,3355424,2856048
1814,5943200,2801696
1815,5410000,3395792
1816,3807936,5104896
1817,4940720,3584176
1818,3762112,4274272
1819,3362880,2666800
1820,3545792,3382272
1821,3991376,2830144
1822,3562016,3181424
1823,3492128,2871280
1824,4073344,2774576
1825,5097184,3793984
1826,4108432,3587424
1827,4285072,3460656
1828,3401504,2669680
1829,4113696,2602720
1830,3455248,3285984
1831,3770064,3989184
1832,3476704,2651040
1833,3431136,2474784
1834,4488496,2873808
1835,4274944,2985568
1836,4107072,3636352
1837,3397744,2522992
1838,3270736,3475856
1839,4018160,2811392
1840,4562256,2988848
1841,3264960,2600272
1842,3116096,3392672
1843,3510096,2786112
1844,3566816,2957600
1845,4280672,3516064
1846,3170240,3059712
1847,4160736,2511584
1848,3454128,2682624
1849,3704704,3250688
1850,3292912,2998144
1851,3990192,2997264
1852,3463840,3419568
1853,3549152,2710576
1854,4197680,2847952
1855,3569744,2832880
1856,3122512,3302608
1857,3264336,2828176
1858,3994240,2704208
1859,3642416,3994800
1860,3607520,2754960
1861,4088464,3119040
1862,3426672,2781248
1863,3479552,2528128
1864,3431536,3468096
1865,3945792,2932144
1866,3475120,2778000
1867,3357152,2655872
1868,4688304,3394640
1869,3388992,2959536
1870,3768448,2794992
1871,3441792,3195904
1872,3247776,2535712
1873,4097792,3040688
1874,3648384,3014384
1875,3433312,3004592
1876,3290976,2995392
1877,4078592,3229088
1878,3591040,3191504
1879,3319440,2598384
1880,3854880,3195504
1881,3161248,3619120
1882,3772320,2749024
1883,3744688,3047104
1884,3726096,2986224
1885,3713360,2662752
1886,3947296,3090992
1887,3861920,3266432
1888,3204336,2760624
1889,3915936,2936832
1890,4252352,3230016
1891,3468480,2611104
1892,3711040,3182544
1893,3632368,2691888
1894,3337584,3198896
1895,3758176,2766688
1896,3921968,3353648
1897,3449696,3042016
1898,3523536,2586624
1899,3894640,3830528
1900,3283632,2720928
1901,3830544,2656480
1902,3367760,3367856
1903,3894944,2832896
1904,3429120,2630032
1905,4070832,3505856
1906,3728656,2785504
1907,3190272,3202864
1908,4561152,2718512
1909,3417776,3299536
1910,3300272,2714032
1911,4036784,2750864
1912,3467792,3603264
1913,3309936,2769680
1914,4187296,3278112
1915,3447488,2375360
1916,3870912,3615648
1917,3382976,2694288
1918,3964896,3505616
1919,3423664,2664800
1920,3337696,2743424
1921,4331536,2807200
1922,3479536,3556496
1923,3833424,2582896
1924,3075184,3414992
1925,4302224,2571424
1926,3396496,3637952
1927,4183008,2716784
1928,3314624,2793824
1929,3426592,3165344
1930,3438512,3127920
1931,4249856,3039616
1932,3198720,3061712
1933,4101216,2985056
1934,3196496,2804880
1935,4276944,2831392
1936,3458576,2712512
1937,3493616,3290912
1938,3767792,3712176
1939,3751264,2857088
1940,3722624,2996256
1941,3773536,2854160
1942,3712912,2600560
1943,3487376,2820192
1944,3518224,3325264
1945,3359552,2826752
1946,3986992,3055536
1947,4264592,2890128
1948,3357504,3320624
1949,3482112,2760480
1950,3420656,2866032
1951,3196416,3182944
1952,3415248,2647424
1953,4005312,3454128
1954,3440736,2810016
1955,3681856,2716368
1956,3506592,3225440
1957,3965104,3253440
1958,3402016,2690112
1959,3456048,3181712
1960,3719952,3230768
1961,3243936,2570304
1962,4139680,3414496
1963,3447056,2650416
1964,3360352,3227760
1965,3902976,3205984
1966,3920608,3071136
1967,3385744,3001216
1968,3867712,2809344
1969,3810736,2768080
1970,3296688,2816800
1971,4075408,3512032
1972,3344960,2536336
1973,3919808,3304160
1974,3858544,2745328
1975,3711648,3030848
1976,3576240,2690544
1977,3382496,3207072
1978,3398432,3401536
1979,3481600,3011808
1980,4133056,2592096
1981,3264016,3151904
1982,3916112,3123888
1983,3425664,2703952
1984,3648112,3283632
1985,3353552,2748080
1986,3937056,3139536
1987,4004192,2811968
1988,3665344,3265856
1989,3248288,2845136
1990,3813040,3132528
1991,3742096,2832496
1992,3263648,3360944
1993,3892816,2645088
1994,3416784,0
1995,3774048,0
1996,3388400,0
1997,4021056,0
1998,3477168,0
1999,3822800,0
===CSV_END===
=========================================
HI_NET_PING_DONE run=9
