========================================
SHM Ping-Pong Client
Scenario 2 - EB corbos Linux Evaluation
========================================
Messages:       2000
Message size:   64 B
Poll interval:  100 us
Echo timeout:   10 ms

Waiting for shm_echo to register (UUID: b2c3d4e5-f6a7-8901-bcde-f12345678901)...
Found shm_echo!

WARNING: seq mismatch (expected 113, got 112)
WARNING: seq mismatch (expected 1248, got 1247)
WARNING: seq mismatch (expected 1274, got 1273)

========== SHM PING-PONG RESULTS ==========
Messages sent:    2000
Messages lost:    8 (0.400%)
RTL (us):
  Mean:   2197.601    Std dev: 914.861
  Min:      62.720    Max:     9055.216
  P50:    1898.464    P95:     4152.992
  P99:    6132.800    P99.9:   7985.776
Throughput: 455 msg/s
============================================
===CSV_START===
Seq,RTT_ns
1,7329168
2,1672848
3,1815744
4,1546864
5,2474864
6,1463616
7,2473632
8,3873376
9,2198336
10,3251616
11,1848720
12,1426224
13,1427904
14,2853072
15,1393632
16,6910928
17,1639264
18,1873728
19,1670560
20,1338512
21,2286976
22,1428112
23,2099152
24,1480704
25,1656096
26,1570848
27,2311984
28,2676128
29,3192928
30,3569024
31,7610592
32,7550000
33,2481248
34,5276832
35,4732144
36,1448784
37,1860736
38,4456544
39,1531856
40,2009696
41,4187184
42,1740672
43,6696976
44,1539440
45,1987424
46,3955552
47,7827328
48,4203568
49,1429680
50,2731968
51,1573936
52,1638960
53,1677696
54,3083120
55,3968608
56,1627840
57,1935984
58,1551952
59,2663632
60,1440912
61,2273296
62,1561968
63,2639008
64,4249440
65,1372288
66,1889808
67,1490832
68,1324320
69,2051024
70,1434864
71,1973120
72,4063648
73,1550560
74,2270992
75,4168400
76,1632976
77,2084000
78,4388592
79,1516640
80,2568512
81,3705920
82,4183344
83,3582080
84,4131888
85,1547376
86,2483888
87,4035968
88,1452960
89,2610128
90,2407760
91,3471568
92,6153120
93,1414912
94,2376064
95,4032608
96,1455712
97,2543104
98,1499728
99,2419776
100,4029056
101,1449552
102,2274256
103,1456384
104,2788912
105,1463792
106,2170288
107,3062080
108,5230128
109,1538352
110,2282864
111,1481584
112,2704640
113,1740272
114,1357360
115,2684368
116,1377664
117,2210976
118,4646688
119,1571136
120,1867040
121,1725824
122,2397760
123,1457104
124,2140608
125,1634544
126,2419440
127,1557488
128,1351328
129,2376208
130,1303392
131,1600480
132,1609376
133,2239568
134,1459024
135,2490672
136,1438416
137,1332288
138,1863632
139,1564880
140,2111120
141,1397920
142,2277616
143,1488864
144,2446432
145,1856928
146,2438400
147,1551024
148,2598912
149,3511632
150,1748496
151,2745568
152,1411712
153,2370048
154,1344832
155,2268736
156,1628896
157,2508416
158,4274080
159,1574928
160,2270976
161,1533936
162,2393776
163,1416224
164,1401136
165,5424880
166,1419664
167,2579040
168,1439776
169,2168448
170,1500496
171,2410240
172,1580400
173,1491520
174,4333648
175,1845872
176,2125680
177,1599184
178,2273712
179,1391968
180,2343856
181,1496768
182,1395504
183,1967776
184,1499808
185,6242160
186,1458656
187,2676832
188,1590544
189,2168960
190,1704640
191,2351536
192,1461040
193,2405264
194,1603872
195,2074544
196,1558080
197,2411600
198,1600896
199,3921792
200,1277360
201,2432864
202,1456672
203,1897184
204,1571792
205,2040576
206,1539008
207,1890256
208,2057696
209,2594800
210,3414992
211,1527472
212,1368304
213,2487840
214,1483328
215,2604048
216,2386560
217,1565312
218,2974976
219,1614496
220,1994992
221,1434000
222,2265984
223,1453664
224,1339840
225,2305136
226,1507232
227,2130080
228,2006624
229,2612672
230,2485904
231,4185552
232,4116256
233,1298176
234,2271520
235,1647360
236,1338560
237,2316016
238,1561056
239,5376736
240,1559136
241,2360480
242,1630864
243,2440592
244,3923408
245,1475152
246,2249328
247,1450912
248,2771792
249,2542848
250,1968080
251,1798512
252,2050704
253,1409088
254,3268608
255,1662864
256,2329728
257,1416624
258,1706880
259,1458080
260,2343808
261,4397856
262,3657648
263,1974208
264,1644688
265,1557008
266,2693456
267,1510832
268,2382144
269,1383648
270,2882464
271,1498128
272,2354448
273,3974288
274,1511776
275,2268784
276,1441088
277,2475616
278,1741104
279,2552144
280,4105056
281,1481296
282,2553472
283,1547632
284,2433824
285,1486512
286,2366432
287,1443472
288,2476240
289,1295040
290,2325072
291,1503760
292,1509472
293,3660560
294,2051104
295,1326288
296,2451728
297,1335008
298,2458272
299,4183120
300,1534000
301,1918672
302,1677104
303,2663232
304,1563440
305,2557440
306,1844816
307,1998048
308,1634080
309,2465616
310,1634880
311,2231808
312,1471104
313,2352240
314,2027072
315,2061632
316,1873184
317,1836128
318,1461776
319,1547456
320,2325392
321,1530736
322,2663376
323,1431264
324,2324992
325,1512368
326,2150256
327,1926048
328,1857488
329,1401664
330,2093424
331,1594640
332,3607312
333,2667008
334,1650656
335,3240192
336,5615280
337,2580592
338,1593328
339,1711872
340,3903984
341,3451200
342,1571584
343,2700048
344,1526688
345,1776528
346,1914688
347,1793776
348,2113888
349,1639808
350,2236704
351,1662064
352,2298512
353,1591648
354,2444912
355,1528656
356,2328960
357,1476512
358,3048752
359,2114928
360,5492736
361,1501552
362,2454800
363,1776448
364,1841280
365,1396864
366,2440928
367,1848672
368,2307088
369,1722352
370,2832128
371,1808784
372,2123120
373,1612256
374,1828944
375,1471728
376,2363920
377,1742784
378,2403680
379,1563232
380,2261920
381,1555600
382,2694288
383,4604384
384,1679680
385,1937664
386,4147968
387,4093904
388,1911792
389,1964512
390,1760688
391,1948752
392,1577120
393,2014608
394,1635856
395,2704816
396,1922208
397,1881488
398,1880832
399,1868608
400,1770128
401,2104272
402,1755328
403,2454448
404,4543264
405,1923984
406,1837472
407,1581936
408,1961440
409,1504432
410,3070656
411,1771488
412,1831568
413,1859056
414,3201968
415,2951424
416,1690560
417,2326544
418,1932432
419,1715520
420,1729616
421,2558224
422,1854976
423,1883568
424,1747072
425,2184848
426,1483136
427,2502720
428,1732048
429,2261376
430,1810352
431,2147792
432,1606560
433,2375664
434,4159392
435,1968448
436,1883744
437,1589472
438,2546576
439,1982544
440,2297184
441,1611728
442,1874848
443,4312672
444,1897152
445,1993104
446,1813024
447,1941344
448,1596128
449,2451808
450,1621840
451,3041600
452,1750480
453,1810992
454,1654672
455,1929328
456,1564784
457,2548368
458,1469568
459,2504208
460,4284976
461,1761024
462,2075392
463,2117056
464,3318816
465,1983808
466,2004912
467,1630336
468,1812976
469,2124528
470,1520992
471,2473456
472,4440576
473,1826688
474,1982960
475,4529024
476,1911072
477,1667984
478,1738832
479,2223632
480,1759088
481,1749888
482,1559632
483,1491056
484,984528
485,1437104
486,2557280
487,1797968
488,2685040
489,3802944
490,1574928
491,2372080
492,1745536
493,1981008
494,1511312
495,2431488
496,1689456
497,2472672
498,1589504
499,2493984
500,4301248
501,1804144
502,2036384
503,1775280
504,3278208
505,2471296
506,1768848
507,2384832
508,1638272
509,2122448
510,1782512
511,3062896
512,3322560
513,1522096
514,2334080
515,1691472
516,2335008
517,5300528
518,2838928
519,1545296
520,2355760
521,2135552
522,1910624
523,4278320
524,3441536
525,1841440
526,2650928
527,1505792
528,6467232
529,1533008
530,1783840
531,1611568
532,1563184
533,2736432
534,2210304
535,4491296
536,1475536
537,2768688
538,1525696
539,1886368
540,1655584
541,2144592
542,1439632
543,2998304
544,1573072
545,1957456
546,1571344
547,2570448
548,2662240
549,5414912
550,1527200
551,2460208
552,1505904
553,2113008
554,1402272
555,1570032
556,2543760
557,1546608
558,1412560
559,3892352
560,1595136
561,2311408
562,1507936
563,2402320
564,1664128
565,2768320
566,1665376
567,1629520
568,1605136
569,2364848
570,1681840
571,4359904
572,1864096
573,1527088
574,1459024
575,2296992
576,1429920
577,1737056
578,1540544
579,2258144
580,1688992
581,2400896
582,1531088
583,2349232
584,1509712
585,2540224
586,1558016
587,2252960
588,2460352
589,1794240
590,1997680
591,3078096
592,3033744
593,3960432
594,1719104
595,1673696
596,1814480
597,2469344
598,1707696
599,2442288
600,1736464
601,1705040
602,1815424
603,2556784
604,1669456
605,2309712
606,2024912
607,1964368
608,1608928
609,1957792
610,1526176
611,2782832
612,4179504
613,1844080
614,1717616
615,1557008
616,2522800
617,1609264
618,2726352
619,1630016
620,1710640
621,1456640
622,1458896
623,1890896
624,1552752
625,1696656
626,1857712
627,2452144
628,4023456
629,1362752
630,1295632
631,918496
632,1467696
633,1413680
634,2035952
635,1731456
636,1831760
637,1306304
638,2432336
639,1600144
640,2485264
641,4112128
642,1601088
643,2097872
644,4333888
645,1545728
646,1911184
647,1701872
648,2631952
649,2014704
650,1937040
651,1578464
652,2781440
653,1777168
654,1858592
655,1674528
656,2190272
657,1725264
658,2813328
659,1571168
660,1685424
661,1818816
662,2814064
663,1678480
664,1813056
665,1967296
666,2159040
667,1624016
668,3952576
669,2379520
670,1623744
671,2483552
672,1625856
673,1952208
674,1489616
675,2976912
676,1495472
677,1880512
678,1697104
679,2429728
680,2419808
681,1952432
682,1566000
683,2146336
684,4494592
685,1642032
686,1867424
687,1698560
688,2263648
689,1594720
690,2551712
691,1609568
692,2546656
693,1823760
694,1688752
695,1979008
696,1919680
697,1520304
698,2491232
699,4555152
700,3574000
701,1667520
702,2688896
703,1937776
704,1857888
705,1769696
706,6156320
707,1558800
708,2464576
709,1506608
710,2402720
711,4176112
712,4324288
713,1448064
714,2094160
715,1380544
716,2595600
717,1848384
718,1678256
719,1782272
720,2996896
721,1536864
722,2137024
723,1715376
724,1943648
725,1642656
726,2995456
727,3515440
728,1669152
729,2622944
730,3673952
731,1755616
732,1709584
733,1473248
734,2233136
735,1706720
736,2724528
737,1858352
738,2005856
739,2174992
740,2034784
741,1780624
742,1597744
743,1594240
744,3928320
745,1512320
746,2467712
747,1491072
748,2549888
749,2639552
750,4733776
751,1554352
752,1856752
753,1521984
754,2309008
755,1655264
756,2478624
757,1528288
758,2381088
759,2534352
760,2000912
761,1495120
762,1678432
763,1446432
764,1525744
765,5655664
766,1417840
767,2315808
768,1586608
769,2379008
770,1429904
771,2433424
772,1590240
773,2311216
774,4130336
775,4096288
776,3840560
777,1469280
778,2522304
779,1468656
780,2480512
781,1844720
782,2313840
783,3687024
784,1470256
785,2577520
786,1696528
787,2456352
788,1912800
789,2425552
790,1682000
791,2125968
792,1621936
793,1984224
794,1485408
795,2563488
796,1519856
797,2639408
798,1774128
799,1707248
800,1890560
801,2249824
802,1602064
803,3019296
804,1743232
805,1990944
806,1691024
807,1926672
808,2041152
809,2020656
810,1547616
811,2580096
812,1805536
813,1896112
814,4106992
815,1978064
816,1921792
817,1653632
818,2654256
819,1457632
820,2496416
821,1510624
822,2426832
823,1580416
824,2027120
825,1476176
826,2503680
827,1810800
828,2444944
829,1507872
830,2848096
831,1594448
832,1872656
833,1638480
834,2495072
835,1523760
836,2366992
837,2655856
838,5721984
839,1548976
840,2489456
841,1349360
842,2984304
843,1777008
844,2215424
845,1430208
846,1677392
847,1609344
848,2542928
849,1549424
850,2562048
851,1575824
852,2199536
853,1544688
854,2354752
855,1645504
856,2933264
857,1548336
858,1948800
859,1493872
860,2582544
861,1458784
862,2187664
863,2567392
864,1822528
865,1837280
866,1760208
867,1713088
868,2248944
869,1532128
870,2711520
871,1531712
872,2564576
873,1893920
874,2397984
875,1583984
876,2144560
877,1556064
878,2312992
879,1493296
880,2457968
881,1547184
882,2618112
883,1715056
884,2148384
885,1801424
886,1910016
887,1428464
888,2526256
889,1635456
890,2435136
891,1548464
892,2613648
893,4290992
894,1662576
895,1844128
896,1481120
897,3188448
898,1718080
899,1766192
900,1440800
901,2567440
902,1472976
903,2444096
904,1434816
905,2361856
906,1537632
907,2320448
908,1606992
909,2131728
910,1407936
911,1465600
912,1843376
913,1619680
914,2535344
915,1427872
916,1745888
917,1488464
918,2757296
919,1357136
920,2603552
921,1472352
922,2785104
923,1637728
924,1966432
925,1429232
926,2842656
927,3991504
928,1485040
929,2522352
930,1539472
931,2018912
932,1812384
933,3091808
934,1666560
935,1863856
936,3598496
937,1596720
938,2920336
939,1788224
940,3531840
941,2540688
942,1649456
943,1686480
944,1443104
945,1571760
946,1054272
947,1468208
948,2533184
949,1833952
950,2494672
951,4625440
952,1547936
953,1940032
954,1552976
955,2649936
956,1616384
957,1983328
958,1550400
959,2316624
960,1634048
961,2707280
962,1790512
963,1674240
964,1584800
965,3210656
966,3746224
967,3474576
968,1839104
969,2101504
970,1634848
971,1519984
972,2035600
973,1838416
974,1814320
975,1787536
976,1815072
977,1579472
978,2336016
979,1392048
980,1471616
981,2165600
982,1830128
983,5508672
984,1930352
985,2061040
986,1405680
987,2434512
988,1512576
989,2404208
990,1428224
991,2810816
992,1438768
993,2265456
994,4177488
995,1476048
996,2936512
997,5160432
998,3720048
999,2511744
1000,1661024
1001,2392368
1002,1495680
1003,2587280
1004,4022976
1005,1819952
1006,1686416
1007,1770784
1008,2398976
1009,4487504
1010,1626224
1011,1851664
1012,1584736
1013,2291344
1014,4379264
1015,1576880
1016,2544640
1017,1701840
1018,1801856
1019,1805280
1020,2617120
1021,1577536
1022,2124672
1023,1259712
1024,2634400
1025,1602176
1026,2271840
1027,1630768
1028,2588096
1029,4232304
1030,1564640
1031,2117856
1032,1605872
1033,2435312
1034,1495296
1035,2654016
1036,3625536
1037,4349488
1038,1581712
1039,2041056
1040,1591264
1041,2717600
1042,1424208
1043,2542352
1044,1512784
1045,2487216
1046,1757504
1047,1764112
1048,1498320
1049,2449056
1050,1484608
1051,2798496
1052,1538096
1053,2458096
1054,1745440
1055,1898464
1056,1832960
1057,2100880
1058,1603040
1059,2758704
1060,1580512
1061,2385824
1062,4374448
1063,3700064
1064,2106784
1065,1828240
1066,1682800
1067,2282304
1068,1526368
1069,2652880
1070,3637776
1071,1597552
1072,2233632
1073,1829808
1074,3027856
1075,3425504
1076,4216560
1077,1696128
1078,3516800
1079,2693504
1080,1636048
1081,2017616
1082,1714112
1083,2395344
1084,4291488
1085,3708112
1086,1640656
1087,2360688
1088,1890864
1089,1765376
1090,1793200
1091,2589616
1092,1872336
1093,1709120
1094,1795280
1095,2595248
1096,1865440
1097,1701344
1098,1718528
1099,2164464
1100,1765248
1101,2425520
1102,3959728
1103,1672912
1104,2459008
1105,1714832
1106,267680
1107,6034048
1108,1754432
1109,2189328
1110,1607056
1111,2583840
1112,1526864
1113,2173152
1114,1748960
1115,1847392
1116,1608400
1117,1481104
1118,2542544
1119,3007232
1120,1711072
1121,1716656
1122,1724528
1123,2470288
1124,1724784
1125,3978656
1126,2287296
1127,1500640
1128,2429632
1129,2192640
1130,1895152
1131,1456800
1132,2481728
1133,1614384
1134,2083488
1135,1935056
1136,2495920
1137,1904784
1138,2051280
1139,1511312
1140,2292944
1141,1574336
1142,2457200
1143,1514224
1144,2314240
1145,1565824
1146,2414256
1147,1404288
1148,2728672
1149,1452912
1150,2564208
1151,4006560
1152,1589760
1153,6285456
1154,1539360
1155,2424720
1156,1509024
1157,2651744
1158,1680464
1159,1819664
1160,2454016
1161,1852848
1162,1567456
1163,2666000
1164,86816
1165,3867312
1166,1541568
1167,2106512
1168,1480496
1169,2630592
1170,1625072
1171,2358096
1172,1667552
1173,2478640
1174,1813040
1175,1759824
1176,1758480
1177,2361248
1178,1378208
1179,2801072
1180,1524528
1181,2361120
1182,1645632
1183,2522944
1184,1529520
1185,2537328
1186,1755744
1187,1903856
1188,1625488
1189,2493008
1190,1574080
1191,6706272
1192,1628928
1193,2021792
1194,1391584
1195,2463088
1196,1504912
1197,2468096
1198,1630416
1199,2520384
1200,4270224
1201,1397968
1202,1940912
1203,1539968
1204,2725424
1205,1374000
1206,2604720
1207,4006432
1208,1597600
1209,2085248
1210,1845856
1211,2789744
1212,1704112
1213,1848032
1214,1691952
1215,2566000
1216,1662128
1217,1838880
1218,1602816
1219,2857696
1220,1909696
1221,1814016
1222,1939616
1223,1944416
1224,1623296
1225,2385920
1226,1492192
1227,2554960
1228,1629616
1229,2057584
1230,1760688
1231,2484384
1232,4038144
1233,1931216
1234,2199056
1235,1659920
1236,1871120
1237,1740224
1238,2286480
1239,1693280
1240,2532256
1241,1480688
1242,2421936
1243,1615728
1244,2997040
1245,2021088
1246,2268560
1247,1412080
1248,1716048
1249,1598000
1250,2145456
1251,1953040
1252,2022768
1253,1883392
1254,2295392
1255,1801904
1256,1691152
1257,1726912
1258,2426592
1259,1630672
1260,2651680
1261,3502256
1262,1886960
1263,2660048
1264,1894976
1265,2062080
1266,1615424
1267,1990752
1268,1834896
1269,4798080
1270,3720192
1271,3698736
1272,3872496
1273,1807472
1274,2441104
1275,3708928
1276,1586048
1277,2626720
1278,1669824
1279,1635808
1280,1945280
1281,2962704
1282,1992608
1283,1729728
1284,1697040
1285,1964080
1286,1794960
1287,2176656
1288,1621440
1289,2569392
1290,1779136
1291,1679200
1292,1966944
1293,2516320
1294,1741376
1295,6357264
1296,1728960
1297,1869440
1298,1621088
1299,1991856
1300,1497472
1301,2523232
1302,1691104
1303,2600288
1304,4350400
1305,1553392
1306,2046832
1307,1887904
1308,2158016
1309,1504048
1310,2416016
1311,1768208
1312,2210208
1313,1808976
1314,6341248
1315,1921376
1316,1786592
1317,1751616
1318,1969568
1319,1867920
1320,2637984
1321,1711456
1322,2056832
1323,3675744
1324,1913664
1325,2605888
1326,1743872
1327,1988048
1328,1606848
1329,2832160
1330,1545856
1331,2008528
1332,1656288
1333,2408208
1334,1739056
1335,2152928
1336,1825808
1337,1789152
1338,1570032
1339,2831936
1340,1786304
1341,1745152
1342,1922960
1343,1922208
1344,1607504
1345,2492240
1346,1597728
1347,2364112
1348,4464800
1349,1704208
1350,3475984
1351,2524880
1352,2237056
1353,2570704
1354,1755616
1355,1931120
1356,1686640
1357,6093744
1358,1732048
1359,1942928
1360,1833696
1361,1983264
1362,1631792
1363,2591984
1364,1844864
1365,2264656
1366,1705568
1367,1720400
1368,1617568
1369,2355440
1370,1550208
1371,1426512
1372,1586160
1373,1745920
1374,1768064
1375,1474000
1376,2421168
1377,1455440
1378,1505472
1379,1672656
1380,1518032
1381,2124240
1382,1530080
1383,2536304
1384,1599760
1385,2254432
1386,1547936
1387,2536896
1388,1436080
1389,2275680
1390,1764080
1391,2504128
1392,1622064
1393,3838528
1394,2754480
1395,1505872
1396,2471568
1397,1625232
1398,6396736
1399,1591184
1400,2142736
1401,1696240
1402,1963968
1403,1774544
1404,3552624
1405,2553376
1406,1479504
1407,2649264
1408,1530832
1409,2472368
1410,1486608
1411,2321456
1412,1474960
1413,2553824
1414,1797216
1415,2436672
1416,1489920
1417,2507328
1418,4050224
1419,1931056
1420,1848816
1421,1473536
1422,2488608
1423,1417008
1424,9055216
1425,1840352
1426,1581568
1427,2818720
1428,1634224
1429,2105360
1430,1912224
1431,1838560
1432,1671632
1433,2515120
1434,1689056
1435,2535472
1436,1437968
1437,1753808
1438,2258688
1439,1657136
1440,1696656
1441,2379152
1442,1500768
1443,1484368
1444,3976592
1445,3071056
1446,7985776
1447,2008688
1448,4007120
1449,1508208
1450,2402784
1451,1541424
1452,1411216
1453,1087616
1454,1885408
1455,2407600
1456,1628544
1457,2344496
1458,1757856
1459,1785168
1460,1628896
1461,2493200
1462,1435584
1463,2667616
1464,1683600
1465,2351744
1466,1746448
1467,2464304
1468,2025504
1469,1978144
1470,4275456
1471,5441408
1472,2480448
1473,3350432
1474,1777680
1475,2862752
1476,2214544
1477,1633728
1478,1662992
1479,1461552
1480,2493456
1481,1480560
1482,2332928
1483,1815872
1484,2769104
1485,1580464
1486,1658016
1487,1638192
1488,2583872
1489,1568096
1490,2616928
1491,1496592
1492,2423472
1493,4106400
1494,1323968
1495,2444096
1496,1493104
1497,2488288
1498,2498208
1499,2290736
1500,1522496
1501,1630688
1502,1417696
1503,2552496
1504,4216960
1505,1530448
1506,2263824
1507,1425248
1508,2450560
1509,1502448
1510,2520512
1511,4002096
1512,1745968
1513,2225776
1514,1663104
1515,2610000
1516,1909792
1517,1785392
1518,1388944
1519,2592880
1520,1492272
1521,2216544
1522,1638384
1523,2505488
1524,1450864
1525,2319424
1526,1655008
1527,3006560
1528,1458576
1529,1769408
1530,1537120
1531,1534096
1532,2975392
1533,2332640
1534,1433792
1535,2425280
1536,1994032
1537,2087648
1538,1513600
1539,2361376
1540,1678320
1541,2202416
1542,1675392
1543,2392704
1544,1862992
1545,6409504
1546,1448768
1547,2360112
1548,1633856
1549,2306048
1550,1477840
1551,2257088
1552,1517632
1553,2387168
1554,4432144
1555,1297536
1556,2567616
1557,1556416
1558,2144176
1559,1442656
1560,3162320
1561,1536128
1562,1834272
1563,1751936
1564,2325152
1565,1582928
1566,2517472
1567,4287008
1568,1430592
1569,2471296
1570,1666336
1571,2520704
1572,1593104
1573,1624672
1574,1389168
1575,1406656
1576,1720208
1577,1475904
1578,2537632
1579,1472400
1580,2473680
1581,1575552
1582,2290976
1583,1411312
1584,2711600
1585,1406496
1586,2629712
1587,1360512
1588,2193696
1589,1448288
1590,2469760
1591,4468880
1592,1454080
1593,2328832
1594,1352544
1595,2308880
1596,1556352
1597,2431968
1598,4527616
1599,1330320
1600,2143136
1601,1685712
1602,2337632
1603,1577728
1604,2380928
1605,2471584
1606,1830864
1607,1443280
1608,2648272
1609,3895712
1610,1517792
1611,2384832
1612,3820016
1613,1582512
1614,2388864
1615,1529264
1616,2746560
1617,3592400
1618,1840784
1619,2445440
1620,1549888
1621,2399472
1622,1304080
1623,2575904
1624,62720
1625,1545680
1626,2429728
1627,1991872
1628,1630016
1629,1751056
1630,2544192
1631,1470288
1632,2246192
1633,1518816
1634,2432384
1635,1742784
1636,2578176
1637,1495312
1638,2393568
1639,1745520
1640,2305504
1641,1656272
1642,2718480
1643,1520192
1644,1689872
1645,1482304
1646,1467680
1647,2806592
1648,2232432
1649,1457296
1650,1461264
1651,3566608
1652,1832256
1653,1559168
1654,2369360
1655,1340256
1656,2867504
1657,1658560
1658,2121920
1659,1437120
1660,2408640
1661,4158784
1662,1541424
1663,2135584
1664,1436384
1665,1377472
1666,2387360
1667,1688048
1668,3951792
1669,4128000
1670,1412384
1671,2523008
1672,1495600
1673,2387680
1674,1305376
1675,3043344
1676,1454064
1677,2151968
1678,1761312
1679,6798800
1680,1732880
1681,1869760
1682,1834224
1683,1807264
1684,1654656
1685,2385360
1686,1648848
1687,2549824
1688,1302880
1689,2502448
1690,2372912
1691,1806192
1692,1388320
1693,2686448
1694,4214208
1695,1841456
1696,1807056
1697,1585120
1698,2446048
1699,1695296
1700,1730992
1701,1541344
1702,2647088
1703,1549104
1704,3000576
1705,3891616
1706,1751152
1707,1750464
1708,1728544
1709,2587664
1710,4163952
1711,1567232
1712,1963680
1713,1508688
1714,2523680
1715,1696608
1716,2385232
1717,4288512
1718,2021632
1719,1876288
1720,1636048
1721,1913424
1722,1481248
1723,2567376
1724,4435872
1725,3291056
1726,1693312
1727,2719152
1728,4218000
1729,1459088
1730,2551952
1731,1542768
1732,1847024
1733,2023568
1734,1944112
1735,1625456
1736,3008832
1737,1745280
1738,1766128
1739,1907376
1740,2302064
1741,1281728
1742,2713856
1743,1768672
1744,2647280
1745,2016672
1746,1867280
1747,1909056
1748,1702512
1749,1615040
1750,1827808
1751,1730448
1752,2747888
1753,4422464
1754,1995536
1755,1570624
1756,1682048
1757,1931360
1758,1598448
1759,2398672
1760,1695888
1761,2140512
1762,1567392
1763,2575440
1764,1642016
1765,1830848
1766,1895072
1767,2495488
1768,2183376
1769,2028800
1770,1754608
1771,1643504
1772,1709648
1773,2668960
1774,1740416
1775,2107296
1776,2033120
1777,6132800
1778,1964288
1779,1871616
1780,2115456
1781,2162480
1782,1708480
1783,1942192
1784,1906432
1785,2030480
1786,2005920
1787,2041648
1788,1501200
1789,2875680
1790,1591792
1791,1914752
1792,1648848
1793,2436816
1794,1448912
1795,2394016
1796,1488544
1797,2726704
1798,1447200
1799,2387744
1800,1696304
1801,2771792
1802,1652816
1803,1812880
1804,1468560
1805,2204784
1806,1590432
1807,1409808
1808,2601984
1809,2500560
1810,1586928
1811,2549232
1812,4082944
1813,1385504
1814,2668784
1815,1444160
1816,3506688
1817,1552368
1818,2433600
1819,1461504
1820,5500432
1821,1623664
1822,1924688
1823,1545872
1824,1409488
1825,2474480
1826,2968480
1827,1437296
1828,2372560
1829,1668576
1830,2339296
1831,1634736
1832,2415040
1833,1474208
1834,2486224
1835,4152992
1836,1774880
1837,2120064
1838,1656592
1839,2745200
1840,1704064
1841,2218384
1842,1548720
1843,1701808
1844,1493328
1845,1416528
1846,2340928
1847,1428032
1848,1594464
1849,1394544
1850,2630352
1851,1402112
1852,2243072
1853,4470656
1854,1385152
1855,2425120
1856,1352800
1857,2506400
1858,1650240
1859,2333488
1860,3883616
1861,1575488
1862,2586976
1863,1627024
1864,2335056
1865,1557760
1866,2411056
1867,1364928
1868,2560064
1869,4057776
1870,4121744
1871,1869440
1872,1675184
1873,1801184
1874,2167920
1875,1505728
1876,1496064
1877,2428176
1878,3048560
1879,1276160
1880,2524800
1881,1415616
1882,2745872
1883,1771200
1884,1954208
1885,1436192
1886,1456016
1887,1843616
1888,1692496
1889,158272
1890,1892848
1891,1399264
1892,2163808
1893,1471168
1894,2499616
1895,1710384
1896,2513632
1897,1479520
1898,2425632
1899,2786880
1900,2339504
1901,2577776
1902,1831888
1903,2500752
1904,1431840
1905,2186512
1906,1624944
1907,2973056
1908,1706912
1909,1754768
1910,1677872
1911,2958448
1912,1517152
1913,1812160
1914,1565552
1915,2665344
1916,2108816
1917,2001088
1918,1625328
1919,1918832
1920,1715088
1921,2922176
1922,1961184
1923,1915840
1924,1763920
1925,3062464
1926,2360272
1927,4609200
1928,1930784
1929,1862928
1930,1479200
1931,2459952
1932,1534928
1933,2599760
1934,2119280
1935,2043280
1936,1570944
1937,2116992
1938,1400976
1939,2563776
1940,2653920
1941,5640992
1942,3753968
1943,1663088
1944,1799264
1945,1572064
1946,2762528
1947,4006960
1948,1516912
1949,2391968
1950,2063760
1951,6031648
1952,1622016
1953,2255664
1954,1862288
1955,2047232
1956,2006400
1957,1907696
1958,1644832
1959,2384608
1960,1765376
1961,2360688
1962,1480944
1963,2717552
1964,1557776
1965,1705152
1966,1979664
1967,2261216
1968,1722448
1969,2735472
1970,1793472
1971,1920720
1972,1992240
1973,1818800
1974,1583552
1975,2559824
1976,1855152
1977,1984784
1978,1642176
1979,1897584
1980,1644752
1981,2756400
1982,1669936
1983,2778112
1984,3401520
1985,1812320
1986,2375168
1987,1606576
1988,1760736
1989,1537360
1990,1711168
1991,2552784
1992,1403248
===CSV_END===
===VMSTAT_START===
procs -----------memory---------- ---swap-- -----io---- -system-- ------cpu-----
 r  b   swpd   free   buff  cache   si   so    bi    bo   in   cs us sy id wa st
 9  0      0 106956  11716  35588    0    0    39    56  360  377 53 42  5  0  0
 9  0      0 106956  11716  35592    0    0     0     0 1047 1289 40 60  0  0  0
10  0      0 106956  11716  35592    0    0     0     0 1020 1307 39 61  0  0  0
 9  0      0 106956  11716  35592    0    0     0     0 1047 1322 34 66  0  0  0
 8  0      0 106956  11716  35592    0    0     0     0 1021 1257 41 59  0  0  0
 9  0      0 106896  11716  35592    0    0     0     0  853  946 57 44  0  0  0
 8  0      0 106896  11716  35592    0    0     0     0  779  812 71 29  0  0  0
===VMSTAT_END===
