========================================
SHM Ping-Pong Client
Scenario 2 - EB corbos Linux Evaluation
========================================
Messages:       2000
Message size:   64 B
Poll interval:  100 us
Echo timeout:   10 ms

Waiting for shm_echo to register (UUID: b2c3d4e5-f6a7-8901-bcde-f12345678901)...
Found shm_echo!


========== SHM PING-PONG RESULTS ==========
Messages sent:    2000
Messages lost:    10 (0.500%)
RTL (us):
  Mean:   2260.586    Std dev: 1003.165
  Min:      62.224    Max:     10002.768
  P50:    1955.088    P95:     4091.952
  P99:    7025.984    P99.9:   9994.848
Throughput: 442 msg/s
============================================
===CSV_START===
Seq,RTT_ns
1,3541680
2,10002768
3,2835072
4,4091952
5,2109072
6,1699792
7,2453200
8,8062160
9,5711648
10,2041280
11,1437184
12,4438624
13,2079040
14,2756832
15,1817456
16,7549600
17,5783776
18,2188512
19,1891920
20,2161504
21,1545440
22,2293344
23,2045856
24,7799984
25,7374224
26,4680144
27,2928432
28,3365936
29,1923344
30,5692944
31,3027920
32,5612016
33,4570144
34,3763488
35,5472720
36,1740768
37,1615680
38,2424048
39,1385168
40,2603776
41,1669856
42,2406896
43,1654000
44,2082176
45,1898112
46,1621280
47,1786944
48,1523424
49,2611648
50,2470864
51,1610048
52,2685984
53,1700256
54,2055328
55,1518400
56,4240944
57,2115312
58,4559680
59,4746448
60,2651824
61,4273344
62,4661680
63,4604576
64,2577376
65,1903728
66,4219280
67,1804544
68,1734432
69,2944496
70,3630256
71,1550496
72,3302944
73,3081920
74,4357680
75,5708528
76,4068432
77,2839008
78,1438304
79,9994848
80,8230544
81,4789392
82,2489840
83,1708832
84,1830512
85,1932144
86,5779360
87,3541520
88,7339680
89,3484464
90,4267264
91,4296560
92,1616016
93,3224464
94,3506512
95,2940816
96,3681936
97,2060608
98,3844144
99,6175728
100,4614336
101,3335872
102,4025600
103,4609600
104,4612320
105,2849920
106,2390352
107,2003120
108,8253520
109,4541008
110,3991152
111,2540096
112,4639312
113,3904512
114,1478400
115,2718640
116,4726208
117,4425904
118,2469680
119,1757120
120,1805680
121,1913408
122,4007904
123,1875584
124,1975312
125,2354704
126,1666608
127,2631632
128,2128608
129,1662272
130,1595840
131,2031712
132,1806464
133,2995904
134,2021696
135,953840
136,2224240
137,1834976
138,2021024
139,2790400
140,1658592
141,1999920
142,1853296
143,2101472
144,1844096
145,1842192
146,1972272
147,1903376
148,1939024
149,2797056
150,1819040
151,1829952
152,1712592
153,1941024
154,1725344
155,2860944
156,2104048
157,2129824
158,1859424
159,2772368
160,2734560
161,1707936
162,2227184
163,1838384
164,1864416
165,2015200
166,1772448
167,1636000
168,2773392
169,1707776
170,2062224
171,1840608
172,1743632
173,1901776
174,2627584
175,1678912
176,2059360
177,1956832
178,1702624
179,1544480
180,2647744
181,1975440
182,2149664
183,1780352
184,1841248
185,1684768
186,2396656
187,2044160
188,2463488
189,1652320
190,2046784
191,1976288
192,2081456
193,1696672
194,2516336
195,1674800
196,2128768
197,2145584
198,3252320
199,3021440
200,1495120
201,1761280
202,1804928
203,3404352
204,3192560
205,1669184
206,2167680
207,1959472
208,3670704
209,2261632
210,1719056
211,2543712
212,1690320
213,2081248
214,1825936
215,2873408
216,3829040
217,2052832
218,1724144
219,1571888
220,1715232
221,1982192
222,1879264
223,1859344
224,2206464
225,1415424
226,1226592
227,1573040
228,1209888
229,1168880
230,3197840
231,2783136
232,3261280
233,2301696
234,1822304
235,4547376
236,1818816
237,2029520
238,2117728
239,2046352
240,2039040
241,2626336
242,2654528
243,1599392
244,3036048
245,1846704
246,1816752
247,1972272
248,1849056
249,2257648
250,1791792
251,1645424
252,2077952
253,1574192
254,2441376
255,2046832
256,2048656
257,1793456
258,1758176
259,1881104
260,2649600
261,1822592
262,2011264
263,1583904
264,1956528
265,1927696
266,3048912
267,1645312
268,2497424
269,1829392
270,2998432
271,1915072
272,1627920
273,2422224
274,1799616
275,2579072
276,1772832
277,1929296
278,2025776
279,2050560
280,1957248
281,1943248
282,2204960
283,2273392
284,1794880
285,1740896
286,1994240
287,1944560
288,1970096
289,1913888
290,2055904
291,1813872
292,1466752
293,2742448
294,1955280
295,1763904
296,1650784
297,2574176
298,1954464
299,2208672
300,3635744
301,1840512
302,2939248
303,1796176
304,1866912
305,1642544
306,1797088
307,1878416
308,2251680
309,2028336
310,1868192
311,2148736
312,1556944
313,1711952
314,2779664
315,2157184
316,2055584
317,1759760
318,1976000
319,5011520
320,1649824
321,2831008
322,2679728
323,1726768
324,1908768
325,1563616
326,2497344
327,1707200
328,1995040
329,1823520
330,2634896
331,1776400
332,2160896
333,1883072
334,1867184
335,1539888
336,1324800
337,1736768
338,2384976
339,1826096
340,2246208
341,1659952
342,2462400
343,1967424
344,2105392
345,1819504
346,3727440
347,1890976
348,1620080
349,2433168
350,1951840
351,1822928
352,1631616
353,4756544
354,2192560
355,1864944
356,1641440
357,1884496
358,1809760
359,1813520
360,2673952
361,1921056
362,1862304
363,2859360
364,2764992
365,2366224
366,2165456
367,1773616
368,1900272
369,2956688
370,1648160
371,1832544
372,1647248
373,2269024
374,2036368
375,1755408
376,1696208
377,2775280
378,2072448
379,1700704
380,1778576
381,1636832
382,1576768
383,1490384
384,2719120
385,2571824
386,1636224
387,2023168
388,1587424
389,2502512
390,2143232
391,1688464
392,1687616
393,2476080
394,1668560
395,2285328
396,1446528
397,2481280
398,1412464
399,8936800
400,7025984
401,4329632
402,2628448
403,5156784
404,2938592
405,4686208
406,4372560
407,3375056
408,5474592
409,2169376
410,1268320
411,1228304
412,1589008
413,1217952
414,1258336
415,3153712
416,2164432
417,9951728
418,7745808
419,4079584
420,2477392
421,5250512
422,4004720
423,3148656
424,1721728
425,2468352
426,2075200
427,1626976
428,2095552
429,1644800
430,2422656
431,1509088
432,2425904
433,1659824
434,2476864
435,1744784
436,1962112
437,2004336
438,1989664
439,1697056
440,1891520
441,1727472
442,1481472
443,2927344
444,2522976
445,1731344
446,1741376
447,1829344
448,2260512
449,1646592
450,2263760
451,1555776
452,2289008
453,1621968
454,2707472
455,1420544
456,2709328
457,1801232
458,1884976
459,1770864
460,2569936
461,1585984
462,1843792
463,1592816
464,2553952
465,1924624
466,2166224
467,1851120
468,2335296
469,1643248
470,1826720
471,1904768
472,2024560
473,1825760
474,2474528
475,1866000
476,2255872
477,1932736
478,1622704
479,1859728
480,2788464
481,1608176
482,1695088
483,2011232
484,1984672
485,1983424
486,1852320
487,1779776
488,2487952
489,2016160
490,1833744
491,2053600
492,2127024
493,2020624
494,2608208
495,1580896
496,3503232
497,1951360
498,1796768
499,2883728
500,1320256
501,2196576
502,1608816
503,1954448
504,1901712
505,2644128
506,1728560
507,2233520
508,2058240
509,2280960
510,1787744
511,2196016
512,1785232
513,2399696
514,1900688
515,1925424
516,1791232
517,2047664
518,2377728
519,1852848
520,2863360
521,1921712
522,1536464
523,1660944
524,2078640
525,1394896
526,2620112
527,1453008
528,2290272
529,1464480
530,2732000
531,1595200
532,2316688
533,1472352
534,2281856
535,1372000
536,2976768
537,1690912
538,2123216
539,1741648
540,2495984
541,1531040
542,2590528
543,2225728
544,1608128
545,1420608
546,2147840
547,2066512
548,1832352
549,1548144
550,3734704
551,3514816
552,1458192
553,1699856
554,1490192
555,2386064
556,1754608
557,2782576
558,1525136
559,2060976
560,1788768
561,2626688
562,1646336
563,2163440
564,2012960
565,1730560
566,1431632
567,2803648
568,1510352
569,4082448
570,2490048
571,1724144
572,1995840
573,1651216
574,3185936
575,1641328
576,2821584
577,3807856
578,4752640
579,3345072
580,2864096
581,2085136
582,2071776
583,2058720
584,2045744
585,1993696
586,2348928
587,1867744
588,2037744
589,3477584
590,3488032
591,4608240
592,2020672
593,2524272
594,1825968
595,3337728
596,3095152
597,3779056
598,2997744
599,1701328
600,2692816
601,1690000
602,1825680
603,1775344
604,2877696
605,1643616
606,1955248
607,1567808
608,8213712
609,1980080
610,1688384
611,2407824
612,1804480
613,2138832
614,1650016
615,2154832
616,1844224
617,1966768
618,1994288
619,2681488
620,1972464
621,2319840
622,2137504
623,3081952
624,1801600
625,1985072
626,2187504
627,2126032
628,1978352
629,1892144
630,2704912
631,1651552
632,3520304
633,2147376
634,1720624
635,2165712
636,1627744
637,2704496
638,1552992
639,1969920
640,1779664
641,2490000
642,1832096
643,1851568
644,1578240
645,2715136
646,1913840
647,1990208
648,1670720
649,2989840
650,1642224
651,2130112
652,1645056
653,1688640
654,1621888
655,2785392
656,1723936
657,1853232
658,1645056
659,2746352
660,1813344
661,1829136
662,1755136
663,2416960
664,1688080
665,2005120
666,1641424
667,2831280
668,1954912
669,2148000
670,1601680
671,2081696
672,1715680
673,2414752
674,1984832
675,2220544
676,1640592
677,1768224
678,1808432
679,2295920
680,1572944
681,1957472
682,1623904
683,2690496
684,1864752
685,2166608
686,1916784
687,1922736
688,1937168
689,1883392
690,1623664
691,2630928
692,1932304
693,1890576
694,1519216
695,2232288
696,1838080
697,2022208
698,2112336
699,2442976
700,1657424
701,2030624
702,1725936
703,1751904
704,1563408
705,2731536
706,1674448
707,2131632
708,1677024
709,2420064
710,1682064
711,2235200
712,1528272
713,2355376
714,1538432
715,1466976
716,2868352
717,2071392
718,1836368
719,2585120
720,1511152
721,2700720
722,1679072
723,2068176
724,1550752
725,2736864
726,1376848
727,2260496
728,1631840
729,2101840
730,1354672
731,2444400
732,1476464
733,2540768
734,1650144
735,2429104
736,2403584
737,2143824
738,2143120
739,2489248
740,2503168
741,1640208
742,2309568
743,1654832
744,2390144
745,1566928
746,2755680
747,1610688
748,2058960
749,1880992
750,1905536
751,1772224
752,2660208
753,1428512
754,2326528
755,1355312
756,2508304
757,1479488
758,3062816
759,3529808
760,1776032
761,2262864
762,1750160
763,1832016
764,1828368
765,2670576
766,1652416
767,2760288
768,3096816
769,2128128
770,2144320
771,1889904
772,2098224
773,1854192
774,2151440
775,2073280
776,1786560
777,2269776
778,2145808
779,3367312
780,2079232
781,1797520
782,1841584
783,2035056
784,1753072
785,2459472
786,1751760
787,1899824
788,1816368
789,2621312
790,1564448
791,1803216
792,1540528
793,2657584
794,2116608
795,2212800
796,1879136
797,486768
798,1886832
799,1680464
800,6316976
801,1691184
802,1945552
803,1674896
804,1755584
805,1750576
806,2680608
807,1704176
808,1862912
809,1641088
810,3169712
811,6139072
812,4446912
813,2893488
814,1948640
815,1831568
816,1912096
817,2007744
818,1845632
819,1979936
820,2027360
821,1850432
822,62224
823,2014544
824,1795056
825,1849936
826,3326688
827,2776864
828,1751184
829,2562608
830,2051312
831,4274816
832,3518720
833,2266016
834,1630544
835,1759072
836,2167248
837,1684592
838,1693264
839,2998032
840,1678928
841,3451696
842,2566800
843,1678848
844,1935264
845,1784800
846,2516896
847,1956224
848,1765392
849,6394000
850,7077408
851,2189600
852,2584400
853,3929360
854,2675296
855,2754800
856,1616912
857,2927360
858,1932592
859,1650992
860,1841696
861,1602256
862,1681728
863,2433744
864,1544848
865,2712288
866,1590640
867,2285088
868,2243984
869,3296592
870,2664944
871,4374816
872,1724704
873,5877376
874,1631328
875,2731552
876,1400896
877,2057520
878,1552752
879,2299776
880,1473648
881,3084384
882,3803344
883,1719120
884,1730192
885,1822816
886,4510848
887,2295536
888,2268704
889,1644176
890,1616912
891,1918128
892,1678288
893,2041856
894,1633824
895,2920704
896,1471440
897,2071664
898,1991504
899,1915104
900,1815472
901,2759616
902,7748064
903,3794352
904,1952944
905,2366752
906,1880128
907,1880304
908,1904656
909,2089072
910,1982080
911,1925488
912,1740880
913,2546816
914,1767280
915,1850448
916,1662448
917,2799888
918,1741408
919,2110672
920,1587792
921,1860864
922,1670624
923,2214176
924,2108736
925,1951344
926,1757616
927,2670512
928,1827776
929,2510704
930,1752848
931,2114944
932,1665008
933,2061248
934,1903552
935,1566304
936,1572064
937,2440496
938,1803840
939,2627280
940,1433312
941,2157328
942,1438096
943,3155408
944,1692784
945,1776448
946,1735360
947,2270288
948,1693376
949,2538080
950,1738848
951,2202016
952,1808240
953,1902144
954,1529664
955,6480944
956,1675664
957,1815824
958,1706656
959,1447968
960,3463952
961,4022960
962,3695520
963,1912960
964,4187312
965,1551568
966,6279056
967,2649296
968,1258640
969,6510432
970,3250032
971,2799536
972,3812416
973,3955104
974,4026896
975,3721408
976,3908800
977,8710544
978,1720448
979,1747840
980,1791312
981,1869392
982,1755888
983,3517584
984,2790464
985,2042384
986,2915760
987,3121472
988,4112256
989,1676240
990,2239872
991,5109376
992,6377168
993,1550496
994,1921792
995,1320464
996,2750992
997,1689984
998,3219824
999,1600976
1000,1771376
1001,4123120
1002,3531360
1003,2682768
1004,2429056
1005,3088656
1006,1791056
1007,1533648
1008,1551904
1009,1494656
1010,2423296
1011,4029008
1012,4688368
1013,1866240
1014,2180256
1015,2026096
1016,1630144
1017,2032576
1018,1346976
1019,1399136
1020,1638016
1021,1607152
1022,2206736
1023,1294208
1024,2481584
1025,1488768
1026,4005456
1027,4315040
1028,2246640
1029,1497168
1030,2642752
1031,4340240
1032,1963520
1033,2088896
1034,1962576
1035,1879456
1036,1708256
1037,1985584
1038,1809968
1039,2625168
1040,1863728
1041,1818896
1042,1695024
1043,2707472
1044,1807088
1045,1634032
1046,1965568
1047,1855232
1048,1745120
1049,2557792
1050,1620896
1051,2412256
1052,1726080
1053,2194912
1054,2752608
1055,1725392
1056,1772624
1057,2060720
1058,3295024
1059,3025200
1060,1639744
1061,1895296
1062,1700512
1063,2452080
1064,1898112
1065,1995328
1066,1730512
1067,2359232
1068,1531344
1069,2732256
1070,1726160
1071,2503072
1072,2636240
1073,4098016
1074,4214176
1075,5676000
1076,2461392
1077,1546192
1078,2342000
1079,3119696
1080,1978592
1081,2447760
1082,2205696
1083,2162480
1084,1868400
1085,2947808
1086,2811984
1087,1813504
1088,2348864
1089,1942208
1090,1993616
1091,1941424
1092,1241168
1093,1822512
1094,2090880
1095,1920448
1096,2624864
1097,105408
1098,1699824
1099,2133392
1100,2243376
1101,1387312
1102,2201312
1103,2426320
1104,2044384
1105,3173744
1106,2053360
1107,2506240
1108,2117152
1109,1920352
1110,1827696
1111,1789328
1112,2150080
1113,1898112
1114,1853136
1115,1833040
1116,1880272
1117,1939888
1118,4212368
1119,6072896
1120,1871248
1121,4137120
1122,2421184
1123,4252528
1124,1885088
1125,3132496
1126,2232224
1127,1856144
1128,2006752
1129,1773120
1130,1909888
1131,1944480
1132,2496784
1133,1856096
1134,2684928
1135,1982784
1136,3799792
1137,2251408
1138,3525504
1139,1988608
1140,2389200
1141,3520528
1142,2065136
1143,2026240
1144,1842320
1145,2081472
1146,2033184
1147,2035104
1148,1946464
1149,2150544
1150,2142832
1151,2048000
1152,1977232
1153,1873696
1154,1754448
1155,1856704
1156,2048848
1157,2292256
1158,1904752
1159,1869248
1160,1868688
1161,1867152
1162,1833312
1163,1869312
1164,2072800
1165,1841792
1166,2007760
1167,2446192
1168,1924640
1169,2034720
1170,1808736
1171,2058080
1172,1882304
1173,2103680
1174,1805712
1175,1827392
1176,2102336
1177,2058208
1178,1970240
1179,2170064
1180,1835680
1181,2186528
1182,1845008
1183,2052768
1184,1730816
1185,2369968
1186,1426784
1187,2394128
1188,1546976
1189,2261808
1190,1591200
1191,2392288
1192,1695744
1193,1960000
1194,1658416
1195,2562592
1196,1770096
1197,2234800
1198,1842896
1199,2003392
1200,1591728
1201,2638528
1202,1703904
1203,2111456
1204,1393488
1205,6541872
1206,4225056
1207,1777280
1208,2111600
1209,1575632
1210,2292896
1211,1710784
1212,2490096
1213,1697776
1214,3740928
1215,2782592
1216,1689200
1217,2192992
1218,1927760
1219,1719840
1220,1689936
1221,2599184
1222,1476768
1223,2443504
1224,4174464
1225,1918608
1226,2048640
1227,1725088
1228,1729840
1229,1690752
1230,2412752
1231,1764912
1232,1963536
1233,2099440
1234,2076960
1235,1658720
1236,2545040
1237,1670624
1238,1745504
1239,1497392
1240,2983824
1241,1401088
1242,2513696
1243,1593200
1244,2343056
1245,1970784
1246,7330608
1247,8067952
1248,2985440
1249,3175968
1250,1549344
1251,2179280
1252,3956000
1253,2110976
1254,5061680
1255,9424208
1256,5480576
1257,2770976
1258,4133760
1259,1617040
1260,1611328
1261,1691792
1262,2480912
1263,1713488
1264,2516480
1265,1483424
1266,2486864
1267,1652576
1268,2196992
1269,1784496
1270,1872608
1271,1717056
1272,2260144
1273,1668768
1274,2266272
1275,1775888
1276,2359568
1277,1504048
1278,3059936
1279,1722720
1280,2525232
1281,1608608
1282,3565120
1283,1491424
1284,1647504
1285,2702624
1286,1596240
1287,2268736
1288,1841680
1289,2095680
1290,1270112
1291,1381264
1292,1606528
1293,1379024
1294,2416720
1295,3787200
1296,1732592
1297,2361344
1298,1524720
1299,2389680
1300,1399648
1301,1544576
1302,2361584
1303,2362512
1304,1375808
1305,1636624
1306,1695632
1307,1536176
1308,2173856
1309,1569568
1310,2557008
1311,1621024
1312,2400400
1313,1635344
1314,2350048
1315,1639168
1316,2348976
1317,1652992
1318,1818384
1319,3885168
1320,1445456
1321,1425056
1322,1772928
1323,1532592
1324,2008240
1325,1363728
1326,1418848
1327,1497920
1328,1534048
1329,2092672
1330,1479744
1331,2526336
1332,1664560
1333,2227264
1334,1521824
1335,1255904
1336,1605072
1337,1346304
1338,2018128
1339,1343408
1340,1412880
1341,1536256
1342,1716848
1343,2031232
1344,1445856
1345,1393920
1346,1755856
1347,1718544
1348,2095056
1349,1812368
1350,2051712
1351,1613168
1352,2722256
1353,1570752
1354,2436352
1355,1402992
1356,2285616
1357,1499104
1358,2206928
1359,1493408
1360,2423392
1361,1381664
1362,2872592
1363,1550144
1364,2341696
1365,1482192
1366,2769824
1367,1512608
1368,2508304
1369,1729840
1370,1858400
1371,1523648
1372,2483376
1373,1433520
1374,2507136
1375,2112032
1376,1921440
1377,1577840
1378,2766704
1379,1829632
1380,1916400
1381,1487520
1382,5570112
1383,1501280
1384,1303008
1385,1289376
1386,2389712
1387,1600320
1388,2409392
1389,2857920
1390,1720432
1391,2545616
1392,3741488
1393,1672064
1394,2385088
1395,1527040
1396,2491200
1397,1420304
1398,2581328
1399,1357632
1400,2683792
1401,1846944
1402,3237744
1403,2723072
1404,1667952
1405,2265488
1406,1937728
1407,1757696
1408,1669152
1409,2687968
1410,1910576
1411,1632208
1412,1549712
1413,2616864
1414,4064672
1415,1549296
1416,2747520
1417,1418560
1418,2227376
1419,1638480
1420,2283600
1421,1761312
1422,2156560
1423,1632880
1424,2309440
1425,1872016
1426,2313520
1427,1444912
1428,3557472
1429,2108800
1430,3411888
1431,1857648
1432,1589312
1433,1992448
1434,1523296
1435,2837472
1436,1636160
1437,1838624
1438,1418240
1439,1595248
1440,2836144
1441,2504544
1442,1753376
1443,2141600
1444,1934800
1445,2272960
1446,1648224
1447,2593584
1448,1832624
1449,1920240
1450,1557792
1451,1954288
1452,2037536
1453,1575168
1454,1433152
1455,1497664
1456,1700784
1457,1437920
1458,1399504
1459,3632624
1460,2034240
1461,3668976
1462,1291312
1463,2371392
1464,1397648
1465,3202944
1466,1460912
1467,2132512
1468,1955344
1469,1824192
1470,1422624
1471,2457456
1472,1553648
1473,3112032
1474,1700608
1475,1619568
1476,1738016
1477,2541856
1478,1449024
1479,2570000
1480,1437872
1481,2747264
1482,1865952
1483,1902288
1484,3676464
1485,1697216
1486,2474000
1487,1127280
1488,1560432
1489,2470400
1490,1547072
1491,2100960
1492,1367344
1493,1568576
1494,1943872
1495,2385120
1496,1676688
1497,1848048
1498,1724672
1499,2728416
1500,1536432
1501,2153536
1502,1340736
1503,2900480
1504,1561792
1505,3151632
1506,1603312
1507,3304944
1508,1995328
1509,4775472
1510,3283888
1511,1528560
1512,3696864
1513,1573968
1514,2100240
1515,1724288
1516,1618144
1517,1466432
1518,2357584
1519,1638896
1520,2819376
1521,1453280
1522,1702688
1523,1732160
1524,2572272
1525,1541264
1526,2409616
1527,1650080
1528,2416464
1529,1566960
1530,2184848
1531,1692160
1532,2522512
1533,1675184
1534,2542656
1535,1520336
1536,2312672
1537,1683760
1538,1859568
1539,1535520
1540,2521696
1541,1483312
1542,2315888
1543,1486192
1544,3077472
1545,4850944
1546,1514368
1547,1289200
1548,3943536
1549,1522672
1550,2469008
1551,1704064
1552,2360800
1553,1674320
1554,2612592
1555,1424704
1556,2283264
1557,2080432
1558,1845904
1559,2347776
1560,1855056
1561,1540432
1562,2118624
1563,2020256
1564,2258480
1565,1632592
1566,2141664
1567,1878608
1568,2027424
1569,2136848
1570,1809184
1571,1562464
1572,2690480
1573,1615376
1574,2249120
1575,1880352
1576,2907872
1577,1897440
1578,2153504
1579,1792592
1580,2024512
1581,1888608
1582,1762496
1583,1841072
1584,1781600
1585,1745920
1586,2842048
1587,1556416
1588,2128800
1589,1830336
1590,1838640
1591,1843280
1592,2559232
1593,1697968
1594,2011376
1595,1826960
1596,2032992
1597,1734208
1598,2467600
1599,1708496
1600,2192304
1601,1657488
1602,1940208
1603,1722048
1604,2626704
1605,2105072
1606,3707936
1607,1788672
1608,1716800
1609,2725040
1610,1734384
1611,1731344
1612,1901792
1613,3066240
1614,1717072
1615,1977424
1616,1926688
1617,2230176
1618,1550800
1619,1939728
1620,1725600
1621,1866752
1622,1918496
1623,2725936
1624,1802720
1625,1849600
1626,1715424
1627,1954624
1628,1563904
1629,2381552
1630,1560544
1631,1406496
1632,2286304
1633,3044112
1634,1768960
1635,2410192
1636,1714448
1637,1765968
1638,1507568
1639,2559600
1640,1890080
1641,2930704
1642,1648032
1643,1932048
1644,1770960
1645,2126464
1646,1796336
1647,1839536
1648,1484192
1649,1482992
1650,2727744
1651,2455968
1652,1654192
1653,2732176
1654,1602784
1655,2307680
1656,1612288
1657,1907904
1658,1979360
1659,2000432
1660,1699312
1661,2454608
1662,1562592
1663,2118560
1664,1723584
1665,2676960
1666,1649552
1667,2009952
1668,1725200
1669,2188112
1670,1768384
1671,2238208
1672,1586912
1673,2527136
1674,1679440
1675,3691184
1676,2441888
1677,1800688
1678,3198112
1679,1634320
1680,1113168
1681,1653344
1682,2468432
1683,1625344
1684,2386304
1685,1365120
1686,1386512
1687,3225024
1688,2316704
1689,1461632
1690,3167808
1691,4368048
1692,2583136
1693,1590688
1694,2293824
1695,3931152
1696,1659104
1697,1302688
1698,3813104
1699,1855216
1700,1433824
1701,1705984
1702,1870880
1703,2363952
1704,1626992
1705,2701248
1706,1478704
1707,1985984
1708,1466608
1709,2672848
1710,1763488
1711,2656096
1712,1466752
1713,2199728
1714,1584848
1715,2184144
1716,1842176
1717,2969520
1718,1455536
1719,1793184
1720,1721216
1721,2339264
1722,1447120
1723,1425744
1724,2555312
1725,2402256
1726,1501616
1727,2365728
1728,3095920
1729,2459840
1730,2671328
1731,1989472
1732,1892064
1733,1491760
1734,2543536
1735,1688480
1736,2139488
1737,1476816
1738,1365056
1739,1673776
1740,3604160
1741,1680896
1742,4244336
1743,3065536
1744,3169680
1745,1655568
1746,2107936
1747,1825392
1748,2580288
1749,1481520
1750,2009104
1751,1573376
1752,2390784
1753,1543616
1754,1473776
1755,3126464
1756,1803936
1757,1606560
1758,2491136
1759,1677248
1760,1905744
1761,1499152
1762,2590688
1763,1825680
1764,2262832
1765,1720224
1766,2074976
1767,1536976
1768,3609856
1769,1730096
1770,2655360
1771,4057840
1772,2428832
1773,1715408
1774,2288368
1775,3898864
1776,1460688
1777,1379504
1778,2476080
1779,3523024
1780,1826752
1781,1756736
1782,1304848
1783,3896544
1784,3378848
1785,1538880
1786,3304032
1787,2102192
1788,1845488
1789,2138944
1790,1475200
1791,2563184
1792,1455408
1793,2308752
1794,1914064
1795,3448576
1796,1479376
1797,1654208
1798,1670336
1799,1802544
1800,1954528
1801,2701136
1802,1472016
1803,1671872
1804,1504768
1805,1574736
1806,1266208
1807,1475712
1808,2405664
1809,3966688
1810,1795232
1811,2276128
1812,1385504
1813,2329984
1814,1572576
1815,2834160
1816,1629104
1817,2330720
1818,1290256
1819,2396512
1820,1504416
1821,3067264
1822,1633184
1823,1651040
1824,1614544
1825,2554736
1826,1453616
1827,2387264
1828,1595904
1829,3475712
1830,1596720
1831,1663520
1832,1551616
1833,2467280
1834,4177248
1835,1610544
1836,1750752
1837,1457888
1838,1379216
1839,1844592
1840,1475968
1841,2462864
1842,1585824
1843,1833840
1844,1732800
1845,2272208
1846,1594240
1847,2288576
1848,1731792
1849,1413072
1850,2761344
1851,2076480
1852,1269648
1853,1676528
1854,2376048
1855,1568384
1856,2970576
1857,2664416
1858,1570240
1859,1796256
1860,1636368
1861,2742256
1862,1552224
1863,2829680
1864,3596880
1865,1832784
1866,1983104
1867,1704704
1868,2580640
1869,1714288
1870,1836944
1871,1629984
1872,2931040
1873,1531824
1874,2033552
1875,1596368
1876,2416320
1877,1884128
1878,2510608
1879,2001008
1880,2167264
1881,1864496
1882,1783424
1883,1964000
1884,4131136
1885,1918576
1886,1754496
1887,2049216
1888,1652784
1889,2255088
1890,1811152
1891,2904400
1892,1758080
1893,3364192
1894,1813600
1895,1821120
1896,2308192
1897,1559760
1898,2488752
1899,1505232
1900,2500736
1901,1504608
1902,2787968
1903,1913216
1904,1888128
1905,3213872
1906,4021936
1907,2600400
1908,1551280
1909,3726128
1910,2147232
1911,1537008
1912,2622016
1913,1623456
1914,2490576
1915,1754528
1916,1811056
1917,1422288
1918,2739760
1919,1704960
1920,3895728
1921,2514464
1922,1800112
1923,1908208
1924,1748080
1925,1961600
1926,1525888
1927,2910272
1928,1807616
1929,2926896
1930,1782976
1931,2664912
1932,2601568
1933,1774032
1934,1872000
1935,1630736
1936,2755264
1937,1607792
1938,2032368
1939,1669152
1940,2482592
1941,1549152
1942,2532768
1943,1635728
1944,2258992
1945,1697168
1946,2561312
1947,1542544
1948,2386432
1949,1524224
1950,2660880
1951,1890064
1952,1955088
1953,1381600
1954,2748704
1955,1542208
1956,2108656
1957,1742832
1958,2709424
1959,1703200
1960,1838048
1961,1446016
1962,3200432
1963,1454112
1964,1830400
1965,1838800
1966,1744208
1967,1529984
1968,2663088
1969,1521568
1970,2484304
1971,1809584
1972,2614192
1973,1668512
1974,2224624
1975,1810272
1976,1723952
1977,1543504
1978,1474064
1979,2542160
1980,2741952
1981,1585760
1982,2688864
1983,1902288
1984,2076032
1985,1541088
1986,1892032
1987,1878800
1988,3040672
1989,1818672
1990,1782112
===CSV_END===
===VMSTAT_START===
procs -----------memory---------- ---swap-- -----io---- -system-- ------cpu-----
 r  b   swpd   free   buff  cache   si   so    bi    bo   in   cs us sy id wa st
 3  0      0 134264  15812  33536    0    0    18    60  479  562 13 75  4  8  0
 3  0      0 134264  15812  33536    0    0     0     0 1112 1518  6 92  0  3  0
 3  0      0 134264  15812  33536    0    0     0     0 1136 1511  5 93  1  2  0
 2  1      0 134264  15812  33536    0    0     0     0 1173 1561  6 93  0  1  0
 3  0      0 134264  15812  33536    0    0     0     0 1226 1673  6 93  1  0  0
 3  0      0 134200  15812  33536    0    0     0     0 1025 1294  6 83  2  9  0
 3  0      0 134200  15812  33536    0    0     0     0  995 1289  5 75  4 16  0
===VMSTAT_END===
