HICOM_PING_START run=5
Messages: 2000  |  Payload: 64 B  |  Channel: hicom (HI-only)
Progress: 100/2000 (lost: 0)
WARNING: timeout at seq 150
Progress: 200/2000 (lost: 1)
Progress: 300/2000 (lost: 1)
WARNING: timeout at seq 319
Progress: 400/2000 (lost: 2)
Progress: 500/2000 (lost: 2)
Progress: 600/2000 (lost: 2)
Progress: 700/2000 (lost: 2)
Progress: 800/2000 (lost: 2)
WARNING: timeout at seq 849
WARNING: timeout at seq 853
WARNING: seq mismatch (expected 854, got 853)
WARNING: timeout at seq 854
Progress: 900/2000 (lost: 5)
Progress: 1000/2000 (lost: 5)
Progress: 1100/2000 (lost: 5)
Progress: 1200/2000 (lost: 5)
Progress: 1300/2000 (lost: 5)
Progress: 1400/2000 (lost: 5)
Progress: 1500/2000 (lost: 5)
WARNING: timeout at seq 1571
Progress: 1600/2000 (lost: 6)
Progress: 1700/2000 (lost: 6)
Progress: 1800/2000 (lost: 6)
Progress: 1900/2000 (lost: 6)
Progress: 2000/2000 (lost: 6)
========== SHM PING-PONG RESULTS ==========
Messages sent:    2000
Messages lost:    6 (0.300%)
RTL (us):
Mean:   2422.151    Std dev: 1098.706
Min:     283.536    Max:     12423.024
P50:    2327.808    P95:     3969.248
P99:    6279.712    P99.9:   9884.032
Throughput: 413 msg/s
============================================
===CSV_START===
Seq,RTT_ns
1,631152
2,2931856
3,3371856
4,2528112
5,3741808
6,2111360
7,3994624
8,2841104
9,4354000
10,3825696
11,526992
12,2837088
13,3708544
14,523408
15,3208640
16,2950736
17,3310512
18,513888
19,2834032
20,2863184
21,605056
22,4108176
23,3958640
24,3544112
25,2839552
26,2867488
27,2287360
28,2684080
29,3980032
30,3226576
31,4014592
32,2915152
33,4457888
34,747328
35,2546928
36,2051760
37,1882032
38,7198256
39,2144528
40,1722448
41,3755120
42,2411600
43,1758560
44,4158080
45,3635632
46,1420768
47,2095136
48,1960000
49,2441040
50,2159824
51,4133248
52,3703648
53,1703664
54,3716624
55,1193376
56,1862288
57,2381936
58,2608288
59,2291744
60,2889872
61,2243712
62,2132704
63,2403760
64,3010928
65,2058000
66,2398176
67,1837936
68,2781216
69,2382064
70,2268256
71,2867632
72,2293504
73,1673088
74,3186544
75,2403856
76,1819424
77,404480
78,2146944
79,2066512
80,2051168
81,1081104
82,1966016
83,3026432
84,4084240
85,2251984
86,1878336
87,1516384
88,1688512
89,2840368
90,331872
91,2834464
92,1828992
93,343120
94,1902928
95,3222208
96,2187920
97,1989424
98,2554464
99,2124224
100,3837904
101,532608
102,2090688
103,1757712
104,2036560
105,1768944
106,1367280
107,2553088
108,2933824
109,3025424
110,2203840
111,1860800
112,2295632
113,1757408
114,1885584
115,2253744
116,2083872
117,1906560
118,1088576
119,2103328
120,1369760
121,1726880
122,404128
123,1773008
124,4057776
125,594112
126,2487872
127,2695536
128,1769216
129,3006848
130,344480
131,1974384
132,1912192
133,2916000
134,2412832
135,2023104
136,2917520
137,9884032
138,1954384
139,8659952
140,2127808
141,2996720
142,2599136
143,2406464
144,2759440
145,2303104
146,3463280
147,2294368
148,2416512
149,1911456
150,1655424
151,1468720
152,2263616
153,1996368
154,3101728
155,2077536
156,1869712
157,1997504
158,1591920
159,2266048
160,1999024
161,1881696
162,2570480
163,1972176
164,2144464
165,3166800
166,1987344
167,1528160
168,1964816
169,1687728
170,2430000
171,2451840
172,366960
173,2061392
174,1437904
175,1902448
176,2543664
177,2591840
178,2311936
179,3106720
180,632480
181,1308672
182,2379856
183,2617824
184,2162608
185,1808688
186,3176192
187,3167312
188,1932944
189,1141952
190,2599136
191,290944
192,1644176
193,5353072
194,2289328
195,2749392
196,2339952
197,2233200
198,1903120
199,1967392
200,3304208
201,1485360
202,2464672
203,2837552
204,2281440
205,1975664
206,2823872
207,2075104
208,1920576
209,2163232
210,2280576
211,1587536
212,3311760
213,1758768
214,2344272
215,1756112
216,1455312
217,1623632
218,1979616
219,2034416
220,2706320
221,3974816
222,2738480
223,3032192
224,1697664
225,2529744
226,1839872
227,1120848
228,1848928
229,2398864
230,2035808
231,1151376
232,1895632
233,1963504
234,1620864
235,2016960
236,3299008
237,2461648
238,2719312
239,2490512
240,2006928
241,2343456
242,2805040
243,2068672
244,1885152
245,1574368
246,2638160
247,2440800
248,1884976
249,2945568
250,2323232
251,1669776
252,1897696
253,2440864
254,1500160
255,1780320
256,2265728
257,2068704
258,1845984
259,2179472
260,1778176
261,2605952
262,305488
263,2568832
264,1870384
265,1252368
266,1630800
267,518160
268,1812576
269,2292864
270,2164944
271,2649904
272,2778688
273,1662176
274,2880656
275,3920560
276,1973952
277,1959232
278,2466160
279,1847664
280,3144192
281,2352160
282,1850256
283,3114704
284,2627408
285,2962848
286,2234832
287,1491648
288,3408416
289,3885504
290,2039456
291,2943392
292,1983888
293,1644912
294,2004720
295,1968800
296,2777984
297,3655840
298,351632
299,2264960
300,2835184
301,2688560
302,1957536
303,3375648
304,2360240
305,2417984
306,1625472
307,3162240
308,2027136
309,2570032
310,3584768
311,1994192
312,2891056
313,2133536
314,1825472
315,1545984
316,1910848
317,439104
318,2764960
319,5203328
320,8124736
321,2433504
322,6282976
323,2793856
324,583200
325,3591520
326,4239552
327,2653568
328,2284656
329,3043424
330,4825920
331,2152736
332,2229216
333,2387744
334,2306784
335,1524464
336,9252848
337,2441152
338,1943008
339,2638976
340,330032
341,2438496
342,1921440
343,3203504
344,2172880
345,1923728
346,2483760
347,1829936
348,3986752
349,1841104
350,2357072
351,1925936
352,2942784
353,2488976
354,2203152
355,3747312
356,2067696
357,419200
358,436144
359,2327328
360,1858304
361,1358160
362,2190960
363,1501584
364,1830128
365,2696048
366,3449888
367,3275200
368,3220608
369,2043808
370,2990880
371,1946832
372,3350640
373,2069904
374,1936992
375,1692480
376,1228992
377,1877024
378,3776944
379,2552688
380,1717536
381,3383872
382,495520
383,2834512
384,356384
385,2621088
386,3746304
387,392480
388,2455968
389,1946816
390,2746000
391,4198912
392,3059536
393,426944
394,2644960
395,1960432
396,2774368
397,3971504
398,3520432
399,387248
400,2395008
401,1248592
402,2129600
403,2672112
404,2220304
405,2125184
406,3451744
407,2355120
408,2100064
409,1273600
410,2060320
411,3050112
412,2258448
413,1972928
414,2893792
415,381248
416,1906240
417,1786512
418,3291344
419,2064512
420,1666960
421,2241136
422,3025072
423,2531488
424,1899136
425,2740400
426,1904768
427,1678496
428,3816880
429,383312
430,2561600
431,3018432
432,1941024
433,2923680
434,297472
435,2525296
436,1507920
437,3110672
438,3892032
439,2560832
440,3068240
441,1980608
442,3559568
443,1880960
444,1878496
445,1188704
446,1936016
447,641136
448,1860112
449,6311872
450,2366480
451,3168000
452,3396704
453,2142592
454,2189728
455,2731280
456,433120
457,2296800
458,2227680
459,4966192
460,2500176
461,2518672
462,2985376
463,2675056
464,2103952
465,3981296
466,2694800
467,3157392
468,6025008
469,2176112
470,3420800
471,2646544
472,2424912
473,2012096
474,2115856
475,2117536
476,2229104
477,3000240
478,2274160
479,2059616
480,2743728
481,2408032
482,1794480
483,2516848
484,3030800
485,2362816
486,2851152
487,2186224
488,1837392
489,2602672
490,3628368
491,1996624
492,362544
493,1675168
494,2951968
495,2085088
496,2127680
497,2946720
498,2110976
499,2523008
500,1759888
501,2327232
502,2220720
503,441664
504,2155696
505,2003680
506,2470240
507,3219120
508,1928176
509,2857184
510,2411840
511,1729264
512,2127648
513,1717504
514,1354496
515,2014112
516,1751152
517,1584832
518,2107376
519,2197456
520,2459024
521,385104
522,3849376
523,2990336
524,395312
525,2567664
526,1974864
527,1207392
528,1706944
529,634944
530,1723184
531,2261520
532,1918032
533,1741984
534,1841536
535,2438368
536,3169408
537,1920368
538,2490800
539,2211424
540,1896848
541,2060624
542,1563248
543,2317008
544,2008576
545,2956592
546,1799968
547,2226064
548,2966320
549,1798496
550,1991312
551,2408080
552,3971376
553,3285488
554,2166256
555,1441600
556,1785824
557,2518144
558,1783696
559,3090448
560,2145824
561,1556208
562,473744
563,2682112
564,2293824
565,1834800
566,1937872
567,1892592
568,2739312
569,3571424
570,2053488
571,1818256
572,2720480
573,1662384
574,1223104
575,1870944
576,2492448
577,3357088
578,3343120
579,2718864
580,540448
581,2074384
582,2192080
583,2546096
584,2988816
585,1886800
586,2824480
587,4147680
588,2240176
589,1854096
590,2842496
591,2187248
592,2091744
593,2042464
594,1919328
595,2805952
596,2893632
597,3519952
598,1952608
599,3459968
600,2157552
601,1205632
602,1577616
603,2135408
604,2058496
605,3317216
606,3345664
607,2261520
608,2143008
609,1299024
610,2133312
611,3262912
612,2133984
613,1722656
614,2391280
615,3358992
616,2028928
617,2417696
618,2574320
619,2299680
620,3083872
621,3786448
622,2043424
623,1796512
624,2035424
625,2383824
626,2962592
627,2096272
628,1917232
629,1892640
630,1996768
631,2445840
632,2363600
633,2042304
634,3801168
635,2917440
636,2527200
637,1754608
638,2133104
639,2429216
640,1799984
641,2370928
642,1894288
643,2512016
644,3473600
645,2946816
646,3601008
647,368688
648,1607120
649,3650656
650,2886928
651,2367536
652,2406944
653,3376896
654,2708880
655,512752
656,3413648
657,2472320
658,1899952
659,3171392
660,2158256
661,1894544
662,1992048
663,3129264
664,1897520
665,1617488
666,1792128
667,2226400
668,2498496
669,2264768
670,2612944
671,2524544
672,2379488
673,1426032
674,2057616
675,2899008
676,547456
677,3225168
678,3760928
679,2368976
680,1767568
681,12423024
682,9075536
683,4632096
684,5592848
685,3740848
686,4555840
687,458928
688,2203040
689,2545360
690,3414064
691,2434224
692,2699776
693,2519680
694,3435056
695,3172400
696,4798688
697,1289776
698,2272288
699,3786704
700,2321120
701,3015776
702,4851184
703,2455152
704,2451216
705,1993408
706,2641280
707,3503312
708,3382928
709,2507712
710,4780496
711,580928
712,5318544
713,2703792
714,330752
715,1578160
716,389376
717,1866448
718,2732912
719,398608
720,2614432
721,2360288
722,2325648
723,2251536
724,1840480
725,677392
726,4984800
727,376320
728,3710224
729,4367200
730,3426000
731,6127104
732,4350096
733,3750736
734,3473296
735,4710112
736,4426288
737,6321376
738,2308000
739,2965920
740,4703520
741,3971968
742,7524432
743,2371920
744,5473856
745,2380496
746,801376
747,2860976
748,3734432
749,2243216
750,5236736
751,2837280
752,3723280
753,3693104
754,6279712
755,4628432
756,2162608
757,3066752
758,551488
759,1320656
760,3558448
761,2155456
762,3467312
763,2319888
764,1957616
765,4958432
766,3640272
767,1831568
768,2220752
769,2324768
770,2820496
771,2775008
772,3072560
773,470544
774,5730528
775,5468608
776,2517312
777,4130160
778,3841360
779,2062800
780,7323392
781,2433472
782,3534800
783,3442464
784,2401232
785,460976
786,5949488
787,6084112
788,1182128
789,3789232
790,4019184
791,412944
792,7223760
793,296048
794,2123952
795,1606848
796,3906864
797,365280
798,2225936
799,3826704
800,1864400
801,1787504
802,2461472
803,2178624
804,2399568
805,2123552
806,2063088
807,1790032
808,2129616
809,2149664
810,1684208
811,2107136
812,2536880
813,2244256
814,1883760
815,2320656
816,1960224
817,2017856
818,2372928
819,2028496
820,1751664
821,4312144
822,3514736
823,3920480
824,2719744
825,2045328
826,2350832
827,328384
828,2429504
829,1738016
830,1380160
831,2301184
832,3583392
833,1793280
834,2249408
835,2290816
836,3187088
837,2543344
838,1981760
839,537216
840,1911520
841,2578688
842,4107424
843,2321664
844,2059792
845,2179600
846,4877296
847,1637248
848,2809216
849,3969248
850,9259808
851,2509776
852,3108864
853,3195584
854,2385440
855,1960496
856,641776
857,412688
858,3240032
859,1682592
860,2074496
861,3644928
862,2066624
863,2994320
864,1812816
865,2204096
866,2239296
867,2189344
868,2675248
869,2210432
870,2286960
871,2699344
872,2229632
873,1704352
874,2711728
875,3086240
876,1958496
877,469776
878,2389120
879,2457648
880,1921200
881,2026544
882,2126592
883,557728
884,1740144
885,3228464
886,696864
887,381344
888,1749712
889,1987600
890,418112
891,2517056
892,390336
893,1808304
894,2986112
895,2115200
896,2654896
897,1862720
898,1254352
899,2149232
900,1437712
901,2100592
902,4272064
903,421184
904,3520928
905,2580464
906,1231600
907,2019008
908,3214720
909,2327632
910,1965216
911,3040896
912,2627712
913,3411792
914,3504400
915,2114064
916,1142208
917,1892144
918,4610752
919,323936
920,2396608
921,2399408
922,2703728
923,2403824
924,2336624
925,2682160
926,2504976
927,2328720
928,2847904
929,2152864
930,2157184
931,2019952
932,1978880
933,1061680
934,2125568
935,1848816
936,1867424
937,2743840
938,3822272
939,3741792
940,2203744
941,1657056
942,2390336
943,4206896
944,3166960
945,2674576
946,2886704
947,2362272
948,3783840
949,2011520
950,1332224
951,3346848
952,1871504
953,2097776
954,2261152
955,516016
956,2216352
957,2218336
958,3100896
959,1888432
960,1325408
961,2143344
962,1163792
963,2161824
964,1230384
965,1692096
966,2059280
967,4120400
968,355696
969,2836704
970,1724096
971,647456
972,2754752
973,2522352
974,3117024
975,2135632
976,1158528
977,2079248
978,1965344
979,1986208
980,1504592
981,2636464
982,462624
983,1567376
984,1658496
985,1823984
986,2451632
987,2729872
988,2005520
989,676960
990,2699056
991,2855008
992,2381904
993,2192032
994,1918400
995,2664928
996,2387856
997,2938576
998,2301552
999,2122816
1000,1815536
1001,3536128
1002,327664
1003,2729248
1004,2035744
1005,3691328
1006,1618656
1007,1808224
1008,3008432
1009,2535968
1010,2139712
1011,1611952
1012,1915520
1013,2703776
1014,2853184
1015,1649424
1016,1395536
1017,1931552
1018,2063424
1019,1716496
1020,2984512
1021,4086576
1022,2808256
1023,2395696
1024,464816
1025,2970752
1026,2089472
1027,3353056
1028,2984000
1029,2995824
1030,1865248
1031,520032
1032,395056
1033,3561648
1034,1661280
1035,2742288
1036,2460032
1037,2478624
1038,2863952
1039,2177536
1040,2154160
1041,2555920
1042,2247360
1043,330624
1044,1850192
1045,460656
1046,2734320
1047,2998480
1048,324704
1049,2455088
1050,1823040
1051,404112
1052,3477728
1053,1606160
1054,2536432
1055,2360944
1056,2025584
1057,2176224
1058,1761216
1059,2865856
1060,2383248
1061,1870896
1062,3092752
1063,2640992
1064,1873040
1065,2685104
1066,395216
1067,1943904
1068,283536
1069,2895504
1070,2124912
1071,1916256
1072,3330832
1073,1990256
1074,3538912
1075,2644864
1076,1794032
1077,1828080
1078,2206272
1079,2036576
1080,1353600
1081,1887760
1082,2155360
1083,1817552
1084,2881616
1085,2260576
1086,2202256
1087,2986752
1088,2178352
1089,2496672
1090,3778464
1091,2844960
1092,2717200
1093,2041728
1094,1884144
1095,2059712
1096,2388336
1097,1967072
1098,1830960
1099,3743040
1100,2279856
1101,2030272
1102,2983504
1103,2407056
1104,2057776
1105,3319680
1106,2769872
1107,1498112
1108,3878240
1109,3949456
1110,3806672
1111,5190160
1112,2760368
1113,1383184
1114,7426384
1115,3917920
1116,4083728
1117,7350512
1118,4764496
1119,7156944
1120,2908592
1121,4162848
1122,3238208
1123,3729232
1124,3849200
1125,4454608
1126,6484368
1127,3166736
1128,2026752
1129,3141856
1130,3035008
1131,2663872
1132,2116208
1133,1887376
1134,3841600
1135,3044800
1136,2233520
1137,1333568
1138,2170864
1139,3241824
1140,3442176
1141,2240800
1142,2521392
1143,3195168
1144,1752848
1145,463152
1146,2629536
1147,1953552
1148,1470208
1149,3434832
1150,2406672
1151,1249968
1152,3531264
1153,2501904
1154,2219392
1155,3425760
1156,422960
1157,3799936
1158,2316800
1159,1600400
1160,2081600
1161,627472
1162,3153376
1163,3334704
1164,2154752
1165,2995072
1166,585696
1167,1610560
1168,1860048
1169,1430320
1170,2299104
1171,2601248
1172,1680896
1173,2812752
1174,2831840
1175,2376576
1176,3118784
1177,3485024
1178,3137440
1179,2523104
1180,3671760
1181,2287808
1182,2433648
1183,2899120
1184,455552
1185,3132784
1186,635216
1187,1325840
1188,422144
1189,2935776
1190,1862960
1191,3904192
1192,1341984
1193,491968
1194,3103200
1195,3438272
1196,3430032
1197,498848
1198,3031456
1199,2575680
1200,518064
1201,2402192
1202,2234048
1203,498448
1204,3583808
1205,3301952
1206,2608608
1207,2282976
1208,3432480
1209,3103360
1210,2408240
1211,2400160
1212,2127504
1213,3111152
1214,2339616
1215,2250608
1216,2562832
1217,1240608
1218,2663088
1219,1867424
1220,3091728
1221,2682816
1222,2318768
1223,2121760
1224,3100464
1225,2165536
1226,2194096
1227,1598208
1228,379968
1229,3101536
1230,2248064
1231,2594160
1232,3170960
1233,3269312
1234,2517072
1235,2163216
1236,3075664
1237,632144
1238,477184
1239,3067920
1240,2200592
1241,1248864
1242,2437968
1243,3129680
1244,3490880
1245,2191648
1246,560592
1247,2561744
1248,2218288
1249,700608
1250,3016128
1251,2358848
1252,1406752
1253,2069376
1254,1377712
1255,1890288
1256,3033056
1257,2458560
1258,2028640
1259,1547376
1260,3739744
1261,501104
1262,2318880
1263,2445120
1264,2964464
1265,2298192
1266,4064336
1267,3326112
1268,2318368
1269,3171488
1270,2953280
1271,2324944
1272,1980368
1273,3078000
1274,2738816
1275,422608
1276,2394656
1277,1927120
1278,3574736
1279,2248752
1280,1800384
1281,1410624
1282,2112192
1283,1466112
1284,354368
1285,3383408
1286,3213008
1287,2223680
1288,1494512
1289,3471712
1290,1756912
1291,3390160
1292,3329680
1293,619328
1294,1683408
1295,2093904
1296,2391104
1297,1911184
1298,3707184
1299,1793984
1300,2275648
1301,2126976
1302,1507680
1303,2140960
1304,1994448
1305,737136
1306,611200
1307,2986560
1308,607200
1309,3031616
1310,538144
1311,1987648
1312,1272560
1313,2014960
1314,1278848
1315,2339680
1316,3372608
1317,1610000
1318,2147584
1319,3194896
1320,3034848
1321,2466880
1322,2022768
1323,1425456
1324,4079584
1325,3851488
1326,441296
1327,2608448
1328,2191232
1329,3608800
1330,2907408
1331,3389232
1332,2478464
1333,2003760
1334,1589968
1335,2138848
1336,2350624
1337,1673808
1338,1969376
1339,3809952
1340,2982400
1341,2291056
1342,2180336
1343,570688
1344,2099296
1345,612064
1346,3659472
1347,4247264
1348,2348064
1349,2005744
1350,2306784
1351,2116832
1352,2237920
1353,3024384
1354,2800896
1355,1631264
1356,1316160
1357,2449280
1358,2069872
1359,2271472
1360,514240
1361,2855792
1362,3345376
1363,2452512
1364,2288864
1365,3060912
1366,2619632
1367,3208544
1368,3664192
1369,3711968
1370,2661056
1371,1972240
1372,634592
1373,3357792
1374,3440512
1375,2640112
1376,4461184
1377,2349120
1378,2389520
1379,2731152
1380,4001296
1381,3836160
1382,2287376
1383,1375888
1384,2294192
1385,2728592
1386,2791104
1387,3340144
1388,3491456
1389,1474816
1390,2476640
1391,2463552
1392,1774880
1393,2119680
1394,2430640
1395,1483904
1396,2760144
1397,3122048
1398,2527360
1399,1285296
1400,2371808
1401,2161600
1402,1544208
1403,3577104
1404,2282880
1405,2754208
1406,2003824
1407,3229904
1408,687536
1409,3327664
1410,3796112
1411,1583584
1412,2241776
1413,502432
1414,3606384
1415,652176
1416,2288704
1417,2347248
1418,3218672
1419,2732112
1420,3839056
1421,409168
1422,2555424
1423,3695088
1424,2086416
1425,2100432
1426,2932016
1427,488464
1428,2599136
1429,2518640
1430,2143744
1431,3830560
1432,3296608
1433,1645840
1434,3444704
1435,2060096
1436,3419728
1437,3312736
1438,2295648
1439,2357440
1440,2456496
1441,3232928
1442,3499200
1443,2528544
1444,604096
1445,3093312
1446,552960
1447,2532912
1448,2074096
1449,2227280
1450,1302768
1451,2668480
1452,2363856
1453,1417888
1454,2126208
1455,1280992
1456,2570976
1457,2205504
1458,1439408
1459,1851408
1460,3627760
1461,3287648
1462,1979328
1463,2217344
1464,3537312
1465,1552736
1466,459168
1467,2327808
1468,2665472
1469,2554416
1470,2132304
1471,2106656
1472,2221664
1473,3736160
1474,4496944
1475,2409328
1476,2508944
1477,2815248
1478,3740752
1479,3338800
1480,3142448
1481,3580784
1482,2723552
1483,2008080
1484,1865424
1485,2606656
1486,3377632
1487,2175824
1488,2622880
1489,2943424
1490,2372496
1491,2319040
1492,3023216
1493,2028592
1494,2433648
1495,3410576
1496,2909840
1497,2051728
1498,1545792
1499,1888576
1500,3905984
1501,3787440
1502,2191728
1503,3150368
1504,606224
1505,1440272
1506,2391728
1507,2608560
1508,1272928
1509,1937696
1510,1410608
1511,2235600
1512,1389040
1513,2348400
1514,2156544
1515,3166240
1516,2601328
1517,3195472
1518,2484384
1519,1440528
1520,2141760
1521,2946000
1522,737216
1523,482176
1524,3170896
1525,2363760
1526,2798112
1527,2548256
1528,2714128
1529,2347984
1530,2204256
1531,1248448
1532,1838448
1533,3437616
1534,2339472
1535,3231296
1536,2512800
1537,2989136
1538,3530608
1539,2947504
1540,578768
1541,2386464
1542,2109824
1543,3250592
1544,2271184
1545,3143152
1546,423936
1547,3296896
1548,2168224
1549,3095344
1550,2417744
1551,630736
1552,2428224
1553,2437184
1554,564480
1555,3804224
1556,2123696
1557,9355504
1558,2589088
1559,1453872
1560,2325888
1561,2528384
1562,2797184
1563,2076592
1564,3432128
1565,390480
1566,2128528
1567,3287120
1568,2420288
1569,1706704
1570,3271968
1571,2472976
1572,4486192
1573,2100528
1574,3878000
1575,4108528
1576,3658592
1577,394416
1578,2537648
1579,2447792
1580,2731440
1581,3720624
1582,1291712
1583,2144384
1584,1362800
1585,2245472
1586,2227632
1587,3520160
1588,3472192
1589,3255280
1590,4473520
1591,3012272
1592,3111776
1593,3628496
1594,507952
1595,3157952
1596,608512
1597,1522144
1598,2196432
1599,2547072
1600,1462144
1601,2024944
1602,2330112
1603,3333248
1604,3825888
1605,1564256
1606,2138192
1607,1464224
1608,1693232
1609,3230848
1610,649936
1611,2914848
1612,2637408
1613,3814688
1614,407344
1615,2413008
1616,2731376
1617,3912736
1618,2181200
1619,3578976
1620,3096752
1621,2567840
1622,2221296
1623,2448864
1624,1388768
1625,2269136
1626,2459328
1627,1280096
1628,2680928
1629,2227264
1630,1250928
1631,2629840
1632,2068112
1633,2420320
1634,461344
1635,2510384
1636,4056000
1637,2190704
1638,2457664
1639,429632
1640,2380992
1641,2422384
1642,1387696
1643,1927392
1644,1360544
1645,2283536
1646,2953696
1647,2330832
1648,2176800
1649,1499728
1650,3495248
1651,2081376
1652,1848144
1653,1871568
1654,3308352
1655,1603952
1656,1764480
1657,1668864
1658,3265872
1659,2421328
1660,3081984
1661,2642688
1662,3344560
1663,2332032
1664,2390448
1665,1741328
1666,1811392
1667,1764288
1668,2125296
1669,2372480
1670,1209744
1671,1992336
1672,3315504
1673,2829568
1674,2941456
1675,1943104
1676,2402560
1677,3456736
1678,344176
1679,2774960
1680,2300272
1681,4083536
1682,1953520
1683,3342784
1684,586144
1685,1263776
1686,1831744
1687,2123488
1688,3777232
1689,3503776
1690,2206400
1691,4419664
1692,2199632
1693,554544
1694,3077664
1695,3333184
1696,2511232
1697,2190224
1698,1895088
1699,2350160
1700,598432
1701,3048304
1702,2038816
1703,2158384
1704,2253536
1705,493024
1706,2338752
1707,3932176
1708,2390320
1709,2270256
1710,1805664
1711,3722080
1712,3169760
1713,2494304
1714,2517120
1715,1396928
1716,2243664
1717,4917440
1718,2518976
1719,1639936
1720,3818400
1721,3486720
1722,2010528
1723,1375296
1724,2406368
1725,2049536
1726,2986080
1727,2240464
1728,551296
1729,3627808
1730,4665648
1731,2936160
1732,5366656
1733,3317104
1734,2411648
1735,1929872
1736,4710288
1737,653072
1738,2506880
1739,3358976
1740,2484064
1741,2413200
1742,3111152
1743,626352
1744,1423200
1745,1827344
1746,1136640
1747,2108864
1748,3096096
1749,373936
1750,3348064
1751,2576896
1752,3345136
1753,1963488
1754,1696400
1755,3275072
1756,2548272
1757,1526352
1758,3995040
1759,3356832
1760,2283360
1761,3257424
1762,1401552
1763,2188688
1764,1114112
1765,529792
1766,2142544
1767,1923408
1768,3449584
1769,2629344
1770,2121600
1771,487600
1772,3579280
1773,2092944
1774,2060448
1775,2671936
1776,584128
1777,2692240
1778,2270928
1779,2545344
1780,2263856
1781,3371712
1782,3305488
1783,2326688
1784,2308512
1785,528192
1786,2030608
1787,2374912
1788,1865184
1789,791936
1790,2680608
1791,1952976
1792,3298352
1793,1465184
1794,2427920
1795,3237472
1796,402816
1797,2192464
1798,2734112
1799,2440624
1800,2359168
1801,1454800
1802,395104
1803,2889952
1804,2181744
1805,1378704
1806,2015984
1807,1302992
1808,3713552
1809,2028960
1810,3341216
1811,3196544
1812,2515824
1813,417296
1814,3097712
1815,2181760
1816,2896016
1817,491440
1818,1938512
1819,2377424
1820,3404816
1821,3401408
1822,3484368
1823,564256
1824,1382656
1825,1725616
1826,3128704
1827,2523136
1828,334272
1829,2670416
1830,2758896
1831,3852160
1832,2319360
1833,1684208
1834,3394368
1835,4865328
1836,2437888
1837,2106528
1838,3346608
1839,2649072
1840,1801008
1841,2316384
1842,3188208
1843,2311920
1844,2371472
1845,2454000
1846,2034352
1847,3011184
1848,2073936
1849,3165808
1850,2198496
1851,483088
1852,3682560
1853,2160272
1854,1949952
1855,2553744
1856,3212912
1857,3672112
1858,2199952
1859,2552784
1860,1566880
1861,3769040
1862,3220464
1863,3887424
1864,381824
1865,2827152
1866,2299072
1867,3278320
1868,3190656
1869,2667456
1870,2228944
1871,2630960
1872,2362288
1873,1958272
1874,2863552
1875,3484960
1876,682464
1877,2715824
1878,1978960
1879,3105792
1880,2805776
1881,3836528
1882,3318032
1883,479648
1884,2736144
1885,2198656
1886,2130512
1887,2888304
1888,2322448
1889,2406672
1890,3662624
1891,3006064
1892,3076336
1893,2767248
1894,434576
1895,2161856
1896,456896
1897,2359952
1898,2539712
1899,1640656
1900,2187984
1901,2121680
1902,2475488
1903,2473056
1904,2109728
1905,2613888
1906,3607568
1907,415344
1908,2654160
1909,2547056
1910,703552
1911,2651408
1912,2654544
1913,3178640
1914,2320576
1915,2077392
1916,560784
1917,3235392
1918,2167600
1919,3233696
1920,1955584
1921,381312
1922,2572160
1923,2703792
1924,3560128
1925,1242512
1926,2446960
1927,2124656
1928,2979664
1929,2309920
1930,2438544
1931,3144976
1932,1747856
1933,453472
1934,2947024
1935,1825840
1936,3082464
1937,2429728
1938,3342880
1939,450752
1940,3379488
1941,649984
1942,2420992
1943,2590032
1944,2868176
1945,3228352
1946,1956992
1947,3135712
1948,2489216
1949,2428960
1950,1379520
1951,2134224
1952,2941600
1953,3004832
1954,443968
1955,2106816
1956,3534736
1957,2226848
1958,3030256
1959,619440
1960,1750576
1961,2001968
1962,2485184
1963,1358832
1964,2350128
1965,3094128
1966,2470064
1967,1856416
1968,2780544
1969,2273216
1970,3748352
1971,3133072
1972,2773616
1973,706096
1974,2367712
1975,3634144
1976,3431792
1977,2355072
1978,2875424
1979,2216144
1980,2336816
1981,2507744
1982,3002160
1983,2745968
1984,2081904
1985,495232
1986,3310880
1987,2471664
1988,2559424
1989,3062944
1990,2889360
1991,2991776
1992,2683424
1993,2178976
1994,1347792
===CSV_END===
HICOM_PING_DONE run=5
