========================================
Signal Sender Workload (Synchronized)
========================================
Initializing shared memory...
Waiting for speedometer to register...
Found speedometer in shared memory!
Sending START command to speedometer: START: 15;5;20

Running workload signal period for 15 seconds...

Workload signal period completed.
Sending STOP command to speedometer...
Waiting for statistics from speedometer...

Stress workload terminated.
===VMSTAT_START===
procs -----------memory---------- ---swap-- -----io---- -system-- ------cpu-----
 r  b   swpd   free   buff  cache   si   so    bi    bo   in   cs us sy id wa st
 0  0      0 147056   9108  28528    0    0    28    10   64   33  6 10 84  0  0
 0  0      0 147056   9108  28532    0    0     0     0   12   18  0  0 100  0  0
 0  0      0 147056   9108  28532    0    0     0     0   11   16  0  0 100  0  0
 0  0      0 147056   9108  28532    0    0     0     0   13   16  0  0 100  0  0
 0  0      0 147056   9116  28524    0    0     0   124   29   32  0  1 99  1  0
 0  0      0 147056   9116  28532    0    0     0     0   22   21  0  0 100  0  0
 0  0      0 147056   9116  28532    0    0     0     0   13   16  0  0 100  0  0
 1  0      0 147056   9116  28532    0    0     0     0   14   16  0  0 99  0  0
 0  0      0 147056   9116  28532    0    0     0     0    9   14  0  0 100  0  0
 0  0      0 147056   9116  28532    0    0     0     0   17   20  0  0 99  0  0
 0  0      0 147056   9116  28532    0    0     0     0   17   20  0  0 100  0  0
 0  0      0 147056   9116  28532    0    0     0     0   10   12  0  0 100  0  0
 0  0      0 147056   9116  28532    0    0     0     0   14   17  0  0 100  0  0
 0  0      0 147056   9116  28532    0    0     0     0   13   16  0  0 100  0  0
 1  0      0 147056   9116  28532    0    0     0     0   19   22  0  0 99  0  0
 0  0      0 147056   9116  28532    0    0     0     0   17   21  0  0 100  0  0
 0  0      0 147056   9116  28532    0    0     0     0   34   37  1  1 99  0  0
===VMSTAT_END===
========== SPEEDOMETER RT APPLICATION RESULTS ==========
Test Configuration:
Period: 50.000 ms
Deadline: 5.000 ms
RT Priority: 99 (SCHED_FIFO)
Execution Statistics:
Total cycles: 298
Deadline misses: 1 (0.336%)
Execution Time (μs):
Mean: 184.079
Min: 131.856
Max: 1696.560
50th percentile: 170.576
95th percentile: 240.784
99th percentile: 386.656
99.9th percentile: 1696.560
Jitter (μs):
Mean: 2043.667
Min: 914.064
Max: 5474.272
Response Time (μs):
Mean: 2227.747
Min: 1045.920
Max: 5640.016
50th percentile: 2187.136
95th percentile: 3219.248
99th percentile: 4608.864
99.9th percentile: 5640.016
========================================================
[  471.989190] SDK:handler_do_el0_svc_pre: syscall __NR_futex (98) is not allowed
[  472.295082] SDK:handler_do_el0_svc_pre: syscall __NR_munmap (215) is not allowed
[  472.302022] SDK:handler_do_el0_svc_pre: syscall __NR_wait4 (260) is not allowed
[  472.309810] SDK:handler_do_el0_svc_pre: syscall __NR_munmap (215) is not allowed
[  472.316634] SDK:handler_do_el0_svc_pre: syscall __NR_rt_sigprocmask (135) is not allowed
[  472.323182] SDK:handler_do_el0_svc_pre: syscall __NR_futex (98) is not allowed
[  472.329836] SDK:handler_do_el0_svc_pre: syscall __NR_exit (93) is not allowed
[  472.337672] SDK:handler_do_el0_svc_pre: syscall __NR_munmap (215) is not allowed
===VMSTAT_START===
procs -----------memory---------- ---swap-- -----io---- -system-- ------cpu-----
r  b   swpd   free   buff  cache   si   so    bi    bo   in   cs us sy id wa st
0  0      0  68556    512   9828    0    0     0     0   60   52  0  5 95  0  0
0  0      0  68544    512   9828    0    0     0     0   46   58  1  1 98  0  0
0  0      0  68544    512   9828    0    0     0     0   39   56  0  1 99  0  0
0  0      0  68544    512   9828    0    0     0     0   47   55  0  2 98  0  0
1  0      0  68544    512   9828    0    0     0     0   48   71  1  1 99  0  0
0  0      0  68544    512   9828    0    0     0     0   41   57  1  1 99  0  0
0  0      0  68544    512   9828    0    0     0     0   48   58  1  2 98  0  0
0  0      0  68544    512   9828    0    0     0     0   47   58  0  1 99  0  0
0  0      0  68544    512   9828    0    0     0     0   46   63  1  1 98  0  0
0  0      0  68544    512   9828    0    0     0     0   45   57  0  1 99  0  0
0  0      0  68544    512   9828    0    0     0     0   50   62  1  1 98  0  0
0  0      0  68544    512   9828    0    0     0     0   48   56  1  1 99  0  0
0  0      0  68544    512   9828    0    0     0     0   44   63  0  1 99  0  0
0  0      0  68544    512   9828    0    0     0     0   46   54  1  1 98  0  0
0  0      0  68544    512   9828    0    0     0     0   43   62  1  1 99  0  0
0  0      0  68544    512   9828    0    0     0     0  130   38  0  7 93  0  0
===VMSTAT_END===
===CSV_START===
cycle,timestamp_s,execution_time_us,jitter_us,response_time_us,deadline_miss
1,0.055474,165.744,5474.272,5640.016,1
2,0.101834,201.600,1833.968,2035.568,0
3,0.151977,176.672,1976.992,2153.664,0
4,0.201951,183.104,1950.944,2134.048,0
5,0.252173,134.848,2172.656,2307.504,0
6,0.302195,182.224,2194.880,2377.104,0
7,0.351294,168.016,1293.728,1461.744,0
8,0.402330,133.456,2330.144,2463.600,0
9,0.451335,133.264,1335.472,1468.736,0
10,0.502332,133.776,2332.080,2465.856,0
11,0.552175,135.264,2175.152,2310.416,0
12,0.602978,240.784,2978.464,3219.248,0
13,0.652393,141.216,2392.624,2533.840,0
14,0.701942,205.600,1942.064,2147.664,0
15,0.752302,167.200,2301.712,2468.912,0
16,0.802417,144.416,2416.560,2560.976,0
17,0.852024,181.168,2023.664,2204.832,0
18,0.903316,157.424,3315.856,3473.280,0
19,0.951887,268.544,1887.168,2155.712,0
20,1.001991,169.296,1991.040,2160.336,0
21,1.052293,174.704,2293.248,2467.952,0
22,1.101972,219.664,1972.400,2192.064,0
23,1.152270,187.472,2269.936,2457.408,0
24,1.202106,190.016,2105.968,2295.984,0
25,1.251985,159.104,1984.544,2143.648,0
26,1.302019,170.496,2019.344,2189.840,0
27,1.351400,136.848,1400.416,1537.264,0
28,1.401415,133.056,1415.424,1548.480,0
29,1.451986,236.640,1986.272,2222.912,0
30,1.502373,155.536,2372.768,2528.304,0
31,1.551954,187.552,1953.584,2141.136,0
32,1.601955,186.496,1954.816,2141.312,0
33,1.652337,175.072,2337.344,2512.416,0
34,1.701457,179.216,1457.120,1636.336,0
35,1.751943,184.672,1943.408,2128.080,0
36,1.802395,143.840,2395.424,2539.264,0
37,1.851304,168.656,1304.448,1473.104,0
38,1.901488,169.408,1487.632,1657.040,0
39,1.951343,183.872,1342.768,1526.640,0
40,2.002321,173.984,2320.704,2494.688,0
41,2.051953,192.320,1952.992,2145.312,0
42,2.101969,169.168,1969.136,2138.304,0
43,2.151893,227.760,1893.344,2121.104,0
44,2.201329,180.560,1328.528,1509.088,0
45,2.251330,156.976,1330.272,1487.248,0
46,2.302020,177.712,2020.496,2198.208,0
47,2.351947,211.312,1946.560,2157.872,0
48,2.402033,232.336,2033.152,2265.488,0
49,2.452096,159.120,2096.448,2255.568,0
50,2.503179,134.240,3178.560,3312.800,0
51,2.552330,156.592,2329.904,2486.496,0
52,2.602357,143.936,2357.360,2501.296,0
53,2.651158,136.032,1158.384,1294.416,0
54,2.701961,227.152,1960.672,2187.824,0
55,2.754464,144.480,4464.384,4608.864,0
56,2.802275,136.192,2275.184,2411.376,0
57,2.852002,145.712,2001.808,2147.520,0
58,2.901420,133.120,1419.600,1552.720,0
59,2.951949,153.152,1949.488,2102.640,0
60,3.001277,185.696,1276.736,1462.432,0
61,3.051953,188.720,1953.200,2141.920,0
62,3.103343,167.344,3342.848,3510.192,0
63,3.152246,190.816,2246.320,2437.136,0
64,3.203441,171.216,3441.216,3612.432,0
65,3.251175,188.288,1175.344,1363.632,0
66,3.301531,160.112,1531.008,1691.120,0
67,3.350976,159.488,975.744,1135.232,0
68,3.402695,204.112,2695.040,2899.152,0
69,3.452014,155.760,2013.888,2169.648,0
70,3.501445,136.864,1444.800,1581.664,0
71,3.551991,142.896,1991.328,2134.224,0
72,3.601561,163.376,1560.560,1723.936,0
73,3.652400,133.760,2399.808,2533.568,0
74,3.701473,150.576,1473.456,1624.032,0
75,3.750999,197.744,998.832,1196.576,0
76,3.802380,174.400,2380.304,2554.704,0
77,3.850989,232.672,989.088,1221.760,0
78,3.901395,156.416,1395.008,1551.424,0
79,3.951439,133.152,1438.528,1571.680,0
80,4.001412,133.280,1412.144,1545.424,0
81,4.051900,208.640,1900.224,2108.864,0
82,4.102151,160.208,2150.672,2310.880,0
83,4.152001,1696.560,2001.120,3697.680,0
84,4.202689,142.032,2688.512,2830.544,0
85,4.251961,230.000,1961.424,2191.424,0
86,4.301962,289.232,1962.400,2251.632,0
87,4.351511,168.224,1511.360,1679.584,0
88,4.401982,196.976,1982.240,2179.216,0
89,4.452284,169.072,2283.888,2452.960,0
90,4.501497,193.808,1497.104,1690.912,0
91,4.551985,175.472,1985.360,2160.832,0
92,4.602024,168.864,2024.128,2192.992,0
93,4.652424,181.648,2424.016,2605.664,0
94,4.701949,187.888,1948.592,2136.480,0
95,4.751960,219.824,1960.048,2179.872,0
96,4.802276,182.288,2276.048,2458.336,0
97,4.851226,134.352,1225.600,1359.952,0
98,4.901985,190.768,1985.184,2175.952,0
99,4.952280,180.240,2280.016,2460.256,0
100,5.001962,146.816,1962.320,2109.136,0
101,5.051429,144.400,1428.608,1573.008,0
102,5.102017,167.760,2017.008,2184.768,0
103,5.152335,386.656,2334.976,2721.632,0
104,5.201991,155.056,1991.360,2146.416,0
105,5.252466,195.824,2466.016,2661.840,0
106,5.301991,154.624,1990.752,2145.376,0
107,5.352024,190.720,2024.416,2215.136,0
108,5.402980,157.536,2980.224,3137.760,0
109,5.451979,176.352,1978.704,2155.056,0
110,5.502998,149.520,2998.032,3147.552,0
111,5.553970,189.712,3969.552,4159.264,0
112,5.602369,199.488,2368.960,2568.448,0
113,5.652405,165.520,2405.168,2570.688,0
114,5.702032,146.880,2032.448,2179.328,0
115,5.751359,159.840,1359.072,1518.912,0
116,5.801993,175.840,1993.344,2169.184,0
117,5.851252,133.936,1251.536,1385.472,0
118,5.902009,182.640,2009.216,2191.856,0
119,5.952494,203.440,2494.416,2697.856,0
120,6.001997,168.112,1996.688,2164.800,0
121,6.052412,164.784,2411.952,2576.736,0
122,6.101972,184.208,1971.920,2156.128,0
123,6.152005,148.288,2004.784,2153.072,0
124,6.202017,182.432,2016.560,2198.992,0
125,6.252380,175.632,2379.856,2555.488,0
126,6.302430,143.760,2430.416,2574.176,0
127,6.352371,186.688,2370.624,2557.312,0
128,6.401992,146.416,1991.520,2137.936,0
129,6.451424,143.392,1424.336,1567.728,0
130,6.501963,187.424,1963.072,2150.496,0
131,6.552315,186.992,2315.360,2502.352,0
132,6.602384,173.264,2384.192,2557.456,0
133,6.654749,132.608,4749.040,4881.648,0
134,6.701323,165.264,1322.880,1488.144,0
135,6.751973,221.648,1973.072,2194.720,0
136,6.802312,167.264,2312.176,2479.440,0
137,6.852620,1572.736,2619.904,4192.640,0
138,6.902415,144.784,2415.440,2560.224,0
139,6.952025,137.696,2025.200,2162.896,0
140,7.002342,164.480,2342.064,2506.544,0
141,7.052018,183.552,2018.176,2201.728,0
142,7.103042,185.504,3042.304,3227.808,0
143,7.152016,148.144,2016.240,2164.384,0
144,7.202017,195.776,2017.072,2212.848,0
145,7.252360,180.512,2359.520,2540.032,0
146,7.302115,149.504,2115.456,2264.960,0
147,7.351990,192.608,1990.352,2182.960,0
148,7.401913,275.520,1913.440,2188.960,0
149,7.451487,178.816,1486.640,1665.456,0
150,7.501502,178.816,1501.504,1680.320,0
151,7.552044,179.776,2044.320,2224.096,0
152,7.602634,133.904,2634.080,2767.984,0
153,7.651899,281.760,1898.816,2180.576,0
154,7.702485,164.880,2484.704,2649.584,0
155,7.752502,200.496,2501.872,2702.368,0
156,7.802454,146.080,2453.744,2599.824,0
157,7.851997,156.656,1996.832,2153.488,0
158,7.902031,181.664,2031.344,2213.008,0
159,7.951641,147.664,1641.136,1788.800,0
160,8.002084,186.608,2084.256,2270.864,0
161,8.051338,181.392,1337.760,1519.152,0
162,8.101291,173.040,1290.896,1463.936,0
163,8.152317,175.696,2317.168,2492.864,0
164,8.202444,147.088,2443.936,2591.024,0
165,8.251861,266.864,1860.656,2127.520,0
166,8.302696,143.872,2696.128,2840.000,0
167,8.351911,150.496,1910.544,2061.040,0
168,8.402337,170.576,2336.640,2507.216,0
169,8.451913,190.704,1912.656,2103.360,0
170,8.502025,156.992,2025.168,2182.160,0
171,8.551874,258.560,1874.400,2132.960,0
172,8.601918,184.640,1918.448,2103.088,0
173,8.651978,135.024,1978.032,2113.056,0
174,8.701925,188.240,1925.088,2113.328,0
175,8.751889,258.736,1888.528,2147.264,0
176,8.802041,155.888,2040.736,2196.624,0
177,8.851577,180.720,1577.136,1757.856,0
178,8.902707,146.480,2706.832,2853.312,0
179,8.951473,143.536,1473.424,1616.960,0
180,9.002309,176.368,2308.528,2484.896,0
181,9.051166,173.392,1165.632,1339.024,0
182,9.101481,185.136,1480.544,1665.680,0
183,9.152017,186.512,2017.248,2203.760,0
184,9.203018,145.504,3017.664,3163.168,0
185,9.251252,143.184,1251.520,1394.704,0
186,9.302503,171.248,2503.280,2674.528,0
187,9.352294,146.544,2293.824,2440.368,0
188,9.402463,182.000,2463.072,2645.072,0
189,9.452359,182.288,2359.360,2541.648,0
190,9.502127,145.888,2126.528,2272.416,0
191,9.552037,164.032,2036.848,2200.880,0
192,9.603020,163.104,3019.840,3182.944,0
193,9.651335,172.208,1335.136,1507.344,0
194,9.702337,185.808,2337.392,2523.200,0
195,9.752024,146.240,2024.000,2170.240,0
196,9.801975,145.712,1975.408,2121.120,0
197,9.854020,146.512,4020.160,4166.672,0
198,9.902252,174.880,2252.432,2427.312,0
199,9.952422,164.832,2421.744,2586.576,0
200,10.002033,169.808,2033.424,2203.232,0
201,10.052011,148.112,2010.944,2159.056,0
202,10.101933,171.376,1932.608,2103.984,0
203,10.151965,145.584,1965.440,2111.024,0
204,10.202018,145.888,2018.160,2164.048,0
205,10.251878,132.336,1878.304,2010.640,0
206,10.301877,143.088,1876.672,2019.760,0
207,10.350914,131.856,914.064,1045.920,0
208,10.401355,143.024,1354.752,1497.776,0
209,10.451969,142.736,1969.248,2111.984,0
210,10.501378,201.312,1378.144,1579.456,0
211,10.552348,145.040,2347.952,2492.992,0
212,10.601907,225.040,1907.056,2132.096,0
213,10.652105,180.224,2104.768,2284.992,0
214,10.703100,170.240,3100.464,3270.704,0
215,10.752106,146.736,2106.320,2253.056,0
216,10.802006,173.024,2005.536,2178.560,0
217,10.852004,182.704,2003.744,2186.448,0
218,10.902915,240.224,2915.264,3155.488,0
219,10.952391,146.464,2391.056,2537.520,0
220,11.001514,163.216,1513.920,1677.136,0
221,11.052219,163.936,2218.736,2382.672,0
222,11.102346,187.520,2346.336,2533.856,0
223,11.151957,146.080,1956.624,2102.704,0
224,11.202008,286.640,2008.224,2294.864,0
225,11.252024,199.168,2023.936,2223.104,0
226,11.302031,234.224,2030.608,2264.832,0
227,11.352000,224.304,1999.520,2223.824,0
228,11.402031,230.560,2030.928,2261.488,0
229,11.452526,188.528,2526.336,2714.864,0
230,11.502521,177.904,2521.120,2699.024,0
231,11.552387,148.304,2387.232,2535.536,0
232,11.602205,143.280,2204.720,2348.000,0
233,11.651957,218.816,1956.816,2175.632,0
234,11.701994,171.344,1993.856,2165.200,0
235,11.752012,145.088,2012.112,2157.200,0
236,11.801491,132.640,1490.784,1623.424,0
237,11.851932,190.976,1932.128,2123.104,0
238,11.902189,135.824,2188.624,2324.448,0
239,11.951954,270.208,1954.288,2224.496,0
240,12.002480,134.016,2479.712,2613.728,0
241,12.051216,151.792,1215.952,1367.744,0
242,12.101415,132.832,1414.672,1547.504,0
243,12.151018,237.680,1017.888,1255.568,0
244,12.201332,175.920,1331.600,1507.520,0
245,12.251422,132.832,1421.568,1554.400,0
246,12.301170,135.104,1169.584,1304.688,0
247,12.352135,158.656,2134.544,2293.200,0
248,12.402390,133.168,2389.808,2522.976,0
249,12.452011,187.120,2010.528,2197.648,0
250,12.502090,162.640,2090.336,2252.976,0
251,12.551894,158.352,1894.096,2052.448,0
252,12.601972,182.848,1972.288,2155.136,0
253,12.652166,135.264,2166.368,2301.632,0
254,12.702500,157.360,2500.416,2657.776,0
255,12.752287,188.688,2287.232,2475.920,0
256,12.801947,190.896,1946.784,2137.680,0
257,12.851985,229.712,1984.976,2214.688,0
258,12.901507,183.536,1507.088,1690.624,0
259,12.952042,171.696,2041.664,2213.360,0
260,13.002979,210.480,2979.088,3189.568,0
261,13.051911,230.448,1911.072,2141.520,0
262,13.101325,168.016,1324.848,1492.864,0
263,13.152095,179.424,2094.880,2274.304,0
264,13.203365,158.736,3365.472,3524.208,0
265,13.252211,160.128,2211.120,2371.248,0
266,13.302503,137.632,2502.960,2640.592,0
267,13.351323,134.912,1323.072,1457.984,0
268,13.401979,227.872,1978.880,2206.752,0
269,13.451946,190.784,1945.920,2136.704,0
270,13.501995,196.960,1994.720,2191.680,0
271,13.551267,133.248,1267.392,1400.640,0
272,13.601943,191.824,1942.528,2134.352,0
273,13.651990,209.744,1989.584,2199.328,0
274,13.701977,145.328,1977.408,2122.736,0
275,13.751972,185.840,1971.664,2157.504,0
276,13.801966,226.032,1966.000,2192.032,0
277,13.851023,178.704,1022.976,1201.680,0
278,13.901822,269.936,1821.968,2091.904,0
279,13.950990,173.216,989.760,1162.976,0
280,14.001198,143.504,1198.496,1342.000,0
281,14.051918,269.264,1917.872,2187.136,0
282,14.101504,133.760,1503.792,1637.552,0
283,14.152037,133.920,2037.296,2171.216,0
284,14.201978,135.680,1978.128,2113.808,0
285,14.251203,136.576,1203.440,1340.016,0
286,14.301654,135.568,1654.480,1790.048,0
287,14.351428,143.472,1427.504,1570.976,0
288,14.402215,135.328,2215.312,2350.640,0
289,14.452021,194.784,2020.768,2215.552,0
290,14.502993,173.136,2993.392,3166.528,0
291,14.551392,137.152,1392.240,1529.392,0
292,14.602461,183.120,2461.184,2644.304,0
293,14.652551,168.784,2550.912,2719.696,0
294,14.701897,234.768,1897.408,2132.176,0
295,14.751960,217.568,1959.856,2177.424,0
296,14.802150,145.760,2150.112,2295.872,0
297,14.851358,184.224,1357.632,1541.856,0
298,14.901904,157.360,1904.128,2061.488,0
===CSV_END===
Statistics sent to li VM via shared memory
Run #19 completed. Waiting for next START command...
Waiting for START command from li VM...
