========================================
Signal Sender Workload (Synchronized)
========================================
Initializing shared memory...
Waiting for speedometer to register...
Found speedometer in shared memory!
Sending START command to speedometer: START: 15;5;20

Running workload signal period for 15 seconds...

Workload signal period completed.
Sending STOP command to speedometer...
Waiting for statistics from speedometer...

Stress workload terminated.
===VMSTAT_START===
procs -----------memory---------- ---swap-- -----io---- -system-- ------cpu-----
 r  b   swpd   free   buff  cache   si   so    bi    bo   in   cs us sy id wa st
 1  0      0 146916   9088  28524    0    0    38    10   69   35  6 11 83  0  0
 0  0      0 146916   9088  28528    0    0     0     0   20   18  1  1 98  0  0
 0  0      0 146916   9088  28528    0    0     0     0   15   20  0  0 100  0  0
 0  0      0 146916   9088  28528    0    0     0     0   13   16  0  0 100  0  0
 0  0      0 146916   9088  28528    0    0     0     0   16   19  0  0 99  0  0
 0  0      0 146916   9088  28528    0    0     0   124   23   24  0  1 99  1  0
 0  0      0 146916   9088  28528    0    0     0     0   16   20  0  0 100  0  0
 0  0      0 146916   9088  28528    0    0     0     0   15   17  0  0 100  0  0
 0  0      0 146916   9088  28528    0    0     0     0   13   16  0  0 100  0  0
 0  0      0 146916   9088  28528    0    0     0     0   12   17  0  0 100  0  0
 0  0      0 146916   9088  28528    0    0     0     0   17   20  0  0 100  0  0
 0  0      0 146916   9088  28528    0    0     0     0   17   19  0  0 100  0  0
 0  0      0 146916   9088  28528    0    0     0     0   14   16  0  0 100  0  0
 0  0      0 146916   9088  28528    0    0     0     0   12   15  0  0 100  0  0
 0  0      0 146916   9088  28528    0    0     0     0   15   23  0  0 100  0  0
 0  0      0 146916   9088  28528    0    0     0     0   16   19  1  0 100  0  0
 1  0      0 146916   9088  28528    0    0     0     0   42   38  0  3 97  0  0
===VMSTAT_END===
========== SPEEDOMETER RT APPLICATION RESULTS ==========
Test Configuration:
Period: 50.000 ms
Deadline: 5.000 ms
RT Priority: 99 (SCHED_FIFO)
Execution Statistics:
Total cycles: 298
Deadline misses: 1 (0.336%)
Execution Time (μs):
Mean: 177.641
Min: 131.952
Max: 311.664
50th percentile: 171.024
95th percentile: 261.472
99th percentile: 301.664
99.9th percentile: 311.664
Jitter (μs):
Mean: 2290.056
Min: 1011.664
Max: 10626.704
Response Time (μs):
Mean: 2467.697
Min: 1216.720
Max: 10764.096
50th percentile: 2442.880
95th percentile: 3435.360
99th percentile: 3933.680
99.9th percentile: 10764.096
========================================================
[  351.431075] SDK:handler_do_el0_svc_pre: syscall __NR_futex (98) is not allowed
[  351.730993] SDK:handler_do_el0_svc_pre: syscall __NR_munmap (215) is not allowed
[  351.737708] SDK:handler_do_el0_svc_pre: syscall __NR_wait4 (260) is not allowed
[  351.744288] SDK:handler_do_el0_svc_pre: syscall __NR_munmap (215) is not allowed
[  351.752623] SDK:handler_do_el0_svc_pre: syscall __NR_rt_sigprocmask (135) is not allowed
[  351.758329] SDK:handler_do_el0_svc_pre: syscall __NR_futex (98) is not allowed
[  351.764220] SDK:handler_do_el0_svc_pre: syscall __NR_exit (93) is not allowed
[  351.765774] SDK:handler_do_el0_svc_pre: syscall __NR_futex (98) is not allowed
[  351.777316] SDK:handler_do_el0_svc_pre: syscall __NR_munmap (215) is not allowed
===VMSTAT_START===
procs -----------memory---------- ---swap-- -----io---- -system-- ------cpu-----
r  b   swpd   free   buff  cache   si   so    bi    bo   in   cs us sy id wa st
0  0      0  68560    512   9828    0    0     0     0   61   53  0  5 94  0  0
0  0      0  68556    512   9828    0    0     0     0   45   61  1  1 98  0  0
0  0      0  68556    512   9828    0    0     0     0   46   59  0  2 99  0  0
0  0      0  68556    512   9828    0    0     0     0   50   60  0  2 98  0  0
0  0      0  68556    512   9828    0    0     0     0   49   61  1  1 98  0  0
1  0      0  68556    512   9828    0    0     0     0   44   57  0  1 99  0  0
0  0      0  68556    512   9828    0    0     0     0   53   58  1  1 98  0  0
0  0      0  68556    512   9828    0    0     0     0   54   58  1  2 98  0  0
0  0      0  68556    512   9828    0    0     0     0   51   60  0  2 98  0  0
0  0      0  68556    512   9828    0    0     0     0   51   62  0  2 98  0  0
0  0      0  68556    512   9828    0    0     0     0   41   54  0  1 99  0  0
0  0      0  68556    512   9828    0    0     0     0   55   59  1  2 98  0  0
0  0      0  68556    512   9828    0    0     0     0   51   63  1  1 98  0  0
0  0      0  68556    512   9828    0    0     0     0   41   55  0  1 99  0  0
1  0      0  68556    512   9828    0    0     0     0   46   58  1  2 98  0  0
0  0      0  68556    512   9828    0    0     0     0  136   47  1  6 94  0  0
===VMSTAT_END===
===CSV_START===
cycle,timestamp_s,execution_time_us,jitter_us,response_time_us,deadline_miss
1,0.052042,285.072,2042.496,2327.568,0
2,0.101680,140.016,1680.336,1820.352,0
3,0.151252,260.608,1252.272,1512.880,0
4,0.202562,169.648,2562.496,2732.144,0
5,0.252689,166.736,2688.976,2855.712,0
6,0.301545,134.096,1544.560,1678.656,0
7,0.352633,136.960,2632.784,2769.744,0
8,0.402185,187.488,2185.088,2372.576,0
9,0.451494,172.272,1493.536,1665.808,0
10,0.502180,218.896,2179.520,2398.416,0
11,0.552558,184.928,2557.856,2742.784,0
12,0.602497,132.544,2496.512,2629.056,0
13,0.652601,165.968,2601.040,2767.008,0
14,0.702552,178.640,2551.536,2730.176,0
15,0.753091,173.520,3091.280,3264.800,0
16,0.801203,134.400,1203.424,1337.824,0
17,0.852125,188.896,2125.152,2314.048,0
18,0.902187,183.472,2186.880,2370.352,0
19,0.952713,132.752,2713.184,2845.936,0
20,1.001435,144.608,1434.896,1579.504,0
21,1.051628,167.232,1627.824,1795.056,0
22,1.102158,186.720,2158.144,2344.864,0
23,1.153058,308.704,3058.368,3367.072,0
24,1.202120,211.856,2120.352,2332.208,0
25,1.251206,144.352,1206.000,1350.352,0
26,1.302254,153.168,2254.336,2407.504,0
27,1.351204,134.800,1203.680,1338.480,0
28,1.402220,173.120,2220.032,2393.152,0
29,1.452166,212.912,2165.856,2378.768,0
30,1.502420,133.088,2420.272,2553.360,0
31,1.553029,256.592,3028.608,3285.200,0
32,1.602604,146.080,2603.968,2750.048,0
33,1.653053,215.536,3053.296,3268.832,0
34,1.702315,163.024,2315.280,2478.304,0
35,1.753034,193.552,3034.000,3227.552,0
36,1.802161,193.824,2161.264,2355.088,0
37,1.852977,132.864,2977.360,3110.224,0
38,1.902205,134.384,2204.896,2339.280,0
39,1.951236,175.984,1236.480,1412.464,0
40,2.001380,151.728,1380.224,1531.952,0
41,2.053106,167.024,3106.448,3273.472,0
42,2.101578,173.120,1577.680,1750.800,0
43,2.152556,157.104,2555.792,2712.896,0
44,2.202555,162.576,2555.248,2717.824,0
45,2.251628,162.592,1627.824,1790.416,0
46,2.301610,162.624,1609.776,1772.400,0
47,2.352548,182.416,2548.096,2730.512,0
48,2.402131,162.032,2131.088,2293.120,0
49,2.453217,218.672,3216.688,3435.360,0
50,2.501230,230.064,1229.968,1460.032,0
51,2.551557,133.328,1556.768,1690.096,0
52,2.602562,169.696,2561.520,2731.216,0
53,2.652542,169.408,2541.616,2711.024,0
54,2.702629,143.808,2629.136,2772.944,0
55,2.752702,132.832,2701.808,2834.640,0
56,2.802497,131.952,2496.544,2628.496,0
57,2.851234,183.744,1233.600,1417.344,0
58,2.902541,160.800,2540.768,2701.568,0
59,2.951642,150.672,1641.648,1792.320,0
60,3.002150,196.560,2150.448,2347.008,0
61,3.051429,137.840,1428.704,1566.544,0
62,3.103228,223.600,3228.000,3451.600,0
63,3.153055,205.632,3055.008,3260.640,0
64,3.202202,201.872,2201.792,2403.664,0
65,3.251174,196.848,1173.904,1370.752,0
66,3.303190,215.968,3190.176,3406.144,0
67,3.351234,156.688,1234.224,1390.912,0
68,3.402607,133.040,2607.216,2740.256,0
69,3.451210,190.544,1209.616,1400.160,0
70,3.502210,193.248,2210.000,2403.248,0
71,3.551770,163.760,1770.368,1934.128,0
72,3.602088,258.336,2087.952,2346.288,0
73,3.651129,177.312,1129.280,1306.592,0
74,3.702179,204.976,2178.512,2383.488,0
75,3.753356,143.584,3355.856,3499.440,0
76,3.802501,132.448,2501.136,2633.584,0
77,3.851753,198.560,1752.928,1951.488,0
78,3.901221,276.816,1221.088,1497.904,0
79,3.952678,145.168,2677.648,2822.816,0
80,4.002504,164.208,2503.552,2667.760,0
81,4.052572,179.616,2571.568,2751.184,0
82,4.102298,182.016,2298.128,2480.144,0
83,4.152908,144.640,2907.712,3052.352,0
84,4.202481,134.208,2480.752,2614.960,0
85,4.252560,172.384,2559.600,2731.984,0
86,4.301716,181.760,1715.904,1897.664,0
87,4.352559,169.776,2558.992,2728.768,0
88,4.401708,174.320,1707.952,1882.272,0
89,4.452480,131.952,2480.080,2612.032,0
90,4.502527,186.944,2526.912,2713.856,0
91,4.552522,144.800,2521.984,2666.784,0
92,4.601876,143.760,1876.352,2020.112,0
93,4.651640,169.536,1640.064,1809.600,0
94,4.702639,143.088,2639.248,2782.336,0
95,4.753195,158.640,3195.408,3354.048,0
96,4.802550,172.032,2550.352,2722.384,0
97,4.853121,311.664,3120.832,3432.496,0
98,4.901238,169.600,1237.824,1407.424,0
99,4.953185,226.352,3185.120,3411.472,0
100,5.001227,243.648,1227.104,1470.752,0
101,5.060627,137.392,10626.704,10764.096,1
102,5.102476,185.712,2475.680,2661.392,0
103,5.152518,155.520,2517.648,2673.168,0
104,5.201743,187.664,1743.248,1930.912,0
105,5.253103,189.712,3102.848,3292.560,0
106,5.303401,165.456,3401.312,3566.768,0
107,5.352683,134.144,2682.592,2816.736,0
108,5.401863,152.960,1863.168,2016.128,0
109,5.453186,174.784,3185.952,3360.736,0
110,5.502071,264.464,2070.720,2335.184,0
111,5.551607,186.112,1606.688,1792.800,0
112,5.602263,155.536,2262.688,2418.224,0
113,5.653153,162.608,3153.072,3315.680,0
114,5.701560,186.192,1560.464,1746.656,0
115,5.751567,163.344,1566.880,1730.224,0
116,5.801745,186.640,1744.992,1931.632,0
117,5.851142,182.832,1142.160,1324.992,0
118,5.902203,173.632,2203.312,2376.944,0
119,5.953045,206.432,3044.768,3251.200,0
120,6.001569,156.272,1569.248,1725.520,0
121,6.053753,180.352,3753.328,3933.680,0
122,6.102352,163.088,2351.568,2514.656,0
123,6.153325,134.624,3325.008,3459.632,0
124,6.202820,158.944,2819.808,2978.752,0
125,6.251664,206.144,1663.584,1869.728,0
126,6.302434,134.160,2433.520,2567.680,0
127,6.353213,172.352,3213.456,3385.808,0
128,6.402410,163.088,2410.112,2573.200,0
129,6.453104,285.104,3104.240,3389.344,0
130,6.502242,180.176,2241.712,2421.888,0
131,6.551393,172.720,1393.056,1565.776,0
132,6.603181,187.392,3180.544,3367.936,0
133,6.653241,191.104,3240.720,3431.824,0
134,6.702205,230.896,2204.752,2435.648,0
135,6.751406,162.752,1406.384,1569.136,0
136,6.803504,169.120,3504.192,3673.312,0
137,6.851692,272.464,1691.840,1964.304,0
138,6.901196,285.216,1196.432,1481.648,0
139,6.951733,207.040,1733.136,1940.176,0
140,7.001398,143.360,1397.776,1541.136,0
141,7.051688,175.008,1687.680,1862.688,0
142,7.101213,243.536,1213.152,1456.688,0
143,7.151697,195.040,1696.768,1891.808,0
144,7.202407,182.176,2407.072,2589.248,0
145,7.253242,176.176,3241.696,3417.872,0
146,7.302242,219.648,2241.760,2461.408,0
147,7.352903,133.152,2902.672,3035.824,0
148,7.402684,182.368,2683.872,2866.240,0
149,7.452640,143.200,2640.224,2783.424,0
150,7.502400,142.480,2400.224,2542.704,0
151,7.551497,164.928,1496.704,1661.632,0
152,7.602234,193.616,2233.504,2427.120,0
153,7.653180,225.584,3179.504,3405.088,0
154,7.702325,153.712,2324.784,2478.496,0
155,7.753296,153.344,3296.240,3449.584,0
156,7.802224,235.840,2224.352,2460.192,0
157,7.853188,133.904,3187.760,3321.664,0
158,7.902189,201.440,2188.720,2390.160,0
159,7.951539,172.880,1539.136,1712.016,0
160,8.001539,143.840,1538.800,1682.640,0
161,8.051664,208.608,1663.632,1872.240,0
162,8.102322,182.240,2321.888,2504.128,0
163,8.153326,139.216,3326.496,3465.712,0
164,8.202201,147.520,2201.088,2348.608,0
165,8.252631,143.360,2631.056,2774.416,0
166,8.302219,145.168,2219.424,2364.592,0
167,8.352726,171.024,2725.888,2896.912,0
168,8.402495,143.040,2494.608,2637.648,0
169,8.453225,170.896,3225.424,3396.320,0
170,8.502384,143.616,2383.808,2527.424,0
171,8.551694,203.024,1693.952,1896.976,0
172,8.602308,144.784,2308.416,2453.200,0
173,8.651657,199.280,1656.784,1856.064,0
174,8.702200,144.992,2199.920,2344.912,0
175,8.753185,145.168,3184.816,3329.984,0
176,8.801487,156.992,1486.528,1643.520,0
177,8.853926,261.472,3925.872,4187.344,0
178,8.902240,143.696,2239.872,2383.568,0
179,8.951358,144.880,1357.744,1502.624,0
180,9.003464,151.536,3463.856,3615.392,0
181,9.053669,185.296,3669.488,3854.784,0
182,9.101354,144.672,1353.984,1498.656,0
183,9.153357,147.216,3357.440,3504.656,0
184,9.201846,145.776,1845.888,1991.664,0
185,9.251208,232.912,1208.208,1441.120,0
186,9.302453,146.768,2453.184,2599.952,0
187,9.352684,134.016,2683.696,2817.712,0
188,9.402242,184.272,2242.144,2426.416,0
189,9.453254,140.112,3254.288,3394.400,0
190,9.501712,184.640,1711.600,1896.240,0
191,9.552625,146.432,2625.040,2771.472,0
192,9.601590,179.936,1590.288,1770.224,0
193,9.651514,163.376,1514.048,1677.424,0
194,9.701472,144.976,1471.520,1616.496,0
195,9.753162,146.800,3162.064,3308.864,0
196,9.801190,189.392,1189.840,1379.232,0
197,9.852989,176.496,2989.312,3165.808,0
198,9.902571,184.576,2571.424,2756.000,0
199,9.951141,150.432,1141.296,1291.728,0
200,10.002241,183.872,2240.560,2424.432,0
201,10.052864,147.056,2863.984,3011.040,0
202,10.102477,145.600,2476.752,2622.352,0
203,10.152708,168.784,2707.712,2876.496,0
204,10.201717,176.304,1716.816,1893.120,0
205,10.251646,163.168,1645.664,1808.832,0
206,10.302228,155.296,2228.048,2383.344,0
207,10.353209,149.456,3209.392,3358.848,0
208,10.401127,150.272,1126.864,1277.136,0
209,10.451236,145.232,1236.496,1381.728,0
210,10.503111,257.008,3111.056,3368.064,0
211,10.552133,295.024,2132.976,2428.000,0
212,10.602537,144.128,2536.720,2680.848,0
213,10.653573,198.016,3573.296,3771.312,0
214,10.702233,145.728,2232.816,2378.544,0
215,10.751239,186.240,1239.344,1425.584,0
216,10.803237,188.368,3236.928,3425.296,0
217,10.852762,143.344,2762.400,2905.744,0
218,10.902553,178.976,2552.528,2731.504,0
219,10.951442,143.984,1442.336,1586.320,0
220,11.002136,186.384,2136.256,2322.640,0
221,11.051379,149.216,1378.576,1527.792,0
222,11.102208,149.696,2208.224,2357.920,0
223,11.151562,161.792,1562.144,1723.936,0
224,11.202517,179.904,2517.072,2696.976,0
225,11.251615,171.776,1615.200,1786.976,0
226,11.302524,184.608,2524.288,2708.896,0
227,11.353122,146.336,3121.680,3268.016,0
228,11.401220,207.424,1220.192,1427.616,0
229,11.452700,179.072,2700.128,2879.200,0
230,11.502172,172.448,2172.096,2344.544,0
231,11.553192,150.368,3192.080,3342.448,0
232,11.601230,157.568,1230.256,1387.824,0
233,11.651553,180.336,1553.424,1733.760,0
234,11.701542,144.416,1542.208,1686.624,0
235,11.751695,190.816,1695.488,1886.304,0
236,11.802107,251.984,2106.560,2358.544,0
237,11.852720,146.464,2719.920,2866.384,0
238,11.902050,204.288,2050.496,2254.784,0
239,11.952125,178.672,2124.544,2303.216,0
240,12.001682,195.536,1681.600,1877.136,0
241,12.051538,139.568,1537.904,1677.472,0
242,12.102545,170.816,2544.528,2715.344,0
243,12.153232,149.008,3231.760,3380.768,0
244,12.201638,133.200,1638.000,1771.200,0
245,12.252768,186.880,2768.096,2954.976,0
246,12.302236,151.472,2236.464,2387.936,0
247,12.352503,143.216,2503.376,2646.592,0
248,12.402410,144.080,2410.112,2554.192,0
249,12.452545,143.344,2544.528,2687.872,0
250,12.502096,245.408,2096.112,2341.520,0
251,12.552629,143.552,2628.864,2772.416,0
252,12.601654,143.280,1653.824,1797.104,0
253,12.652718,190.192,2717.888,2908.080,0
254,12.702400,161.264,2399.520,2560.784,0
255,12.752120,214.976,2119.808,2334.784,0
256,12.802098,290.992,2097.920,2388.912,0
257,12.852147,296.320,2146.560,2442.880,0
258,12.901217,145.952,1216.640,1362.592,0
259,12.952088,190.272,2087.696,2277.968,0
260,13.001217,146.608,1216.656,1363.264,0
261,13.052120,299.536,2119.536,2419.072,0
262,13.102248,200.992,2248.448,2449.440,0
263,13.153123,220.800,3122.624,3343.424,0
264,13.201699,187.888,1698.544,1886.432,0
265,13.252948,146.576,2948.352,3094.928,0
266,13.302521,170.848,2520.976,2691.824,0
267,13.351253,149.792,1252.944,1402.736,0
268,13.403105,298.928,3104.704,3403.632,0
269,13.451541,144.672,1540.624,1685.296,0
270,13.502601,150.128,2601.232,2751.360,0
271,13.552719,145.200,2718.992,2864.192,0
272,13.602587,163.328,2586.816,2750.144,0
273,13.652600,139.632,2599.920,2739.552,0
274,13.702107,244.224,2106.688,2350.912,0
275,13.751012,205.056,1011.664,1216.720,0
276,13.801708,201.424,1708.208,1909.632,0
277,13.852743,192.304,2743.488,2935.792,0
278,13.902040,215.824,2039.920,2255.744,0
279,13.953147,197.888,3146.864,3344.752,0
280,14.001136,194.160,1135.680,1329.840,0
281,14.053056,301.664,3056.288,3357.952,0
282,14.102134,189.856,2133.536,2323.392,0
283,14.153201,173.360,3201.072,3374.432,0
284,14.202654,147.728,2653.520,2801.248,0
285,14.253187,145.968,3186.832,3332.800,0
286,14.302772,163.648,2772.176,2935.824,0
287,14.352956,239.120,2956.032,3195.152,0
288,14.402595,205.360,2595.072,2800.432,0
289,14.452633,143.248,2632.912,2776.160,0
290,14.502116,192.416,2115.552,2307.968,0
291,14.551568,187.200,1567.632,1754.832,0
292,14.602166,179.488,2165.936,2345.424,0
293,14.652635,144.064,2634.912,2778.976,0
294,14.702145,191.408,2145.200,2336.608,0
295,14.751074,194.080,1073.888,1267.968,0
296,14.802113,257.008,2113.296,2370.304,0
297,14.852686,145.824,2686.304,2832.128,0
298,14.902224,189.744,2223.840,2413.584,0
===CSV_END===
Statistics sent to li VM via shared memory
Run #14 completed. Waiting for next START command...
Waiting for START command from li VM...
