========================================
net_sender_li (pinger) — Scenario 3 reversed
EB corbos Linux Network Determinism
Metric: Round-Trip Latency (RTL)
========================================
Target:       10.0.1.1:5000
Probes:       2000
Protocol:     UDP
Period:       1 ms
Msg size:     64 B
Flood rate:   0 Mbps
Echo timeout: 10 ms

net_sender_li: SCHED_FIFO OK (priority 90)
Sending HELLO to 10.0.1.1:5000 (protocol=UDP)...
HELLO_ACK received — protocol=UDP
Starting ping-echo loop (2000 probes at 1 ms period)...


========== NET SENDER_LI (PINGER) RESULTS ==========
Probes sent:        2000
Echoes received:     793
Lost (no echo):     1228 (61.400%)
Elapsed:           11.103 s
RTL (us):
  Mean: 7604.072    Std dev: 1179.852
  Min:  5163.040    Max:     17427.296
  P50:  7513.584    P95:     9567.568
  P99:  10752.864    P99.9:   17427.296
IAJ (us):
  Mean: 6533.861    Std dev: 958.945
  Min:  4192.464    Max:     9006.000
  P50:  6514.256    P95:     8304.128
  P99:  8917.712    P99.9:   9006.000
===CSV_START===
index,send_time_ns,recv_time_ns,rtl_ns,iaj_ns
0,407959615584,407967467968,7852384,8538832
1,407967745888,407977006800,9260912,8488112
2,407977152352,407986494912,9342560,6989744
3,407986568304,407994484656,7916352,6221264
4,407994540576,408001705920,7165344,7756864
5,408001719984,408010462784,8742800,6504096
6,408010476496,408017966880,7490384,7604912
7,408018060976,408026571792,8510816,6036352
8,408026584416,408033608144,7023728,7275952
9,408033620992,408041884096,8263104,4360528
10,408041897312,408047244624,5347312,6174480
11,408047266080,408054419104,7153024,5852096
12,408054432624,408061271200,6838576,5707216
13,408061285776,408067978416,6692640,8129088
14,408067991248,408077107504,9116256,4468432
15,408077120272,408082575936,5455664,6017184
16,408082616688,408089593120,6976432,4781952
17,408089605840,408095375072,5769232,6220912
18,408095387440,408102595984,7208544,5688912
19,408102608944,408109284896,6675952,7867280
20,408109297712,408118152176,8854464,6593136
21,408118165568,408125745312,7579744,7327280
22,408125825008,408134072592,8247584,6956352
23,408134132160,408142028944,7896784,7534176
24,408142042864,408150563120,8520256,7168128
25,408150576464,408158731248,8154784,6814896
26,408158745024,408166546144,7801120,5901792
27,408166584320,408173447936,6863616,4833520
28,408173463632,408179281456,5817824,6663888
29,408179294320,408186945344,7651024,6034624
30,408186989360,408193979968,6990608,5884416
31,408193992656,408200864384,6871728,5113616
32,408200883472,408206978000,6094528,5896048
33,408206990768,408213874048,6883280,4844544
34,408213886656,408219718592,5831936,7176160
35,408219731296,408227894752,8163456,6403744
36,408227933776,408235298496,7364720,6183360
37,408235311904,408242481856,7169952,7339952
38,408242540112,408250821808,8281696,5329152
39,408250834208,408257150960,6316752,7086256
40,408257170096,408265237216,8067120,6829232
41,408265249728,408273066448,7816720,7517392
42,408273088848,408281583840,8494992,4894560
43,408281596912,408287478400,5881488,5853120
44,408287490832,408294331520,6840688,6025408
45,408294343664,408301356928,7013264,7515936
46,408301369456,408309872864,8503408,4419696
47,408309893248,408315292560,5399312,6716720
48,408315305136,408323009280,7704144,7166688
49,408323021712,408333774576,10752864,7378128
50,408333831360,408341941264,8109904,5936896
51,408341960528,408350319392,8358864,5353088
52,408350332528,408357256288,6923760,8403200
53,408357269488,408363609376,6339888,5074496
54,408363621648,408373012576,9390928,5270208
55,408373025072,408379087072,6062000,7544576
56,408379099408,408385357280,6257872,6064192
57,408385369984,408393901856,8531872,7761984
58,408394007280,408400966048,6958768,6389264
59,408400987200,408409728032,8740832,7059568
60,408409743008,408417117296,7374288,7195584
61,408417130816,408425176864,8046048,5585056
62,408425224144,408433372448,8148304,6493872
63,408433385376,408439957504,6572128,5423936
64,408439972592,408447451376,7478784,6466384
65,408447464464,408453875312,6410848,7134608
66,408453888352,408461341696,7453344,4892480
67,408461355792,408469476304,8120512,6731488
68,408469488528,408475368784,5880256,7055360
69,408475381296,408483100272,7718976,6213360
70,408483112992,408491155632,8042640,6527104
71,408491167968,408498368992,7201024,6001824
72,408498383536,408505896096,7512560,5947360
73,408505908800,408512897920,6989120,6327328
74,408513020912,408519845280,6824368,6312928
75,408519858144,408527172608,7314464,6364512
76,408527185424,408534485536,7300112,8193264
77,408534537904,408541850048,7312144,5360208
78,408541865376,408551043312,9177936,9006000
79,408551056128,408561065008,10008880,5603056
80,408561078000,408567425216,6347216,6482480
81,408567445280,408577431216,9985936,6039600
82,408577444880,408584034272,6589392,5177008
83,408584046768,408594606768,10560000,5975568
84,408594627728,408602089248,7461520,6740640
85,408602102048,408609128848,7026800,8045904
86,408609141744,408615305856,6164112,7353168
87,408615318768,408622281424,6962656,6270400
88,408622315840,408630022064,7706224,6939248
89,408630034736,408639067968,9033232,6982752
90,408639081504,408647421136,8339632,5931648
91,408647433728,408654691536,7257808,4192464
92,408654703776,408662630784,7927008,5981280
93,408662692192,408670613536,7921344,6314880
94,408670626432,408677545184,6918752,7398528
95,408677574608,408682737648,5163040,6911792
96,408682750176,408689718928,6968752,5554560
97,408689737472,408697033808,7296336,8578576
98,408697094672,408705432336,8337664,6459808
99,408705445200,408713344128,7898928,7308368
100,408713363888,408719898688,6534800,7049344
101,408719960960,408729477264,9516304,5108816
102,408729489472,408736937072,7447600,5690448
103,408736949632,408745245440,8295808,6514384
104,408745267360,408753294784,8027424,4813056
105,408753307744,408759403600,6095856,7167664
106,408759415872,408766094048,6678176,8779504
107,408766106240,408773608432,7502192,7328976
108,408773620784,408779421488,5800704,7474000
109,408779434688,408787589152,8154464,6693328
110,408787601328,408797368656,9767328,7779072
111,408797401056,408805697632,8296576,5708800
112,408805710480,408814171632,8461152,5135552
113,408814185152,408821864960,7679808,5348704
114,408821877424,408830644032,8766608,6232656
115,408830656848,408837352832,6695984,5811200
116,408837365296,408843488384,6123088,6827920
117,408843549136,408849837088,6287952,6704288
118,408849849696,408857069744,7220048,7071792
119,408857082160,408869061568,11979408,6913312
120,408869081552,408875872768,6791216,8766080
121,408875885376,408883700688,7815312,6908912
122,408883715232,408891404976,7689744,7185440
123,408891417328,408899476768,8059440,5134544
124,408899489520,408907390080,7900560,7006384
125,408907402256,408917156160,9753904,6103616
126,408917168880,408925065072,7896192,6838224
127,408925084624,408933250512,8165888,7160048
128,408933263264,408939385056,6121792,6732000
129,408939411792,408947391440,7979648,5481344
130,408947410336,408954495056,7084720,8330576
131,408954593488,408965622384,11028896,7828320
132,408965642528,408973460608,7818080,5907696
133,408973472848,408981620656,8147808,8521056
134,408981702176,408989352656,7650480,7188352
135,408989364992,408995834000,6469008,7659232
136,408995848736,409005164576,9315840,8890752
137,409005178288,409013992896,8814608,5063520
138,409014012672,409020900592,6887920,5920224
139,409020914304,409030421648,9507344,7798048
140,409030434112,409038610000,8175888,5666592
141,409038623536,409047269232,8645696,7516128
142,409047288592,409057159984,9871392,6622336
143,409057179392,409063223504,6044112,7007952
144,409063241776,409070143728,6901952,6519376
145,409070156464,409078941776,8785312,5293120
146,409078956080,409085608368,6652288,8917712
147,409085621120,409094124496,8503376,6648416
148,409094138224,409101746832,7608608,6740144
149,409101759600,409109754784,7995184,5616096
150,409109828960,409117274160,7445200,6682384
151,409117288432,409123567280,6278848,7532368
152,409123586672,409133484992,9898320,8170704
153,409133565728,409141133408,7567680,8264112
154,409141145968,409148873552,7727584,6474144
155,409148886224,409155489648,6603424,6202720
156,409155558752,409163172032,7613280,7069312
157,409163198816,409171704400,8505584,5370560
158,409171727040,409180875104,9148064,6324064
159,409180887376,409190139216,9251840,6696544
160,409190151904,409197613360,7461456,6128304
161,409197625728,409204816080,7190352,6348336
162,409204850416,409212885392,8034976,5265520
163,409212897904,409219255952,6358048,6392880
164,409219268064,409226580016,7311952,5994048
165,409226592544,409234276560,7684016,6873616
166,409234289840,409241404864,7115024,4934016
167,409241418704,409248753200,7334496,6830144
168,409248855328,409255018720,6163392,7564976
169,409255030784,409262411600,7380816,6834768
170,409262424080,409269405648,6981568,8555264
171,409269419248,409277279264,7860016,5364528
172,409277291648,409283213280,5921632,7511216
173,409283273456,409291043424,7769968,7819024
174,409291078880,409299608400,8529520,7051168
175,409299620784,409307443168,7822384,6949424
176,409307477744,409316998432,9520688,7220960
177,409317010976,409323362960,6351984,7139824
178,409323376672,409331874176,8497504,5896816
179,409331887760,409342072512,10184752,6949696
180,409342085616,409350891536,8805920,7638032
181,409350904240,409358942704,8038464,7148496
182,409358961840,409366892128,7930288,6071808
183,409366904576,409375113088,8208512,7293744
184,409375126016,409383252912,8126896,6788000
185,409383265232,409390149728,6884496,7128944
186,409390162368,409398099424,7937056,6844864
187,409398114992,409406737456,8622464,7885680
188,409406749664,409414885952,8136288,7242608
189,409414898640,409421957760,7059120,6804160
190,409422035152,409430251504,8216352,5901968
191,409430264368,409438039504,7775136,6181872
192,409438098224,409446168448,8070224,7032528
193,409446180544,409454013312,7832768,8304128
194,409454025664,409462898992,8873328,7362752
195,409462975184,409471141600,8166416,6271152
196,409471156400,409478945760,7789360,6743728
197,409478966576,409485847728,6881152,7706960
198,409485860144,409493029600,7169456,6498640
199,409493050928,409501062128,8011200,8428368
200,409501100320,409510366256,9265936,7189088
201,409510395920,409518729008,8333088,6748048
202,409518742832,409526000160,7257328,5780848
203,409526012512,409533743888,7731376,5760592
204,409533756528,409542450848,8694320,7244800
205,409542463040,409549949488,7486448,7304672
206,409549968192,409559377856,9409664,8581776
207,409559390176,409567566944,8176768,6553696
208,409567580080,409575314992,7734912,7044528
209,409575327808,409582095840,6768032,5595536
210,409582108528,409588856432,6747904,5654400
211,409588869456,409597101232,8231776,6775600
212,409597115408,409605405904,8290496,6506352
213,409605420112,409614987680,9567568,8541584
214,409615001712,409622541376,7539664,6954944
215,409622557984,409630585904,8027920,6597008
216,409630599712,409637181440,6581728,7407584
217,409637235264,409643835840,6600576,6818640
218,409643878944,409654809376,10930432,6011264
219,409654837392,409662584976,7747584,7944640
220,409662598912,409670091328,7492416,7191840
221,409670107712,409679632912,9525200,6612304
222,409679647888,409687587856,7939968,6562496
223,409687601760,409695184864,7583104,5595728
224,409695236688,409703592448,8355760,6766912
225,409703606336,409711411088,7804752,6809152
226,409711425280,409718422352,6997072,5936752
227,409718436064,409727366992,8930928,8166784
228,409727389680,409735558832,8169152,7135168
229,409735574512,409743171136,7596624,5810448
230,409743234368,409750733632,7499264,5914288
231,409750810752,409757329360,6518608,7016032
232,409757343136,409765096272,7753136,7208752
233,409765110048,409772905424,7795376,5303872
234,409772980960,409779842176,6861216,4995648
235,409779856032,409789008960,9152928,7000736
236,409789022768,409797144128,8121360,6771296
237,409797158240,409803954576,6796336,6303280
238,409803969696,409810868864,6899168,6282528
239,409810882176,409818884896,8002720,6368240
240,409818906352,409827093648,8187296,8637744
241,409827106880,409833397520,6290640,5959504
242,409833410896,409839393168,5982272,8530176
243,409839408176,409847393904,7985728,7233360
244,409847407776,409855165200,7757424,7073808
245,409855235968,409862468480,7232512,6482976
246,409862482272,409869751008,7268736,5624736
247,409869764560,409877119248,7354688,8598880
248,409877135312,409886756992,9621680,7124192
249,409886830448,409893716496,6886048,7167696
250,409893732096,409903246672,9514576,7511216
251,409903261168,409911480032,8218864,7336208
252,409911496032,409919553840,8057808,6106880
253,409919587232,409929750512,10163280,6865152
254,409929877744,409937233488,7355744,8667712
255,409937248000,409943858224,6610224,6251696
256,409943871904,409953457104,9585200,7633264
257,409953470880,409961581296,8110416,7600496
258,409961594688,409969748992,8154304,8963728
259,409969828592,409978260208,8431616,6623056
260,409978274096,409986596416,8322320,6159904
261,409986610464,409993703296,7092832,7533872
262,409993790736,410001568448,7777712,8656544
263,410001583920,410011236160,9652240,6115664
264,410011253136,410018487856,7234720,8106624
265,410018569328,410027121120,8551792,7566080
266,410027142640,410035721616,8578976,8103968
267,410035738688,410045989712,10251024,5898032
268,410046003136,410055953440,9950304,7794592
269,410055975872,410063576496,7600624,5583088
270,410063589840,410070736400,7146560,5225136
271,410070749792,410079270272,8520480,5469328
272,410079283920,410088926816,9642896,8357648
273,410089017600,410096042480,7024880,5520864
274,410096718576,410105149104,8430528,6435248
275,410105163088,410113715184,8552096,5821216
276,410113729040,410123954160,10225120,6538400
277,410123966912,410133058128,9091216,7171344
278,410133072048,410139956160,6884112,6068160
279,410139969920,410148750752,8780832,5894896
280,410148764272,410155333840,6569568,6125168
281,410155347984,410161558976,6210992,5680864
282,410161579504,410168028304,6448800,8501280
283,410168041856,410177385952,9344096,5134784
284,410177399792,410183906816,6507024,6372240
285,410183954752,410191342064,7387312,6960288
286,410191355648,410198163280,6807632,6456816
287,410198176976,410205701680,7524704,6565712
288,410205715456,410213873024,8157568,7172224
289,410213886864,410223957536,10070672,8015408
290,410223977024,410231025696,7048672,8120896
291,410231128144,410237920592,6792448,6988064
292,410237934112,410245045760,7111648,6533248
293,410245058992,410251726624,6667632,6536032
294,410251743280,410261227904,9484624,5783840
295,410261246000,410267362688,6116688,6430432
296,410267376544,410274734928,7358384,5688320
297,410274750032,410282695216,7945184,7730224
298,410282711152,410290152032,7440880,7629392
299,410290166064,410297717744,7551680,8156576
300,410297732592,410305889968,8157376,7781120
301,410305941632,410314905376,8963744,7705808
302,410314927376,410324026272,9098896,6412176
303,410324042736,410332014336,7971600,6634192
304,410332028176,410339547584,7519408,5603072
305,410339581664,410347083616,7501952,6500608
306,410347097664,410353867456,6769792,7659248
307,410353881328,410361297888,7416560,7160416
308,410361312000,410367986208,6674208,6666304
309,410368019152,410376716432,8697280,4734080
310,410376730480,410385345824,8615344,6609872
311,410385361328,410394502400,9141072,6230432
312,410394588800,410403283520,8694720,7077632
313,410403297424,410411989328,8691904,6885216
314,410412003232,410419401504,7398272,6685472
315,410419415728,410427035696,7619968,6283088
316,410427049152,410433638768,6589616,7192544
317,410433711072,410441139376,7428304,5560944
318,410441153328,410449798624,8645296,8276480
319,410449871008,410457959040,8088032,6950272
320,410457972656,410465625344,7652688,5742080
321,410465686464,410471359424,5672960,5038992
322,410471373616,410478969296,7595680,6387392
323,410478989568,410486199728,7210160,7058432
324,410486226416,410494277360,8050944,5901216
325,410494291952,410502162576,7870624,6220784
326,410502177008,410509848048,7671040,7473904
327,410509863584,410517131136,7267552,6832448
328,410517145040,410525323680,8178640,6201968
329,410525339104,410531884624,6545520,5874896
330,410532016928,410541161104,9144176,6919312
331,410541175792,410549111376,7935584,6454064
332,410549125344,410555853456,6728112,7039904
333,410555867632,410565989344,10121712,6715440
334,410566002416,410572028336,6025920,6000992
335,410572090080,410579415728,7325648,7471344
336,410579429664,410587474160,8044496,7550464
337,410587487440,410594375376,6887936,6873072
338,410594388944,410601596160,7207216,7151600
339,410601609712,410610070064,8460352,6383776
340,410610083616,410617902512,7818896,6812496
341,410617998976,410625104480,7105504,7999616
342,410625118320,410631979376,6861056,5739616
343,410631994432,410639898688,7904256,6388160
344,410639938448,410647352752,7414304,7893280
345,410647366512,410655392656,8026144,6715552
346,410655406000,410663108096,7702096,6046720
347,410663122032,410670109088,6987056,4974160
348,410670122128,410678580432,8458304,6474976
349,410678598480,410687130896,8532416,6739536
350,410687147136,410695003968,7856832,7121328
351,410695077584,410703155568,8077984,7809808
352,410703169392,410710539344,7369952,6763136
353,410710588176,410718351840,7763664,7261376
354,410718365360,410727351456,8986096,7208720
355,410727364608,410734091072,6726464,6968976
356,410734104560,410741479232,7374672,6003344
357,410741492928,410750372512,8879584,5872304
358,410750386464,410758088064,7701600,5514624
359,410758102128,410765134784,7032656,8311040
360,410765148112,410771108944,5960832,5229968
361,410771123008,410778583920,7460912,5729168
362,410778598960,410786323456,7724496,8572288
363,410786337600,410794444784,8107184,7148112
364,410794458576,410803254592,8796016,6551216
365,410803270368,410811017728,7747360,6641536
366,410811031920,410819279104,8247184,7564192
367,410819293120,410827487824,8194704,8153264
368,410827556336,410835456800,7900464,7532496
369,410835470208,410842460144,6989936,5739680
370,410842474016,410849332448,6858432,6345024
371,410849346480,410855847072,6500592,4864560
372,410855873072,410865158112,9285040,7127424
373,410865173248,410871388080,6214832,7252960
374,410871401936,410878117248,6715312,8946240
375,410878130944,410887689536,9558592,6955184
376,410887703312,410895837648,8134336,6108832
377,410895857952,410903388864,7530912,6301024
378,410903408896,410911030400,7621504,7984368
379,410911045264,410919594592,8549328,7086272
380,410919609792,410929705840,10096048,7766592
381,410929718672,410938859104,9140432,5761696
382,410938900160,410947391600,8491440,7382464
383,410947405568,410954131280,6725712,7382112
384,410954145504,410961476304,7330800,7232944
385,410961489952,410967340864,5850912,7253872
386,410967354480,410975468288,8113808,7682432
387,410975481888,410983721248,8239360,7017248
388,410983734800,410993667488,9932688,7392784
389,410993776112,411001622672,7846560,6090080
390,411001686544,411008731504,7044960,7952832
391,411008744960,411016032528,7287568,7335280
392,411016749072,411025016896,8267824,6967440
393,411025030816,411033103168,8072352,5726528
394,411033117152,411041869760,8752608,4299184
395,411041883552,411048631456,6747904,6793840
396,411048705104,411057013920,8308816,7125392
397,411057027552,411065396032,8368480,6839424
398,411065409472,411073628976,8219504,7613264
399,411073716912,411081882848,8165936,8376080
400,411081896400,411090565280,8668880,6582624
401,411090578688,411098582528,8003840,7127136
402,411098596016,411106975312,8379296,5927120
403,411106989360,411114065392,7076032,7880704
404,411114080480,411123018224,8937744,7012880
405,411123055712,411131353504,8297792,5196656
406,411131366960,411139320944,7953984,6345856
407,411139356496,411146047472,6690976,6182144
408,411146060896,411151346656,5285760,6292352
409,411151359904,411159140496,7780592,5484256
410,411159154528,411167265888,8111360,6947392
411,411167279744,411175105312,7825568,5910816
412,411175119968,411183718576,8598608,6312192
413,411183732672,411195988080,12255408,5159840
414,411196002256,411205364160,9361904,8305088
415,411205378000,411212946784,7568784,7721408
416,411212994752,411221073920,8079168,6407424
417,411221087984,411228001040,6913056,5256528
418,411228014944,411236881744,8866800,8933376
419,411236901840,411244894624,7992784,6896080
420,411245015424,411251091280,6075856,5451104
421,411251106528,411258437136,7330608,6673184
422,411258450448,411265619280,7168832,6514256
423,411265659344,411272911632,7252288,7224880
424,411272928848,411279395888,6467040,6362096
425,411279409728,411287343280,7933552,7616688
426,411287356816,411294254096,6897280,7378976
427,411294268096,411301566288,7298192,6862176
428,411301580656,411307726128,6145472,6462144
429,411307741248,411317031216,9289968,6681728
430,411317045296,411325752624,8707328,6666544
431,411325821424,411333160048,7338624,8283264
432,411333174048,411339416576,6242528,7001184
433,411339431760,411349349952,9918192,4765552
434,411349363872,411357246032,7882160,7174064
435,411357260320,411363697136,6436816,6039520
436,411363711056,411371370320,7659264,6174608
437,411371384512,411378884576,7500064,7077088
438,411378900080,411387109456,8209376,6990000
439,411387123840,411394471552,7347712,6939168
440,411394486480,411403088240,8601760,7599536
441,411403102896,411411467216,8364320,5280688
442,411411480832,411419329392,7848560,5079200
443,411419343328,411430017440,10674112,6937088
444,411430030480,411437479584,7449104,5565664
445,411437544544,411445161312,7616768,6874864
446,411445175488,411452827856,7652368,6229872
447,411452842800,411462111120,9268320,5417152
448,411462126096,411470112304,7986208,6971920
449,411470126352,411475877856,5751504,6240368
450,411475891664,411484051920,8160256,6666832
451,411484860208,411491091440,6231232,4573488
452,411491105920,411498266048,7160128,5907456
453,411498279632,411506343136,8063504,7427184
454,411506364000,411514333136,7969136,5358640
455,411514346608,411522272304,7925696,7306640
456,411522287744,411530871840,8584096,5164416
457,411530885920,411537152528,6266608,8018576
458,411537165968,411543231728,6065760,5280400
459,411543271376,411551168816,7897440,6432624
460,411551182528,411557734480,6551952,7434032
461,411557748416,411565609344,7860928,5359072
462,411565622816,411572839216,7216400,7041136
463,411572859264,411579256368,6397104,4958512
464,411579270928,411587228288,7957360,6846768
465,411587256576,411594468656,7212080,5927936
466,411594482096,411602135488,7653392,6982048
467,411602149776,411607708976,5559200,6558704
468,411607722608,411614616432,6893824,7457472
469,411614646624,411623043616,8396992,6853632
470,411623056832,411629402256,6345424,6856528
471,411629415520,411637708896,8293376,6157088
472,411637722560,411643873312,6150752,5966368
473,411643886672,411652891888,9005216,6721632
474,411652905984,411659172288,6266304,6970080
475,411659220784,411666604912,7384128,6762992
476,411666625024,411675038944,8413920,6877456
477,411675052784,411681398016,6345232,6615888
478,411681411920,411689439152,8027232,5770560
479,411689453232,411695397664,5944432,4659088
480,411695411776,411703244432,7832656,5440416
481,411703259872,411710172368,6912496,7214384
482,411710186464,411718154416,7967952,4347024
483,411718168208,411725713120,7544912,5571264
484,411725727024,411734170592,8443568,4450464
485,411734196560,411742024224,7827664,5548560
486,411742039216,411749880752,7841536,7150768
487,411749902416,411757037840,7135424,6486864
488,411757051456,411764004208,6952752,6767408
489,411764022608,411771725840,7703232,7643632
490,411771739968,411779695920,7955952,4989440
491,411779709792,411787458912,7749120,6101680
492,411787472224,411795336368,7864144,7639472
493,411795363376,411802952256,7588880,8947376
494,411802968080,411809722816,6754736,6495552
495,411809736592,411815381904,5645312,6842928
496,411815395616,411821822320,6426704,6896640
497,411821843376,411830036704,8193328,7516640
498,411830050256,411835383728,5333472,5706256
499,411835397312,411841954992,6557680,6284992
500,411841971296,411847405456,5434160,6885040
501,411847419120,411853954016,6534896,6322464
502,411853967680,411862104784,8137104,4863488
503,411862135744,411869591648,7455904,7445504
504,411869606736,411877359056,7752320,8522960
505,411877372320,411886002688,8630368,5408272
506,411886016528,411891992128,5975600,6822784
507,411892006160,411899093808,7087648,5177424
508,411899107712,411907733280,8625568,5015632
509,411907748656,411917680656,9932000,6700080
510,411917725680,411925176208,7450528,6726576
511,411925237744,411933019136,7781392,6160112
512,411933033952,411947584928,14550976,6320640
513,411947600208,411955481568,7881360,6751760
514,411955545824,411966018592,10472768,6814288
515,411966033280,411983460576,17427296,5698528
516,411983557632,411991977216,8419584,5535472
517,411991993408,411998683472,6690064,6686032
518,411998697712,412005968464,7270752,8324560
519,412005983728,412013853504,7869776,6944400
520,412013867216,412021175968,7308752,5309168
521,412021190048,412027039456,5849408,7354288
522,412027099120,412035484960,8385840,6562464
523,412035546336,412045007920,9461584,5310560
524,412045023200,412051416192,6392992,6776640
525,412051431008,412059238976,7807968,6421264
526,412059261456,412065416400,6154944,6030720
527,412065430240,412071432032,6001792,6687568
528,412071446096,412079132112,7686016,6863600
529,412079146192,412086858688,7712496,6989152
530,412086872624,412094018800,7146176,6928992
531,412094033616,412101339440,7305824,5059296
532,412101352784,412109091200,7738416,5861408
533,412109104960,412116905488,7800528,7646272
534,412117021040,412123604016,6582976,6654192
535,412123619120,412130139488,6520368,5820736
536,412130152752,412137825520,7672768,7008992
537,412137841696,412147150080,9308384,5457824
538,412147164448,412155094480,7930032,5933536
539,412155107904,412161403648,6295744,6086624
540,412161417072,412169757936,8340864,5169760
541,412169771680,412177320400,7548720,8296016
542,412177334048,412183630960,6296912,7058304
543,412183719200,412191407600,7688400,6796832
544,412191421008,412198828864,7407856,5820528
545,412198849664,412205859584,7009920,6089072
546,412205874416,412213547152,7672736,5675200
547,412213570016,412221410752,7840736,4580016
548,412221424704,412229399904,7975200,5452496
549,412229414736,412237328896,7914160,4833232
550,412237343856,412243388192,6044336,5992656
551,412243402112,412250249600,6847488,6403184
552,412250264624,412258895872,8631248,4693392
553,412258953824,412266550064,7596240,7166208
554,412266610912,412273370800,6759888,8128000
555,412273384448,412281379792,7995344,5044768
556,412281393328,412287837616,6444288,5483648
557,412287852640,412294771152,6918512,7454000
558,412294843008,412301857776,7014768,6294656
559,412301871472,412308027536,6156064,5057824
560,412308041648,412317323552,9281904,5991040
561,412317339280,412325381856,8042576,7123152
562,412325395936,412333178688,7782752,7808848
563,412333235184,412339999216,6764032,6371536
564,412340015136,412347088288,7073152,6050592
565,412347101776,412353763488,6661712,6574352
566,412353779632,412359343504,5563872,5449664
567,412359357552,412365796000,6438448,6553632
568,412365809488,412371629232,5819744,5710656
569,412371689440,412378621888,6932448,4862656
570,412378637168,412386025072,7387904,6441216
571,412386091696,412391718464,5626768,6155952
572,412391732176,412399884672,8152496,6424720
573,412399898288,412409012672,9114384,6201616
574,412409026128,412415057440,6031312,5104976
575,412415071040,412421541088,6470048,6156944
576,412421556256,412429995088,8438832,4496128
577,412430009536,412437289744,7280208,7160384
578,412437303408,412443347568,6044160,6911200
579,412443360720,412450338608,6977888,6522112
580,412450351984,412458461760,8109776,6674368
581,412458475216,412467270608,8795392,5608592
582,412467284464,412474642144,7357680,4912080
583,412474709152,412481692736,6983584,8744144
584,412481706144,412489267088,7560944,4996944
585,412489281088,412495716752,6435664,5822304
586,412495730384,412503270384,7540000,6155984
587,412503316560,412509981040,6664480,4898320
588,412509995056,412515843696,5848640,5923856
589,412515857568,412523284912,7427344,6009664
590,412523298960,412530440864,7141904,5732240
591,412530454304,412537865584,7411280,5819872
592,412537879696,412545067200,7187504,5861760
593,412545081296,412551172176,6090880,6306848
594,412551186176,412558329120,7142944,7225968
595,412558343040,412563825248,5482208,5861904
596,412563838640,412571985632,8146992,6651744
597,412571999280,412579896832,7897552,6761504
598,412579948656,412587418944,7470288,6304672
599,412587432688,412595093312,7660624,7885792
600,412595106832,412601701904,6595072,6579312
601,412601788752,412607613984,5825232,6148688
602,412607629152,412617358128,9728976,4685424
603,412617374416,412623355072,5980656,6433888
604,412623368368,412630177376,6809008,5857216
605,412630247072,412637333360,7086288,6409936
606,412637346976,412643231680,5884704,6301280
607,412643253088,412650155536,6902448,7783168
608,412650169440,412657165200,6995760,6354192
609,412657179232,412663897440,6718208,5456896
610,412663910720,412670717312,6806592,6124608
611,412670738432,412677579072,6840640,6001296
612,412677592992,412684885920,7292928,5017040
613,412684918320,412693111888,8193568,8857040
614,412693125488,412699973792,6848304,5464768
615,412699988112,412707625536,7637424,6332752
616,412707665392,412715387040,7721648,6233728
617,412715401056,412722691712,7290656,7960640
618,412722714080,412731577504,8863424,6505152
619,412731591520,412739156816,7565296,5960848
620,412739170608,412746305504,7134896,4858144
621,412746319792,412751990928,5671136,6526480
622,412752004048,412759424816,7420768,6741920
623,412759438768,412766282032,6843264,5265120
624,412766295712,412773691968,7396256,5016896
625,412773705904,412780993248,7287344,5317120
626,412781007424,412789776416,8768992,6401056
627,412789884960,412797130608,7245648,5732736
628,412797144112,412803587504,6443392,6397184
629,412803601328,412810712112,7110784,5570192
630,412810725360,412817713408,6988048,6448624
631,412817726736,412823730448,6003712,7529488
632,412823743984,412833587488,9843504,6452304
633,412833602592,412840052256,6449664,7061712
634,412841407072,412847385008,5977936,5596864
635,412847398704,412854618736,7220032,8937760
636,412854744960,412863579376,8834416,5975472
637,412863594592,412871084528,7489936,5996128
638,412871098336,412878045376,6947040,8019024
639,412878076880,412883903520,5826640,6209024
640,412883972944,412891430000,7457056,6940832
641,412891443632,412899171920,7728288,6524080
642,412899223104,412905437040,6213936,6787296
643,412905450416,412911453936,6003520,6038128
644,412911470784,412917771056,6300272,7105504
645,412917849920,412925172112,7322192,6897216
646,412925186032,412931904848,6718816,6505632
647,412931985280,412939302032,7316752,6424848
648,412939330272,412945872224,6541952,6764480
649,412945886960,412953320848,7433888,7737264
650,412953334912,412961850336,8515424,6251504
651,412961864096,412969302640,7438544,5868208
652,412969316176,412977364352,8048176,6194224
653,412977377664,412983961216,6583552,6574624
654,412983975104,412993898976,9923872,6745920
655,412993933616,413000874448,6940832,7574544
656,413000888864,413007870576,6981712,6513392
657,413007884032,413016889600,9005568,5774800
658,413016908080,413024098624,7190544,6399840
659,413024115488,413032039456,7923968,5268512
660,413033023696,413039563536,6539840,4588960
661,413039585568,413047350832,7765264,5758880
662,413047364992,413054388960,7023968,4426720
663,413054403792,413062494464,8090672,6981344
664,413062578512,413070391680,7813168,5794064
665,413070420896,413077897312,7476416,5841344
666,413077947216,413085322160,7374944,5202144
667,413085335536,413093086640,7751104,5404896
668,413093101104,413101823904,8722800,4979968
669,413101858448,413109075408,7216960,6333712
670,413109089360,413115943616,6854256,6477776
671,413115964336,413123137840,7173504,6802528
672,413123151856,413130712464,7560608,4726272
673,413130727312,413138458384,7731072,6330240
674,413138562048,413147032928,8470880,6989968
675,413147047888,413157756528,10708640,5474976
676,413157830304,413165269920,7439616,6286768
677,413165284000,413172044720,6760720,5758336
678,413172710672,413179444560,6733888,6383968
679,413179458544,413185713072,6254528,5786464
680,413185727120,413191302032,5574912,6108144
681,413191315776,413198060912,6745136,5225280
682,413198074624,413203487632,5413008,5756112
683,413203562368,413211468976,7906608,5859152
684,413211490496,413218263040,6772544,5490784
685,413218277120,413225104384,6827264,6491056
686,413225119440,413231306528,6187088,6362928
687,413231320288,413237711424,6391136,6627744
688,413237785696,413243691392,5905696,6520368
689,413243813952,413251025104,7211152,5503744
690,413251040736,413258502880,7462144,7008608
691,413258530320,413266305408,7775088,5227072
692,413266319328,413272031680,5712352,5940800
693,413272866976,413279361920,6494944,7898816
694,413279382464,413287351888,7969424,6102000
695,413287365456,413293826864,6461408,5842496
696,413293847392,413301113632,7266240,8970864
697,413301127776,413307871968,6744192,6902336
698,413307885344,413315255936,7370592,5156720
699,413315270928,413322042400,6771472,6976208
700,413322055712,413329150544,7094832,8602192
701,413329165696,413335375824,6210128,4946960
702,413335389472,413342131936,6742464,7430560
703,413342145584,413348991088,6845504,7036048
704,413349004752,413355481872,6477120,6339216
705,413355495856,413362972928,7477072,6533808
706,413362986352,413370335856,7349504,6937584
707,413370352448,413377963600,7611152,6775216
708,413377978688,413385483968,7505280,7378960
709,413385540960,413391987712,6446752,5304160
710,413392008000,413399996320,7988320,4930496
711,413400010336,413406223392,6213056,6335488
712,413406238448,413413164192,6925744,6462880
713,413413179376,413422063008,8883632,6143600
714,413422084016,413429165008,7080992,6811776
715,413429178464,413436007504,6829040,7251392
716,413436055712,413445978368,9922656,5467024
717,413445995280,413453880704,7885424,6468528
718,413453894160,413460037424,6143264,5533888
719,413460051424,413468013632,7962208,5301280
720,413468027584,413477615824,9588240,6281280
721,413477630944,413483562784,5931840,5176624
722,413483584480,413491993344,8408864,6925200
723,413492007056,413500029392,8022336,6735520
724,413500044576,413507368608,7324032,5430608
725,413507390320,413514902416,7512096,5054144
726,413515022944,413522840000,7817056,6527488
727,413522853632,413530615216,7761584,5904192
728,413530682736,413538994176,8311440,6285792
729,413539008176,413545298336,6290160,7536864
730,413545311936,413551228832,5916896,6340448
731,413551243664,413558564320,7320656,7795216
732,413558595408,413566027200,7431792,6268192
733,413566041776,413573170800,7129024,5339008
734,413573198064,413580982576,7784512,6448464
735,413581006000,413589233968,8227968,5039936
736,413589249968,413595700992,6451024,7006704
737,413595714912,413603169520,7454608,5792512
738,413603183552,413609703408,6519856,6374176
739,413609716992,413616004688,6287696,5578016
740,413616018128,413623285968,7267840,6429136
741,413623299552,413629462592,6163040,7102016
742,413629476224,413637387792,7911568,5524720
743,413637410016,413645123312,7713296,8053392
744,413645136608,413651553920,6417312,6183696
745,413651567648,413657608064,6040416,5992080
746,413657621968,413665135552,7513584,6773200
747,413665156240,413672039744,6883504,5664864
748,413672844448,413679325536,6481088,8455856
749,413679339360,413687862400,8523040,5881168
750,413687876320,413695202848,7326528,6351840
751,413695243632,413703998064,8754432,4943632
752,413704011632,413711266256,7254624,6162256
753,413711280816,413717605264,6324448,5935104
754,413717620560,413725053728,7433168,7395760
755,413725067776,413731093664,6025888,6381632
756,413731127424,413739100368,7972944,6893040
757,413739113952,413745892880,6778928,6750192
758,413746022080,413753267056,7244976,7291408
759,413753280336,413759845072,6564736,5190528
760,413759858352,413767274208,7415856,6794848
761,413767287728,413775376224,8088496,5563232
762,413775396080,413781900944,6504864,4548816
763,413781953920,413790954336,9000416,5760224
764,413790968608,413798138032,7169424,5839568
765,413798152016,413805130112,6978096,7444624
766,413805144288,413812903312,7759024,7020416
767,413812993936,413819568176,6574240,5144256
768,413819602144,413829024032,9421888,7128416
769,413829038128,413835905200,6867072,7184192
770,413835990096,413846079872,10089776,6357328
771,413846099520,413853431712,7332192,0
772,413853446832,413859375344,5928512,0
773,413859389280,413866537600,7148320,0
774,413866560224,413873472704,6912480,0
775,413873485872,413881868464,8382592,0
776,413881881728,413889250096,7368368,0
777,413889264976,413897143136,7878160,0
778,413897156864,413904893328,7736464,0
779,413904956832,413913184736,8227904,0
780,413913260432,413919375264,6114832,0
781,413919389104,413927170112,7781008,0
782,413927183792,413933733344,6549552,0
783,413933756736,413939282160,5525424,0
784,413939312576,413946042384,6729808,0
785,413946056528,413952881952,6825424,0
786,413952896416,413961326576,8430160,0
787,413961367328,413969346992,7979664,0
788,413969367168,413975491248,6124080,0
789,413975513712,413983619664,8105952,0
790,413983680416,413999855584,16175168,0
791,413999871680,414008039776,8168096,0
792,414008056320,414015397104,7340784,0
===CSV_END===
===================================================
===VMSTAT_START===
procs -----------memory---------- ---swap-- -----io---- -system-- ------cpu-----
 r  b   swpd   free   buff  cache   si   so    bi    bo   in   cs us sy id wa st
 8  1      0 132688  13748  35464    0    0    29    62  488  612 13 77  8  2  0
 8  0      0 132568  13748  35464    0    0     0     0 1283 1294  6 91  2  0  0
 8  0      0 132568  13748  35464    0    0     0     0 1269 1236  6 92  1  0  0
 9  0      0 132568  13748  35464    0    0     0     0 1250 1242  6 93  1  1  0
10  0      0 132568  13748  35464    0    0     0     0 1260 1246  5 94  1  1  0
 9  0      0 132568  13748  35464    0    0     0     0 1293 1225  6 92  0  1  0
 8  0      0 132568  13748  35464    0    0     0     0 1288 1054  6 93  0  0  0
===VMSTAT_END===
