========================================
net_sender_li (pinger) — Scenario 3 reversed
EB corbos Linux Network Determinism
Metric: Round-Trip Latency (RTL)
========================================
Target:       10.0.1.1:5000
Probes:       2000
Protocol:     UDP
Period:       1 ms
Msg size:     64 B
Flood rate:   0 Mbps
Echo timeout: 10 ms

net_sender_li: SCHED_FIFO OK (priority 90)
Sending HELLO to 10.0.1.1:5000 (protocol=UDP)...
HELLO_ACK received — protocol=UDP
Starting ping-echo loop (2000 probes at 1 ms period)...


========== NET SENDER_LI (PINGER) RESULTS ==========
Probes sent:        2000
Echoes received:    2000
Lost (no echo):       11 (0.550%)
Elapsed:           12.080 s
RTL (us):
  Mean: 6011.120    Std dev: 956.990
  Min:  3981.424    Max:     18665.264
  P50:  5954.960    P95:     7211.952
  P99:  8093.184    P99.9:   15560.256
IAJ (us):
  Mean: 5003.543    Std dev: 813.691
  Min:  2998.144    Max:     8447.792
  P50:  4978.480    P95:     6195.264
  P99:  6868.448    P99.9:   8438.592
===CSV_START===
index,send_time_ns,recv_time_ns,rtl_ns,iaj_ns
0,619345507568,619351319056,5811488,4949120
1,619351492352,619357268176,5775824,4624160
2,619357471984,619362892336,5420352,5664928
3,619362908096,619369557264,6649168,4230224
4,619369573728,619374787488,5213760,6407024
5,619374839792,619382194512,7354720,4407984
6,619382253696,619387602496,5348800,5276400
7,619387676448,619393878896,6202448,4182208
8,619393894832,619399061104,5166272,6691344
9,619399076624,619406752448,7675824,6482800
10,619406768112,619414235248,7467136,4773120
11,619414250944,619420008368,5757424,5948320
12,619420025808,619426956688,6930880,6096480
13,619426972448,619434053168,7080720,4814208
14,619434068528,619439867376,5798848,6025216
15,619439883264,619446892592,7009328,6562496
16,619446908368,619454455088,7546720,7303328
17,619454470528,619462758416,8287888,6578432
18,619462774432,619470336848,7562416,6756560
19,619470352704,619478093408,7740704,4943392
20,619478137872,619484036800,5898928,5764112
21,619484051824,619490800912,6749088,6109584
22,619490816944,619497910496,7093552,4381040
23,619497925920,619503291536,5365616,5330256
24,619503307936,619509621792,6313856,4557408
25,619509637248,619515179200,5541952,5876944
26,619515194336,619522056144,6861808,5104272
27,619522071712,619528160416,6088704,5326960
28,619528972480,619534487376,5514896,4310320
29,619534503360,619539797696,5294336,5290160
30,619539812320,619546087856,6275536,4341840
31,619546103408,619551429696,5326288,5026016
32,619551446128,619557455712,6009584,4186368
33,619557495616,619562642080,5146464,4301360
34,619562657248,619567943440,5286192,5981568
35,619567958288,619574925008,6966720,5778032
36,619574940848,619581703040,6762192,4054272
37,619581719264,619586757312,5038048,4239392
38,619586772192,619591996704,5224512,5559248
39,619592013712,619598555952,6542240,3957392
40,619598572112,619603513344,4941232,5057584
41,619603528432,619609570928,6042496,4541136
42,619609586336,619615112064,5525728,5562160
43,619615128816,619621674224,6545408,4458272
44,619621740016,619627132496,5392480,5372528
45,619627149184,619633505024,6355840,4338688
46,619633520992,619638843712,5322720,4193408
47,619638858432,619644037120,5178688,5312912
48,619644052176,619650350032,6297856,4568896
49,619650364832,619655918928,5554096,5435712
50,619655934704,619662354640,6419936,6284656
51,619662369472,619669639296,7269824,4196272
52,619669653520,619674835568,5182048,6080480
53,619674901152,619681916048,7014896,4622704
54,619681931152,619687538752,5607600,5338896
55,619687554752,619693877648,6322896,4770416
56,619693904608,619699648064,5743456,5222656
57,619699663120,619705870720,6207600,4264928
58,619705886160,619711135648,5249488,6149680
59,619711158384,619718285328,7126944,5631952
60,619718300064,619724917280,6617216,5223344
61,619724932560,619731140624,6208064,5891408
62,619731156112,619738032032,6875920,4488576
63,619738047344,619743520608,5473264,5238192
64,619743536864,619749758800,6221936,4347232
65,619749774304,619755106032,5331728,6201600
66,619755160352,619762307632,7147280,4488304
67,619762362640,619767795936,5433296,5736400
68,619767831728,619774532336,6700608,6050736
69,619774547232,619781583072,7035840,4068864
70,619781624768,619786651936,5027168,4362256
71,619786666912,619792014192,5347280,5909168
72,619792029520,619798923360,6893840,6150080
73,619798943376,619806073440,7130064,4474352
74,619806089072,619811547792,5458720,5142416
75,619811603120,619817690208,6087088,4134736
76,619817705488,619822824944,5119456,6373872
77,619822840368,619830198816,7358448,4617664
78,619830214192,619835816480,5602288,5653344
79,619835831904,619842469824,6637920,5413552
80,619842485776,619848883376,6397600,4911248
81,619848898656,619854794624,5895968,5750240
82,619854811680,619861544864,6733184,3912000
83,619861560560,619866456864,4896304,6494096
84,619866472384,619873950960,7478576,4298256
85,619873966928,619879249216,5282288,5560816
86,619879312944,619885810032,6497088,4592160
87,619885836000,619891402192,5566192,5499792
88,619891459808,619897901984,6442176,4459552
89,619897917392,619903361536,5444144,5430480
90,619903377168,619909792016,6414848,4125088
91,619909807280,619914917104,5109824,5859040
92,619914932576,619921776144,6843568,4607216
93,619921791488,619927383360,5591872,5010928
94,619927399792,619933394288,5994496,4537984
95,619933434128,619938932272,5498144,5722752
96,619938948336,619945655024,6706688,4099680
97,619945669600,619950754704,5085104,5885936
98,619950772288,619957640640,6868352,4156672
99,619957658320,619962797312,5138992,5694464
100,619962837376,619969491776,6654400,4245408
101,619969507520,619974737184,5229664,5998384
102,619974752272,619981735568,6983296,4264336
103,619981751184,619986999904,5248720,5751664
104,619987018704,619993751568,6732864,4130496
105,619993766736,619998882064,5115328,6178640
106,619998897488,620006060704,7163216,4267968
107,620006075632,620011328672,5253040,5717632
108,620011343776,620018046304,6702528,3897808
109,620018061280,620022944112,4882832,5579712
110,620022959200,620029523824,6564624,4356496
111,620029540752,620034880320,5339568,5976240
112,620034898480,620041856560,6958080,4335712
113,620041874704,620047192272,5317568,5549792
114,620047207328,620053742064,6534736,4112512
115,620053756896,620058854576,5097680,5692352
116,620058872720,620065546928,6674208,4612256
117,620065562720,620071159184,5596464,5634352
118,620071183280,620077793536,6610256,5311008
119,620077808992,620084104544,6295552,5683040
120,620084165184,620090787584,6622400,5893248
121,620090803024,620097680832,6877808,4497904
122,620097696560,620103178736,5482176,5014240
123,620103193888,620109192976,5999088,5175664
124,620109208496,620115368640,6160144,5387712
125,620115384368,620121756352,6371984,4625168
126,620121771920,620127381520,5609600,5243312
127,620127396912,620133624832,6227920,4174496
128,620133640720,620138799328,5158608,5831936
129,620138814848,620145631264,6816416,3876592
130,620145645872,620150507856,4861984,4546656
131,620150523552,620156054512,5530960,5573744
132,620156070352,620162628256,6557904,4410384
133,620162644560,620168038640,5394080,5853856
134,620168053888,620174892496,6838608,6217984
135,620174907920,620182110480,7202560,4690496
136,620182153008,620187800976,5647968,5664864
137,620187862672,620194465840,6603168,5490368
138,620194481280,620200956208,6474928,4899936
139,620201014496,620206856144,5841648,5929312
140,620206913664,620213785456,6871792,4036624
141,620213800816,620218822080,5021264,5544880
142,620218837376,620225366960,6529584,4469552
143,620225381888,620230836512,5454624,5954688
144,620230852080,620237791200,6939120,4609376
145,620237845680,620243400576,5554896,5429760
146,620243416320,620249830336,6414016,4221296
147,620249846192,620255051632,5205440,5965568
148,620255066096,620262017200,6951104,4586480
149,620262073808,620267603680,5529872,5730784
150,620267619216,620274334464,6715248,4421216
151,620274384656,620279755680,5371024,5103984
152,620279769696,620285859664,6089968,4502672
153,620285901872,620291362336,5460464,5728032
154,620291377552,620298090368,6712816,4288224
155,620298142736,620303378592,5235856,5788448
156,620303393872,620310167040,6773168,6878256
157,620310182576,620318045296,7862720,4441184
158,620318061744,620323486480,5424736,5431296
159,620323502448,620329917776,6415328,4261008
160,620329933104,620335178784,5245680,5762240
161,620335194336,620341941024,6746688,4788720
162,620341957152,620347729744,5772592,5290336
163,620347746576,620354020080,6273504,4346992
164,620354066880,620359367072,5300192,5828240
165,620359382144,620366195312,6813168,4400672
166,620366242672,620371595984,5353312,4906800
167,620371611264,620377502784,5891520,4445600
168,620377520640,620382948384,5427744,5467920
169,620382964624,620389416304,6451680,4469520
170,620389431568,620394885824,5454256,5742144
171,620394901296,620401627968,6726672,4144368
172,620401680688,620406772336,5091648,4267520
173,620406787312,620412039856,5252544,5998496
174,620412054272,620419038352,6984080,5949872
175,620419054352,620425988224,6933872,4649920
176,620426032208,620431638144,5605936,5206416
177,620431655008,620437844560,6189552,4739232
178,620437860896,620443583792,5722896,5487760
179,620443626464,620450071552,6445088,4602848
180,620450087216,620455674400,5587184,5370656
181,620455691568,620462045056,6353488,4601840
182,620462061376,620467646896,5585520,5458416
183,620467662592,620474105312,6442720,4378800
184,620474120896,620479484112,5363216,5975584
185,620479499472,620486459696,6960224,4503728
186,620486475936,620491963424,5487488,5571408
187,620491978816,620498534832,6556016,4310912
188,620498553760,620503845744,5291984,5589984
189,620503870768,620510435728,6564960,4399488
190,620510453744,620515835216,5381472,5743456
191,620515866528,620522578672,6712144,5526656
192,620522594304,620529105328,6511024,4930352
193,620529159312,620535035680,5876368,6015664
194,620535051808,620542051344,6999536,4226224
195,620542068736,620547277568,5208832,6515840
196,620547293120,620554793408,7500288,5904160
197,620554808288,620561697568,6889280,4322368
198,620561714000,620567019936,5305936,5862256
199,620567035664,620573882192,6846528,4474384
200,620573913008,620579356576,5443568,5497152
201,620579371488,620585853728,6482240,4440960
202,620585870560,620591294688,5424128,5572064
203,620591344416,620597866752,6522336,4655072
204,620597929104,620603521824,5592720,5171104
205,620603536672,620609692928,6156256,4366000
206,620609733232,620615058928,5325696,6299696
207,620615075504,620622358624,7283120,4516560
208,620622374912,620627875184,5500272,5091968
209,620627892080,620633967152,6075072,4237152
210,620634010400,620639204304,5193904,5737184
211,620639221296,620645941488,6720192,4365536
212,620645958320,620651307024,5348704,6093408
213,620651349568,620658400432,7050864,4656128
214,620658417008,620664056560,5639552,5888800
215,620664074160,620670945360,6871200,5695968
216,620670961632,620677641328,6679696,4289936
217,620677657808,620682931264,5273456,5371024
218,620682947376,620689302288,6354912,4583392
219,620689359744,620694885680,5525936,5927920
220,620694902096,620701813600,6911504,4411824
221,620701855184,620707225424,5370240,6209424
222,620707241584,620714434848,7193264,4436976
223,620714451488,620719871824,5420336,5770704
224,620719887856,620726642528,6754672,5893424
225,620726658880,620733535952,6877072,4487280
226,620733560512,620739023232,5462720,5742784
227,620739041488,620745766016,6724528,4373952
228,620745782608,620751139968,5357360,6269504
229,620751159568,620758409472,7249904,4088784
230,620758464496,620763498256,5033760,4388320
231,620763515296,620768886576,5371280,4488912
232,620768903280,620774375488,5472208,3829872
233,620774391840,620779205360,4813520,5317184
234,620779298640,620785522544,6223904,4248288
235,620785538768,620790770832,5232064,3917664
236,620790789232,620795688496,4899264,5265888
237,620795706464,620801954384,6247920,4044176
238,620802002640,620806998560,4995920,3713360
239,620807016768,620811711920,4695152,4836768
240,620811728224,620817548688,5820464,4026208
241,620817581072,620822574896,4993824,4369248
242,620822616224,620827944144,5327920,5914672
243,620827960240,620834858816,6898576,5667344
244,620834878880,620841526160,6647280,4407648
245,620841543008,620846933808,5390800,5024272
246,620846951008,620857727968,10776960,5848656
247,620857797280,620863752240,5954960,6876016
248,620863780912,620870600896,6819984,7329440
249,620870618208,620878476912,7858704,5903360
250,620878494544,620886806352,8311808,5234816
251,620886822576,620893709712,6887136,6112816
252,620893757008,620899944528,6187520,6304368
253,620899962192,620907057344,7095152,6758208
254,620907104944,620914361712,7256768,7306992
255,620914378480,620922119920,7741440,6205808
256,620922140448,620930426912,8286464,5378896
257,620930479392,620937632720,7153328,5890416
258,620937649488,620944011616,6362128,6333600
259,620944027488,620950902032,6874544,4629424
260,620950919296,620958235632,7316336,5952160
261,620958253168,620963865056,5611888,6059856
262,620963885088,620970817216,6932128,4780864
263,620970834096,620977877072,7042976,5991728
264,620977896560,620983657936,5761376,6173200
265,620983675104,620990649664,6974560,5179232
266,620990666592,620997822864,7156272,5538864
267,620997841152,621004002096,6160944,6154176
268,621004020304,621010540960,6520656,5059168
269,621010559024,621017695136,7136112,5564624
270,621017712080,621023754304,6042224,4796688
271,621023771088,621035504880,11733792,6052144
272,621035519936,621042069504,6549568,6005616
273,621042085888,621047866192,5780304,4430720
274,621047882784,621054918336,7035552,4204368
275,621054934880,621061923952,6989072,5707472
276,621061939616,621073189888,11250272,4495856
277,621073205200,621078620608,5415408,5954416
278,621078641088,621083824976,5183888,5666752
279,621083889088,621090532448,6643360,4245840
280,621090548576,621096028304,5479728,5735248
281,621096043712,621102982720,6939008,4367808
282,621103048768,621109649472,6600704,5682032
283,621109692832,621114895312,5202480,4177072
284,621114912352,621121630560,6718208,4181792
285,621121647872,621126998368,5350496,5617424
286,621127042208,621133680400,6638192,4004352
287,621133697280,621138857472,5160192,5679552
288,621138874224,621144039264,5165040,4389696
289,621144056064,621150656688,6600624,4941712
290,621150673552,621155661040,4987488,4401152
291,621155677424,621162340592,6663168,5261040
292,621162357648,621167730288,5372640,4108288
293,621167747344,621173672000,5924656,4276800
294,621173719248,621179073152,5353904,5045232
295,621179089696,621185334192,6244496,4351616
296,621185350688,621190442480,5091792,6258768
297,621190457872,621195719280,5261408,4685760
298,621195738112,621201764512,6026400,5825616
299,621201792576,621207116128,5323552,5638240
300,621207134832,621214374896,7240064,4390496
301,621214391088,621220060656,5669568,5755168
302,621220077216,621226886272,6809056,4312112
303,621226903376,621233524512,6621136,5659248
304,621233541792,621238915008,5373216,3847632
305,621238931904,621245670176,6738272,5870320
306,621245685792,621250982288,5296496,4350560
307,621250997808,621257641536,6643728,5859488
308,621257656912,621262489168,4832256,4081120
309,621262504880,621269359488,6854608,5814080
310,621269375104,621274710048,5334944,4317696
311,621274780256,621281569536,6789280,5919680
312,621281586112,621286650656,5064544,4291136
313,621286667344,621293464736,6797392,5802592
314,621293483440,621298782432,5298992,4275120
315,621298797408,621305702112,6904704,5626240
316,621305718432,621310993248,5274816,4431856
317,621311010336,621317795840,6785504,5641328
318,621317811648,621323070960,5259312,4849472
319,621323087680,621329697200,6609520,4679584
320,621329713952,621335129056,5415104,4807440
321,621335145600,621341770384,6624784,4725808
322,621341787376,621347619856,5832480,4618880
323,621347643408,621353299440,5656032,4396064
324,621353314720,621359106880,5792160,5524496
325,621359123312,621364832688,5709376,4092800
326,621364914384,621370451568,5537184,5372496
327,621370467328,621375847632,5380304,4102128
328,621375866064,621382372128,6506064,5428960
329,621382387664,621387464928,5077264,4212016
330,621387516192,621393837424,6321232,4326448
331,621393890736,621398939552,5048816,4959680
332,621398954976,621405368512,6413536,3858032
333,621405384672,621410580528,5195856,4245312
334,621410626512,621415906976,5280464,5493776
335,621415923968,621421866656,5942688,4273664
336,621421883680,621426724688,4841008,5102896
337,621426740144,621431970000,5229856,3935600
338,621432017504,621438463776,6446272,3967264
339,621438489024,621443737440,5248416,5104416
340,621443753296,621449840336,6087040,4611696
341,621449858048,621454775936,4917888,4986736
342,621454791696,621459743200,4951504,4221312
343,621459760224,621465847616,6087392,4219680
344,621465863392,621471459312,5595920,5989728
345,621471475200,621477446048,5970848,6898768
346,621477463200,621482667360,5204160,5934912
347,621482683872,621487887040,5203168,4433632
348,621487903984,621494876768,6972784,5902000
349,621494893840,621502775536,7881696,4374016
350,621502792400,621509710448,6918048,5346032
351,621509729648,621515144080,5414432,4254048
352,621515161344,621522046080,6884736,5886160
353,621522063312,621527420096,5356784,4609536
354,621527477360,621533766128,6288768,5377264
355,621533783392,621539020176,5236784,4171136
356,621539062688,621545906336,6843648,5709680
357,621545921792,621551515872,5594080,4087712
358,621551532384,621557893136,6360752,6169520
359,621557910016,621563064272,5154256,4154912
360,621563080832,621569773952,6693120,5647312
361,621569791088,621574861664,5070576,4382992
362,621574907904,621582031184,7123280,5178784
363,621582047952,621587186096,5138144,4654112
364,621587203136,621593833408,6630272,5946288
365,621593891664,621599216400,5324736,4861984
366,621599233536,621605395184,6161648,5306960
367,621605412592,621611049296,5636704,4314640
368,621611080784,621617995584,6914800,4970512
369,621618016848,621623857568,5840720,4444064
370,621623874864,621630164528,6289664,6195264
371,621630181152,621635479168,5298016,5031904
372,621635495072,621641449680,5954608,5724432
373,621641467120,621646893744,5426624,5804496
374,621646909328,621654089008,7179680,4268016
375,621654105968,621660120912,6014944,5893104
376,621661003840,621666845344,5841504,4809712
377,621666887296,621673649840,6762544,5571264
378,621673696096,621678917856,5221760,4763072
379,621678936000,621685810960,6874960,5889136
380,621685827632,621691620672,5793040,5825872
381,621691694816,621698191936,6497120,4224016
382,621698208432,621703955008,5746576,5715440
383,621703971648,621710844144,6872496,4371376
384,621710860144,621717670016,6809872,6028704
385,621717686496,621722894032,5207536,4777264
386,621722909536,621729609472,6699936,6868448
387,621729625056,621734980848,5355792,5268096
388,621735057600,621742009552,6951952,4104720
389,621742025120,621747786816,5761696,6031696
390,621747803232,621755655264,7852032,4256672
391,621755672352,621761923360,6251008,5334928
392,621761940784,621767028080,5087296,4419904
393,621767044752,621774059776,7015024,5675200
394,621774076944,621779316448,5239504,4412032
395,621779333040,621785651376,6318336,5871856
396,621785668128,621791071280,5403152,4572704
397,621791087920,621797746480,6658560,5764192
398,621797763440,621803158512,5395072,4598080
399,621803175120,621810030368,6855248,5986176
400,621810053696,621815603072,5549376,6080160
401,621815628080,621822367264,6739184,4801152
402,621822383952,621827965344,5581392,5840928
403,621827981744,621834951520,6969776,4376144
404,621835019040,621842031680,7012640,5920960
405,621842048608,621847832832,5784224,5909824
406,621847888512,621854673760,6785248,4702432
407,621854691296,621860049904,5358608,6043664
408,621860066768,621866970864,6904096,5374912
409,621866987696,621873880688,6892992,4694192
410,621873899712,621879583120,5683408,6187552
411,621879600144,621886626784,7026640,4184800
412,621886643648,621893001696,6358048,5779264
413,621893019840,621898695888,5676048,4137776
414,621898737152,621905883440,7146288,6104864
415,621905900176,621911068240,5168064,4092240
416,621911085376,621917847504,6762128,5860384
417,621917863904,621922985280,5121376,4479536
418,621923002384,621930090144,7087760,5162528
419,621930107552,621935182384,5074832,5364400
420,621935199504,621942042768,6843264,5749632
421,621942068192,621947522304,5454112,5567520
422,621947539536,621953684832,6145296,4523600
423,621953702224,621960049232,6347008,6722496
424,621960067184,621966798864,6731680,4409296
425,621966815392,621973366384,6550992,5855616
426,621973382672,621978889984,5507312,5919872
427,621978907296,621986612480,7705184,4396256
428,621986628992,621992021776,5392784,5594688
429,621992038464,621998877392,6838928,3844592
430,621998894416,622005797264,6902848,4157584
431,622005813392,622011193520,5380128,5696336
432,622011209760,622017788208,6578448,4185824
433,622017804736,622022632800,4828064,4937584
434,622022649968,622027790384,5140416,4333648
435,622027806704,622034486720,6680016,5057920
436,622034503072,622039672544,5169472,4502416
437,622039688720,622045610128,5921408,5372992
438,622045626320,622050943776,5317456,4567296
439,622050983936,622057001696,6017760,4334272
440,622057028192,622062504112,5475920,4961040
441,622062519632,622068877104,6357472,4093296
442,622068904288,622074444400,5540112,4191440
443,622074460464,622079778672,5318208,5631760
444,622079794784,622085739712,5944928,5918736
445,622085756960,622090833008,5076048,4306080
446,622090850624,622096024448,5173824,5714208
447,622096040480,622102656208,6615728,4037328
448,622102672064,622109574944,6902880,4069168
449,622109591968,622114881024,5289056,4874704
450,622114899840,622121595232,6695392,4205440
451,622121612288,622126632560,5020272,6044064
452,622126667680,622131701728,5034048,3948096
453,622131717632,622137576432,5858800,4104272
454,622137592816,622142781872,5189056,5594272
455,622142798864,622149825936,7027072,3994688
456,622149844384,622154774032,4929648,5565616
457,622154789568,622159878304,5088736,3889456
458,622159935392,622166472576,6537184,4104464
459,622166488160,622171467264,4979104,5737760
460,622171482944,622178032880,6549936,5827072
461,622178048720,622182922336,4873616,4428320
462,622182937936,622188026800,5088864,5575824
463,622188043408,622194764560,6721152,4240640
464,622194780672,622201591632,6810960,5733328
465,622201607328,622207019952,5412624,4213056
466,622207036096,622213595776,6559680,5999552
467,622213611248,622218836416,5225168,4225520
468,622218853872,622225569744,6715872,6245248
469,622225607184,622230782800,5175616,4741264
470,622230862432,622237782352,6919920,5605920
471,622237799712,622243007872,5208160,4271936
472,622243065184,622250253120,7187936,5681888
473,622250268896,622255994384,5725488,5520944
474,622256013296,622262600304,6587008,4830160
475,622262624560,622267872240,5247680,5281408
476,622267890816,622274554128,6663312,4605568
477,622274586352,622281075072,6488720,4151024
478,622281118176,622286905232,5787056,5573040
479,622286921136,622293186640,6265504,4056560
480,622293202336,622298792208,5589872,5390992
481,622298809216,622303943232,5134016,4250208
482,622303993296,622310516272,6522976,5783600
483,622310531440,622315572832,5041392,4211472
484,622315597696,622321963824,6366128,5574720
485,622321979280,622327214032,5234752,4190752
486,622327230512,622333997632,6767120,5620240
487,622334054256,622339209104,5154848,5043984
488,622339226368,622345783824,6557456,5269072
489,622345799920,622350974576,5174656,4150064
490,622350999664,622357594816,6595152,5307728
491,622357613840,622363638800,6024960,4598448
492,622363654480,622369907872,6253392,5515888
493,622369923632,622375057936,5134304,4151984
494,622375074576,622381365664,6291088,4030832
495,622381381232,622386964112,5582880,5090880
496,622387009152,622393480000,6470848,4449760
497,622393495584,622398631984,5136400,5617456
498,622398648496,622403662816,5014320,3956320
499,622403718608,622409753696,6035088,4021568
500,622409769792,622415203456,5433664,5596592
501,622415220000,622421820912,6600912,4437056
502,622421871424,622426777232,4905808,5831696
503,622426793824,622431798800,5004976,4356768
504,622431814496,622438395392,6580896,5456608
505,622438411552,622443832448,5420896,4277552
506,622443884288,622450664144,6779856,5415888
507,622450710128,622456020912,5310784,4317488
508,622456038048,622462477520,6439472,5235072
509,622462494736,622467755072,5260336,5035472
510,622467772432,622474170960,6398528,4917792
511,622474188368,622479488448,5300080,4532944
512,622479505376,622485723520,6218144,5875248
513,622485740192,622491758992,6018800,4391184
514,622491776896,622497676784,5899888,6020304
515,622497732016,622503209728,5477712,4273760
516,622503226480,622510084976,6858496,5119312
517,622510101376,622515476160,5374784,4735856
518,622515493424,622522496464,7003040,5583776
519,622522514304,622527770224,5255920,4448608
520,622527786192,622533889536,6103344,5103536
521,622533906496,622539625392,5718896,4405232
522,622539644384,622546209168,6564784,5958592
523,622546225920,622551657776,5431856,4522256
524,622551675088,622557761312,6086224,5257392
525,622557779264,622563166544,5387280,4305168
526,622563193888,622570125136,6931248,5836016
527,622570173184,622575647392,5474208,4101184
528,622575664272,622581904784,6240512,5740752
529,622581923824,622587209952,5286128,4526704
530,622587226928,622594045968,6819040,6106912
531,622594061392,622599147152,5085760,4510016
532,622599163328,622605887904,6724576,6092448
533,622605903824,622611414608,5510784,5853536
534,622611487184,622618521520,7034336,4716192
535,622618538416,622624031536,5493120,5973152
536,622624048416,622631123984,7075568,5618416
537,622631177936,622637977520,6799584,4657520
538,622638017104,622643693712,5676608,5937968
539,622643734416,622650666864,6932448,4491152
540,622650683568,622657285280,6601712,6177952
541,622657365136,622662942800,5577664,5505072
542,622662959248,622669880768,6921520,4925408
543,622669900000,622675371920,5471920,6079136
544,622675388048,622682549872,7161824,4585504
545,622682605600,622689054944,6449344,5127952
546,622689073648,622694980352,5906704,4066544
547,622695052880,622702059488,7006608,5720768
548,622702076432,622707644992,5568560,4163040
549,622707664192,622713772944,6108752,4371664
550,622713790032,622718839488,5049456,5812816
551,622718858368,622725560256,6701888,7029056
552,622725577104,622730723296,5146192,5816000
553,622730750000,622736094960,5344960,4204576
554,622736891056,622742907776,6016720,5674688
555,622742923840,622750936832,8012992,4343584
556,622750953376,622757752832,6799456,6355312
557,622757769712,622762957408,5187696,5650384
558,622762974544,622769632096,6657552,4731552
559,622769650000,622774975680,5325680,5869280
560,622774992688,622782330992,7338304,4503056
561,622782348608,622788981376,6632768,5607840
562,622789006448,622794712928,5706480,4201792
563,622794731344,622801582208,6850864,5996480
564,622801599280,622807085264,5485984,4152176
565,622807102176,622813693104,6590928,5590672
566,622813710688,622818894896,5184208,4289856
567,622818911808,622825891376,6979568,5878336
568,622825908592,622831043552,5134960,4076032
569,622831060512,622837634224,6573712,5739920
570,622837649920,622842924080,5274160,4385664
571,622842939856,622849802416,6862560,5621296
572,622849818224,622854878448,5060224,4392320
573,622854895456,622861618368,6722912,6365872
574,622861637536,622867004032,5366496,7551168
575,622867056048,622873625328,6569280,6150496
576,622873642464,622879017648,5375184,4366720
577,622879037808,622886383520,7345712,5971072
578,622886400976,622894934688,8533712,4463312
579,622894977760,622902085184,7107424,5867536
580,622902115344,622907451904,5336560,5730544
581,622907473136,622914422976,6949840,5988288
582,622914468592,622919886288,5417696,5861936
583,622919903936,622926753824,6849888,4892128
584,622926771088,622933484368,6713280,5544544
585,622933501584,622944055152,10553568,5025168
586,622944113056,622951043440,6930384,5751664
587,622951087936,622962571824,11483888,4340112
588,622962644064,622969433760,6789696,5574368
589,622969451504,622975325888,5874384,5280928
590,622975362288,622981870432,6508144,4600752
591,622981914560,622987895600,5981040,4582304
592,622987913280,622994647264,6733984,5284816
593,622994697712,622999987376,5289664,4642064
594,623000104992,623006561744,6456752,5820864
595,623006586656,623012842672,6256016,4193584
596,623012880832,623018443424,5562592,5956880
597,623018460960,623024025728,5564768,6301408
598,623024051264,623030310544,6259280,4732416
599,623030327088,623035952608,5625520,5512272
600,623035999248,623042773472,6774224,4549632
601,623042790864,623047967056,5176192,5881040
602,623048003104,623054923936,6920832,5626928
603,623054941824,623062225344,7283520,4478832
604,623062242560,623067957760,5715200,5922816
605,623068008176,623074470032,6461856,4468736
606,623074489664,623080019664,5530000,5657184
607,623080037104,623086900704,6863600,4252400
608,623086917392,623093527632,6610240,5191184
609,623093543936,623099006464,5462528,4429920
610,623099025968,623105929280,6903312,5840128
611,623105945440,623111398016,5452576,4459200
612,623111460384,623118055200,6594816,5656448
613,623118072128,623123307600,5235472,4157616
614,623123375856,623129498784,6122928,6009184
615,623129515232,623134928704,5413472,6346912
616,623134944944,623141768832,6823888,4664000
617,623141785504,623147228032,5442528,5851008
618,623147244464,623153884480,6640016,4490128
619,623153901632,623159042096,5140464,5239568
620,623159060240,623166051280,6991040,4461312
621,623166068288,623173398192,7329904,5769200
622,623173414512,623179062192,5647680,4445328
623,623179079520,623185913200,6833680,5219504
624,623185930096,623191403328,5473232,5305232
625,623191477536,623197642896,6165360,6625200
626,623197659728,623203104208,5444480,5158464
627,623203148464,623209873408,6724944,4473488
628,623209890384,623215318736,5428352,5925552
629,623215378080,623221538240,6160160,4013584
630,623221554992,623227843472,6288480,5853440
631,623227867968,623235468672,7600704,4032432
632,623235486128,623241627136,6141008,5909264
633,623241644448,623247100624,5456176,4250544
634,623247117776,623254026176,6908400,5752016
635,623254052304,623259039760,4987456,4297184
636,623259057664,623265893200,6835536,6238528
637,623265910784,623270925632,5014848,4686048
638,623270941392,623277834896,6893504,5855088
639,623277889872,623283085440,5195568,5498608
640,623283136240,623289837456,6701216,4644048
641,623289854496,623295134640,5280144,5924176
642,623295151536,623302373168,7221632,4270880
643,623302390224,623308059216,5668992,5250320
644,623308076448,623314914304,6837856,4306816
645,623314931216,623321412912,6481696,4272928
646,623321429888,623327056960,5627072,5551024
647,623327076960,623333981136,6904176,6099936
648,623334021264,623339252016,5230752,4280336
649,623339357728,623345502336,6144608,3863600
650,623345537504,623350809152,5271648,6027152
651,623350825568,623356082080,5256512,5957248
652,623356098640,623362633104,6534464,4015584
653,623362650208,623369733040,7082832,4978480
654,623369750800,623375013376,5262576,4937632
655,623375029216,623379876976,4847760,4276544
656,623379893728,623386904128,7010400,5546592
657,623386921264,623393861376,6940112,4352832
658,623393880576,623398876960,4996384,5782560
659,623398893984,623404855440,5961456,6190208
660,623404904384,623410793072,5888688,4672336
661,623410809792,623416069616,5259824,5620432
662,623416086128,623422616208,6530080,4625264
663,623422632704,623427969040,5336336,5406080
664,623427985360,623434751600,6766240,4132832
665,623434770832,623441941808,7170976,5522672
666,623441958112,623447614144,5656032,4544928
667,623447651488,623454234576,6583088,5414688
668,623454252912,623459859840,5606928,4116016
669,623459878352,623466265920,6387568,5819840
670,623466308928,623471398752,5089824,4116256
671,623471448544,623477921424,6472880,6265808
672,623477937536,623483466352,5528816,4789152
673,623483482656,623489881040,6398384,5499168
674,623489897552,623494997056,5099504,4225824
675,623495017040,623501816896,6799856,5167264
676,623501871520,623506933152,5061632,4192656
677,623506949824,623514198960,7249136,6089792
678,623514216320,623519988112,5771792,4830560
679,623520006368,623526487280,6480912,5515536
680,623526503536,623531713104,5209568,4507904
681,623531731984,623537880368,6148384,5958416
682,623537900048,623543073024,5172976,6028832
683,623543088288,623550162816,7074528,4585552
684,623550215104,623555993376,5778272,5364000
685,623556033504,623562508912,6475408,4214960
686,623562525024,623568016816,5491792,5578528
687,623568033120,623574975232,6942112,4147680
688,623575037232,623582004064,6966832,5833392
689,623582020512,623587589616,5569104,4192336
690,623587607216,623593953616,6346400,5729904
691,623594002896,623599168576,5165680,4470128
692,623599184976,623605747104,6562128,5769648
693,623605764064,623610894784,5130720,4051840
694,623610910992,623617728176,6817184,6110752
695,623617743792,623622920512,5176720,4026080
696,623622937056,623629650416,6713360,5677792
697,623629666896,623635120544,5453648,4316672
698,623635171920,623641890192,6718272,5952272
699,623641906992,623646942032,5035040,4159680
700,623646957248,623654052784,7095536,5610976
701,623654069376,623659078864,5009488,4554336
702,623659095760,623665756656,6660896,5207232
703,623665772800,623671073328,5300528,4348688
704,623671102560,623678025600,6923040,5995568
705,623678041840,623683185280,5143440,4984832
706,623683203248,623689796256,6593008,5848144
707,623689864608,623695350592,5485984,5322368
708,623695367360,623701557824,6190464,4729488
709,623701574320,623706906512,5332192,5880496
710,623706923088,623713902080,6978992,4463840
711,623713918384,623719886912,5968528,6134208
712,623719906512,623726735056,6828544,4727792
713,623726779984,623733057424,6277440,5993376
714,623733073312,623738786912,5713600,6548192
715,623738803344,623745667408,6864064,5989680
716,623745683808,623751131248,5447440,4367872
717,623751205216,623758265456,7060240,5022736
718,623758282448,623763993248,5710800,4865424
719,623764011424,623770986624,6975200,4309104
720,623771050368,623778534816,7484448,5646064
721,623778551568,623785524496,6972928,6143840
722,623785541472,623790892368,5350896,4166320
723,623790909280,623796915104,6005824,5603440
724,623796931472,623802780528,5849056,8205888
725,623802796896,623808089632,5292736,6609168
726,623808106256,623814735696,6629440,6568416
727,623814752624,623821879536,7126912,4719792
728,623821906640,623827045856,5139216,6165872
729,623827062224,623833649296,6587072,5829040
730,623833664288,623842855184,9190896,4253472
731,623842874512,623850464352,7589840,5823472
732,623850483664,623858032768,7549104,4366368
733,623858050352,623863752560,5702208,5939392
734,623863769344,623870918432,7149088,4607056
735,623870935312,623877747472,6812160,5054800
736,623877764304,623883000944,5236640,6128800
737,623883018288,623889824416,6806128,4784336
738,623889843392,623895190784,5347392,6299280
739,623895216144,623902130176,6914032,4595920
740,623902186784,623907737232,5550448,4951488
741,623907753600,623913792032,6038432,4648448
742,623913808640,623920920832,7112192,5709728
743,623920947232,623926705168,5757936,3989440
744,623926720640,623934004448,7283808,5517296
745,623934048752,623939600368,5551616,4418720
746,623939616816,623945551856,5935040,5244544
747,623945568144,623951200304,5632160,5194688
748,623951216544,623957910032,6693488,5534960
749,623957928608,623962899472,4970864,4300896
750,623962915680,623969416768,6501088,5668080
751,623969433424,623974835488,5402064,4386016
752,623974851936,623981080032,6228096,5595312
753,623981096832,623987274720,6177888,4118096
754,623987326368,623993809680,6483312,6286496
755,623993846800,623999110576,5263776,4786288
756,623999128640,624005778656,6650016,5319920
757,624005795312,624011164672,5369360,4617280
758,624011181424,624017759984,6578560,5508800
759,624017776400,624022878080,5101680,4693008
760,624022895856,624030164576,7268720,5412848
761,624030181504,624035950864,5769360,4228752
762,624035999392,624042270784,6271392,5056544
763,624042341888,624047888064,5546176,5214368
764,624047904176,624054396864,6492688,5645792
765,624054414160,624060089872,5675712,4221888
766,624060873600,624066502720,5629120,5650944
767,624066518240,624071731472,5213232,4581392
768,624071747024,624077788016,6040992,5540880
769,624077804400,624084002384,6197984,3477264
770,624084020896,624090648176,6627280,3621968
771,624090664256,624095870064,5205808,5128464
772,624095914528,624102521008,6606480,3770320
773,624102537616,624108102400,5564784,3500592
774,624108950288,624114643280,5692992,3535920
775,624114662320,624119120544,4458224,5496368
776,624119144080,624123742512,4598432,4162960
777,624123760912,624129870976,6110064,4871552
778,624129887104,624134641296,4754192,4445200
779,624134665472,624139141888,4476416,3755296
780,624139169072,624143677808,4508736,5942448
781,624143703632,624150174176,6470544,3985552
782,624150192656,624155337136,5144480,5274736
783,624155353824,624161208688,5854864,4092176
784,624161225168,624166653888,5428720,3801856
785,624166670640,624171409184,4738544,5334464
786,624171425440,624178351632,6926192,4166784
787,624178368592,624183337184,4968592,3997808
788,624183354432,624189611920,6257488,5152160
789,624189628688,624194704096,5075408,3779840
790,624194743520,624199505952,4762432,4027856
791,624199526784,624205840416,6313632,5592560
792,624205895456,624211007200,5111744,3822528
793,624211064192,624216005008,4940816,3121488
794,624216020912,624222157168,6136256,5345648
795,624222173456,624226937008,4763552,3912160
796,624226970960,624231964864,4993904,3288544
797,624232016016,624238557424,6541408,3531616
798,624238573584,624243379952,4806368,4837808
799,624243445648,624247501440,4055792,4492848
800,624247517056,624253847088,6330032,4028592
801,624253863216,624258759248,4896032,5208800
802,624258775680,624263047792,4272112,3728928
803,624263065616,624267579408,4513792,3507472
804,624267594432,624273417216,5822784,6079056
805,624273433504,624278910064,5476560,4445456
806,624279000320,624283938656,4938336,5453568
807,624283985616,624290147456,6161840,3825536
808,624290176144,624294876384,4700240,5042928
809,624294892672,624299383856,4491184,4395200
810,624299467584,624306462912,6995328,3965696
811,624306481792,624311908368,5426576,5438624
812,624311925136,624318361936,6436800,6719104
813,624318378336,624323187472,4809136,3968256
814,624323203760,624329230400,6026640,3562784
815,624329246864,624334625600,5378736,5498208
816,624334642416,624339591296,4948880,3934496
817,624339608672,624346029920,6421248,3429088
818,624346046560,624353749024,7702464,3657664
819,624353765776,624358717280,4951504,5663072
820,624358734288,624363280064,4545776,3607296
821,624363297648,624369778272,6480624,5593312
822,624369794688,624374712768,4918080,4231696
823,624374731184,624379141856,4410672,4066768
824,624379157952,624383799520,4641568,5134384
825,624383848480,624390462592,6614112,4202688
826,624390480928,624395069888,4588960,4722960
827,624395086160,624401663200,6577040,4469232
828,624401679184,624406894896,5215712,3954768
829,624406911488,624411961664,5050176,5661536
830,624411978528,624418096048,6117520,3765008
831,624418112256,624423298736,5186480,3321136
832,624423315024,624429021696,5706672,5459488
833,624429041504,624434490928,5449424,3966528
834,624434506960,624439445696,4938736,3702176
835,624439461952,624446107232,6645280,5301776
836,624446147136,624450872240,4725104,4174432
837,624450888336,624455193376,4305040,4035248
838,624455243008,624461652864,6409856,5797296
839,624461669264,624466619392,4950128,3810768
840,624466634992,624471321568,4686576,5106464
841,624471345952,624477623344,6277392,4158864
842,624477639968,624482797776,5157808,3582752
843,624482817504,624487833024,5015520,5461968
844,624487896688,624494630320,6733632,4125216
845,624494646640,624499441088,4794448,5713472
846,624499458176,624505547552,6089376,4148000
847,624505599440,624510706416,5106976,3797136
848,624510736992,624515289168,4552176,5199184
849,624515306080,624521751136,6445056,3902480
850,624521776592,624526876352,5099760,3882192
851,624526919776,624533589824,6670048,5102224
852,624533605952,624538737824,5131872,4019568
853,624538754304,624543534960,4780656,3784480
854,624543553248,624549734144,6180896,5194240
855,624549755248,624554636624,4881376,4264464
856,624554661088,624559518816,4857728,3672272
857,624559565472,624565621040,6055568,5074272
858,624565638976,624570640608,5001632,4311680
859,624570657376,624575425088,4767712,6030576
860,624575491824,624581619328,6127504,3811760
861,624581636032,624586883792,5247760,3791504
862,624586900320,624591556064,4655744,5036048
863,624591579808,624597630336,6050528,4232480
864,624597646256,624602942016,5295760,3704000
865,624602992688,624609972592,6979904,5349184
866,624609993360,624614784352,4790992,3769600
867,624614799728,624619575856,4776128,3417376
868,624619622288,624625611904,5989616,3769376
869,624625650160,624630844384,5194224,5632992
870,624630861072,624635548384,4687312,3931920
871,624635564816,624641897568,6332752,5474880
872,624641912672,624646667168,4754496,4189824
873,624646682352,624651084544,4402192,4922752
874,624651110992,624655853920,4742928,4491600
875,624655870192,624662486912,6616720,3498128
876,624662503968,624667418832,4914864,3753056
877,624667435616,624673893712,6458096,5373248
878,624673912144,624679083536,5171392,4200304
879,624679102976,624685006288,5903312,5048272
880,624685080144,624690497888,5417744,4435344
881,624690514048,624694996016,4481968,3780016
882,624695011264,624699749072,4737808,4618800
883,624699765360,624706122320,6356960,4053808
884,624706139312,624711322624,5183312,3863712
885,624711339680,624717370896,6031216,3866096
886,624717387696,624722806240,5418544,5402672
887,624722821424,624727586256,4764832,4596240
888,624727602560,624733205056,5602496,5188320
889,624733221648,624738258864,5037216,3623680
890,624738274944,624743122576,4847632,3776528
891,624743139408,624747988672,4849264,5294480
892,624748005040,624754391344,6386304,3949344
893,624754408080,624759987584,5579504,3701536
894,624760019184,624766175904,6156720,4876784
895,624766194496,624770799584,4605088,4390656
896,624770816944,624775576112,4759168,3665984
897,624775592144,624781870592,6278448,5299664
898,624781887728,624786819936,4932208,4327088
899,624786839152,624791521472,4682320,3668080
900,624791537536,624797398256,5860720,4894720
901,624797451120,624802788912,5337792,3856368
902,624802805840,624807454896,4649056,4342800
903,624807494848,624813754560,6259712,5558256
904,624813771280,624819081648,5310368,3736832
905,624819122288,624823749728,4627440,3544592
906,624823765648,624829644448,5878800,5483520
907,624829660528,624834500816,4840288,3776880
908,624834535184,624839843616,5308432,3641040
909,624839859920,624846401872,6541952,5495088
910,624846417744,624851138704,4720960,3689296
911,624851154928,624855683296,4528368,4139984
912,624855706448,624862166816,6460368,5278544
913,624862183504,624866943696,4760192,3757664
914,624866960016,624871584736,4624720,3283616
915,624871601264,624878079824,6478560,4801200
916,624878096528,624882769120,4672592,4516992
917,624882785296,624887909104,5123808,3580800
918,624887925616,624894187648,6262032,3704000
919,624894204416,624898945312,4740896,5271904
920,624898961536,624903228928,4267392,3735824
921,624903333104,624909030128,5697024,3850272
922,624909055504,624914547120,5491616,5220320
923,624914589632,624919127920,4538288,3759024
924,624919152688,624923831920,4679232,3678208
925,624923849648,624930103824,6254176,5824640
926,624930120096,624934839648,4719552,2998144
927,624934855616,624939689920,4834304,3874288
928,624939706944,624945910240,6203296,3161712
929,624945929600,624950669264,4739664,6307440
930,624950690560,624955347472,4656912,4512240
931,624955364160,624962172112,6807952,5698576
932,624962188832,624966170256,3981424,3898368
933,624966185408,624971044544,4859136,4997280
934,624971072384,624975206256,4133872,3735472
935,624975303920,624982513696,7209776,3602064
936,624982548736,624988025936,5477200,3620080
937,624988043328,624994724512,6681184,5065984
938,624994744720,624999622880,4878160,4173728
939,624999640016,625005620160,5980144,3433024
940,625005636048,625010355632,4719584,3663424
941,625010372448,625014957696,4585248,5209952
942,625014974432,625019577776,4603344,3753184
943,625019594208,625025643760,6049552,3735840
944,625025660032,625030817488,5157456,5828336
945,625030835776,625035250512,4414736,3946240
946,625035303952,625039913936,4609984,5111856
947,625039930128,625046123888,6193760,4270976
948,625046170272,625050877072,4706800,3572336
949,625050895008,625055612912,4717904,3599648
950,625055674656,625062441248,6766592,5056256
951,625062458112,625067387488,4929376,3861792
952,625067436944,625073499344,6062400,3699872
953,625073515728,625078770320,5254592,5179120
954,625078786832,625083342656,4555824,4189264
955,625083358304,625087942304,4584000,3672704
956,625087958560,625093998560,6040000,3337840
957,625094017264,625098860352,4843088,5089680
958,625098877152,625103560224,4683072,3465360
959,625103577104,625109739344,6162240,3562288
960,625109755008,625114928608,5173600,3538512
961,625114945520,625119601312,4655792,5384320
962,625119617520,625123939152,4321632,3594976
963,625123981872,625130028832,6046960,3579616
964,625130045136,625134494192,4449056,3463968
965,625134511952,625139056480,4544528,5421232
966,625139104592,625143594992,4490400,3717904
967,625143620032,625149979312,6359280,3784512
968,625149995936,625154574288,4578352,5535088
969,625154592128,625159153904,4561776,3531824
970,625159172560,625163617872,4445312,3332640
971,625163634656,625170039104,6404448,3817472
972,625170057968,625174757008,4699040,4822544
973,625174774128,625179541520,4767392,4150576
974,625179560288,625186076608,6516320,4012768
975,625186127408,625190608432,4481024,5430720
976,625190645952,625194941072,4295120,3945024
977,625194980976,625199758544,4777568,5713584
978,625199774480,625205581088,5806608,3863824
979,625205623872,625210731664,5107792,4003712
980,625210748832,625215744432,4995600,6073824
981,625215760896,625222175152,6414256,3563072
982,625222191600,625227120176,4928576,5073296
983,625227137664,625233833760,6696096,4268384
984,625233850960,625238697584,4846624,3832048
985,625238724720,625243701296,4976576,5091424
986,625243747280,625250775120,7027840,4168976
987,625250792256,625255338192,4545936,3450688
988,625255354960,625261411488,6056528,3627392
989,625261427856,625266679872,5252016,5042480
990,625266695696,625271511920,4816224,3967232
991,625271527824,625277603344,6075520,3972576
992,625277620704,625282772320,5151616,5343744
993,625282789264,625287223008,4433744,4024384
994,625287302688,625291850400,4547712,5301664
995,625291867344,625297892880,6025536,4168944
996,625297908960,625302860112,4951152,3755200
997,625302876992,625307832688,4955696,4493584
998,625307853872,625314176432,6322560,4458656
999,625314209440,625319200816,4991376,3718512
1000,625319217360,625325502480,6285120,3761328
1001,625325519344,625330671424,5152080,5743920
1002,625330690320,625335426624,4736304,3840576
1003,625335442832,625340920208,5477376,5379808
1004,625340943760,625346378864,5435104,4362256
1005,625346395216,625351097376,4702160,5084240
1006,625351122224,625355858704,4736480,4245936
1007,625355875200,625362602624,6727424,3526752
1008,625362642352,625367443200,4800848,3611216
1009,625367461680,625373823008,6361328,5078512
1010,625373839264,625379185264,5346000,4338688
1011,625379231856,625385269504,6037648,5320432
1012,625385334576,625390515440,5180864,4357232
1013,625390531568,625395042192,4510624,3686800
1014,625395058464,625399653408,4594944,5611200
1015,625399688016,625405731920,6043904,4093344
1016,625405748048,625411070608,5322560,3642656
1017,625411087184,625417391040,6303856,5198720
1018,625417408000,625422748272,5340272,3893632
1019,625422767520,625427435072,4667552,3737520
1020,625427452032,625434046272,6594240,4760832
1021,625434062800,625439139616,5076816,4227936
1022,625439158160,625443782272,4624112,3624720
1023,625443838896,625449980992,6142096,5609040
1024,625450036752,625454874624,4837872,4042464
1025,625454891712,625459612144,4720432,3597520
1026,625459627584,625465372976,5745392,4968720
1027,625465388576,625470600912,5212336,4069744
1028,625470617792,625475225632,4607840,3368544
1029,625475601024,625481834672,6233648,3795168
1030,625481850912,625486877136,5026224,5510064
1031,625486894864,625491474656,4579792,3707984
1032,625491490864,625497443376,5952512,4066624
1033,625497459952,625502513120,5053168,5165296
1034,625502529152,625506881664,4352512,3970336
1035,625506897728,625511676832,4779104,3765472
1036,625511694112,625518186896,6492784,5128112
1037,625518203376,625522894880,4691504,3775136
1038,625522910928,625527961504,5050576,3891104
1039,625527977872,625534126800,6148928,5315440
1040,625534143088,625539097136,4954048,3909696
1041,625539127200,625543862608,4735408,4046176
1042,625543879072,625549990720,6111648,4813120
1043,625550041008,625554765856,4724848,4722592
1044,625554782000,625559656960,4874960,5274640
1045,625559673504,625565972400,6298896,3964928
1046,625565988672,625570882096,4893424,3481600
1047,625570899376,625575928272,5028896,3692688
1048,625575944496,625581741392,5796896,5149776
1049,625581760576,625587463984,5703408,3822848
1050,625587480640,625593738624,6257984,3711680
1051,625593754800,625598703552,4948752,4977536
1052,625598724224,625603185152,4460928,3991120
1053,625603201536,625607877840,4676304,3630784
1054,625607893920,625614027616,6133696,3717920
1055,625614043728,625618850464,4806736,5094528
1056,625618868944,625623562144,4693200,4005296
1057,625623578112,625629539680,5961568,3646800
1058,625629581824,625634530800,4948976,5842112
1059,625634577664,625639161584,4583920,3552320
1060,625639177616,625643879504,4701888,3085824
1061,625643895552,625649974032,6078480,3713648
1062,625650016144,625654979328,4963184,5082368
1063,625654995824,625659626128,4630304,3862592
1064,625659642064,625666468240,6826176,3560064
1065,625666484816,625671020560,4535744,5182256
1066,625671039248,625675106384,4067136,4433328
1067,625675123936,625679820032,4696096,5830096
1068,625679845536,625685902400,6056864,3976832
1069,625685920688,625690764992,4844304,3855456
1070,625690781680,625695325056,4543376,5137584
1071,625695341440,625701507312,6165872,3865168
1072,625701524144,625706940640,5416496,3939792
1073,625706956976,625713770736,6813760,5302288
1074,625713787008,625718747568,4960560,3921904
1075,625718765296,625723603024,4837728,4057840
1076,625723618992,625729740608,6121616,6277680
1077,625729786672,625734605776,4819104,5467280
1078,625734629520,625739545568,4916048,4185344
1079,625739561776,625745847856,6286080,5595776
1080,625745866704,625750769760,4903056,4533904
1081,625750785984,625755827600,5041616,5900608
1082,625755891376,625763105280,7213904,4400480
1083,625763121520,625769572560,6451040,5729088
1084,625769588448,625774757904,5169456,4041296
1085,625774774416,625781353680,6579264,5534416
1086,625781369920,625786887584,5517664,4909712
1087,625786906288,625793788192,6881904,5044800
1088,625793805120,625799188672,5383552,4170512
1089,625799205104,625805917760,6712656,4454592
1090,625805934640,625810959056,5024416,5798832
1091,625810978352,625817493472,6515120,6044656
1092,625817509248,625823403184,5893936,4283536
1093,625823442240,625829447984,6005744,5464560
1094,625829463808,625834618496,5154688,4464032
1095,625834634656,625840073088,5438432,5634288
1096,625840089520,625846871920,6782400,4238192
1097,625846887808,625853916576,7028768,5681936
1098,625853934288,625859200112,5265824,4201248
1099,625859215200,625865664672,6449472,4110944
1100,625865681248,625871128704,5447456,5664480
1101,625871146832,625877762992,6616160,5247920
1102,625877780160,625883001184,5221024,4948048
1103,625883052416,625889683120,6630704,5674352
1104,625889699392,625894884368,5184976,4414368
1105,625894900720,625899995312,5094592,5827360
1106,625900012816,625906659792,6646976,4379168
1107,625906675904,625912907712,6231808,5905568
1108,625912931744,625918855760,5924016,4858064
1109,625918872464,625925530112,6657648,6160192
1110,625925547952,625930944480,5396528,6088416
1111,625930960928,625937771840,6810912,4356000
1112,625937788496,625943151008,5362512,5423472
1113,625943167744,625950056576,6888832,5080368
1114,625950073040,625955914640,5841600,6158224
1115,625955931888,625963074832,7142944,5726656
1116,625963092144,625970163248,7071104,4774272
1117,625970179472,625975519248,5339776,5233568
1118,625975536032,625981942720,6406688,4746480
1119,625981995520,625988023088,6027568,4927760
1120,625988040080,625995181312,7141232,4628160
1121,625995199008,626001907968,6708960,5576416
1122,626001926560,626007682240,5755680,4771536
1123,626007732592,626013915808,6183216,5088416
1124,626013932368,626019662288,5729920,4791648
1125,626019679312,626025590048,5910736,5384112
1126,626025613936,626031218208,5604272,4679568
1127,626031234992,626037794624,6559632,5552336
1128,626037811408,626043566160,5754752,4386144
1129,626043582608,626049654576,6071968,5312496
1130,626049671344,626055446224,5774880,4262288
1131,626055464336,626061830336,6366000,6089408
1132,626061850912,626067509904,5658992,4713152
1133,626067526416,626074062240,6535824,5840064
1134,626074078832,626079448384,5369552,5963184
1135,626079474544,626085760880,6286336,4270320
1136,626085777488,626091023168,5245680,4280224
1137,626091040240,626098112576,7072336,5711664
1138,626098129824,626103825728,5695904,6432080
1139,626103865152,626110665792,6800640,4421344
1140,626110683392,626117628976,6945584,5083440
1141,626117646544,626122899296,5252752,4700032
1142,626122915824,626128179520,5263696,5512592
1143,626129012304,626134891184,5878880,4700320
1144,626134907712,626142323264,7415552,5914480
1145,626142338752,626147744608,5405856,4191584
1146,626147760640,626153828048,6067408,5829696
1147,626153844288,626159528080,5683792,4371408
1148,626159546720,626166040672,6493952,5797712
1149,626166057568,626171740992,5683424,5756064
1150,626171760464,626178655472,6895008,4294912
1151,626178672624,626183847056,5174432,5760576
1152,626183863248,626190676752,6813504,4228688
1153,626190693456,626196048160,5354704,3933520
1154,626196065680,626202845872,6780192,5340208
1155,626202883168,626209601936,6718768,4526368
1156,626209618400,626214896848,5278448,4953632
1157,626214915456,626221657424,6741968,4122016
1158,626221677088,626226886112,5209024,4173376
1159,626226901744,626231819632,4917888,5314432
1160,626231836384,626238159840,6323456,4541584
1161,626238176752,626243686208,5509456,6251840
1162,626243701776,626249639840,5938064,5602448
1163,626249656096,626254761856,5105760,4120144
1164,626254778032,626259935232,5157200,5292704
1165,626259951824,626266249664,6297840,4784768
1166,626266266864,626271791248,5524384,5510128
1167,626271807712,626279043088,7235376,4082656
1168,626279061392,626285645536,6584144,4594880
1169,626285662352,626290765680,5103328,5591808
1170,626290782064,626297058384,6276320,4092080
1171,626297076144,626302843152,5767008,4816832
1172,626302897584,626309353280,6455696,4372608
1173,626309368912,626314435936,5067024,5984352
1174,626314451280,626320030816,5579536,4211664
1175,626320047520,626326622624,6575104,6089616
1176,626326639376,626331714704,5075328,4021952
1177,626331730880,626337531536,5800656,5162608
1178,626337547760,626342904144,5356384,4423488
1179,626342929984,626349888496,6958512,5259344
1180,626349906912,626355100160,5193248,4547680
1181,626355149744,626362189776,7040032,4238304
1182,626362206912,626367211728,5004816,5651744
1183,626367228256,626373374336,6146080,5507584
1184,626373390976,626378797824,5406848,4886240
1185,626378814528,626385057168,6242640,5888080
1186,626385074192,626390604848,5530656,4318192
1187,626390622848,626395843152,5220304,5820736
1188,626395858768,626402494896,6636128,4136704
1189,626402511408,626409002480,6491072,5958928
1190,626409019872,626414888720,5868848,4259520
1191,626414908656,626421776800,6868144,6233856
1192,626421794208,626427094992,5300784,5472464
1193,626427111840,626433915728,6803888,5248464
1194,626433933024,626439052432,5119408,5840448
1195,626439069296,626446011360,6942064,4498144
1196,626446056080,626451270880,5214800,5275296
1197,626451287712,626458504736,7217024,4286848
1198,626458522016,626464977200,6455184,5905632
1199,626464995952,626471225664,6229712,6611824
1200,626471242624,626478066112,6823488,4106688
1201,626478082272,626483564256,5481984,4232736
1202,626483580448,626489839552,6259104,5760752
1203,626489858352,626495126400,5268048,5147520
1204,626495142768,626502032032,6889264,4925712
1205,626502048976,626509643856,7594880,4234480
1206,626509660928,626514750544,5089616,5987136
1207,626514767488,626519983280,5215792,6022848
1208,626520049936,626526744032,6694096,6019696
1209,626526760752,626532891552,6130800,5080656
1210,626532908624,626538817264,5908640,5959568
1211,626538833280,626544051744,5218464,4146080
1212,626544145200,626551038880,6893680,6067440
1213,626551056512,626558061728,7005216,4339136
1214,626558080096,626565081424,7001328,5344368
1215,626565098704,626571162080,6063376,3999344
1216,626571216208,626578121648,6905440,5964656
1217,626578168976,626583267728,5098752,4189664
1218,626583360672,626590335168,6974496,5568768
1219,626590351344,626595674304,5322960,4197616
1220,626595732512,626602018672,6286160,5975184
1221,626602035648,626607018016,4982368,4956320
1222,626607035728,626613982672,6946944,5794400
1223,626614047632,626619172336,5124704,5481824
1224,626619188624,626625741104,6552480,4820080
1225,626625757648,626630938720,5181072,5051104
1226,626630955424,626637913904,6958480,4719056
1227,626637931904,626643870224,5938320,4412144
1228,626643888400,626650664624,6776224,5904368
1229,626650681392,626657146448,6465056,5899024
1230,626657162784,626662966528,5803744,4278496
1231,626663019088,626669017632,5998544,5677840
1232,626669033680,626674736688,5703008,4846112
1233,626674752848,626680148832,5395984,5191968
1234,626681096528,626687053200,5956672,4146496
1235,626687069744,626693952224,6882480,5659696
1236,626693995600,626699230720,5235120,4226176
1237,626699246016,626705908560,6662544,5613120
1238,626705924832,626711754672,5829840,4958960
1239,626711771024,626717946640,6175616,5395152
1240,626717963520,626723093136,5129616,4430240
1241,626723109600,626729752832,6643232,5625328
1242,626729769424,626734979008,5209584,4348096
1243,626734995504,626741592128,6596624,5822848
1244,626741608416,626747551088,5942672,5884624
1245,626747649968,626753946240,6296272,4949264
1246,626753990048,626759376480,5386432,5739312
1247,626759393456,626766001808,6608352,4246912
1248,626766027536,626771349904,5322368,5191984
1249,626771366000,626778172752,6806752,4478512
1250,626778199632,626785057376,6857744,4264384
1251,626785074304,626791006640,5932336,5745024
1252,626791032192,626797745952,6713760,5213008
1253,626797762912,626802992864,5229952,5025088
1254,626803010560,626809184848,6174288,5989168
1255,626809200624,626814663360,5462736,4614544
1256,626814678768,626819927744,5248976,5166912
1257,626820000496,626826672768,6672272,4289632
1258,626826689024,626832885776,6196752,5808896
1259,626832901952,626838910864,6008912,4145984
1260,626838926960,626845900032,6973072,5764080
1261,626845918160,626851514576,5596416,4195584
1262,626851531536,626857681488,6149952,6156848
1263,626857708224,626862971120,5262896,4190560
1264,626863017440,626869780016,6762576,5545984
1265,626869797120,626874926000,5128880,4963728
1266,626874942464,626881690080,6747616,5141984
1267,626881749808,626886885664,5135856,4161872
1268,626886907488,626894042512,7135024,6079184
1269,626894059344,626899233072,5173728,4518144
1270,626899319696,626905779056,6459360,5559664
1271,626905795904,626911742784,5946880,4144176
1272,626911759328,626917884768,6125440,5448944
1273,626917902512,626923046640,5144128,3824224
1274,626923062784,626930125824,7063040,5349520
1275,626930165808,626935643968,5478160,5153088
1276,626935660432,626942203632,6543200,5641488
1277,626942220144,626947347808,5127664,4259856
1278,626947364720,626953796752,6432032,5862880
1279,626953812448,626958620976,4808528,4222192
1280,626958636960,626964970496,6333536,5428176
1281,626964986384,626971123584,6137200,4580576
1282,626971140448,626977765072,6624624,5301232
1283,626977782096,626983024928,5242832,4066704
1284,626983042048,626989887808,6845760,5046976
1285,626989934560,626995110000,5175440,4763600
1286,626995137168,627001538176,6401008,7413632
1287,627001574640,627013855168,12280528,7111888
1288,627013871584,627019435744,5564160,6189312
1289,627019453200,627025736976,6283776,6747936
1290,627025756800,627030803680,5046880,6835440
1291,627030831824,627036850656,6018832,6258672
1292,627036905520,627042614256,5708736,5289984
1293,627042633584,627051027888,8394304,6081936
1294,627051046592,627059139776,8093184,6553328
1295,627059157120,627066329088,7171968,6566944
1296,627066346544,627074077024,7730480,6291392
1297,627074094864,627081912464,7817600,5912624
1298,627081929440,627089171136,7241696,6080672
1299,627089187008,627095461120,6274112,6200752
1300,627095478352,627102543056,7064704,4186944
1301,627102591136,627110096384,7505248,6113248
1302,627110113456,627117663328,7549872,4547296
1303,627117680192,627124954720,7274528,5604368
1304,627124971632,627131867344,6895712,4268080
1305,627131885600,627138948016,7062416,5778352
1306,627139018576,627146148768,7130192,6263824
1307,627146235744,627151335712,5099968,4989408
1308,627151351824,627158448960,7097136,6026160
1309,627158465536,627163996256,5530720,5801904
1310,627164012752,627170600624,6587872,4075648
1311,627170618624,627175868704,5250080,5107488
1312,627175884816,627182647056,6762240,4855600
1313,627182664416,627189910880,7246464,5948512
1314,627189927696,627195900288,5972592,4216304
1315,627195916208,627202926448,7010240,5664480
1316,627202942704,627209728352,6785648,4169472
1317,627209744896,627214804000,5059104,5316448
1318,627214860592,627220911488,6050896,4732752
1319,627220928032,627226767088,5839056,5805920
1320,627226783728,627233715600,6931872,4428736
1321,627233732288,627238931904,5199616,6048656
1322,627238948624,627245596384,6647760,4346048
1323,627245614512,627250765856,5151344,4973040
1324,627250783008,627257082304,6299296,4389264
1325,627257100528,627262815056,5714528,5726768
1326,627262831616,627269620976,6789360,4959328
1327,627269638592,627275049712,5411120,5713072
1328,627275066240,627282098368,7032128,4407360
1329,627282114768,627287444416,5329648,5053104
1330,627287461360,627293417456,5956096,4561408
1331,627293433392,627298806720,5373328,5354800
1332,627298822848,627305533488,6710640,3985712
1333,627305550512,627311492816,5942304,4374672
1334,627311509696,627318205888,6696192,5883664
1335,627318222304,627323613248,5390944,5832432
1336,627323630032,627329666352,6036320,4271344
1337,627329683328,627335227760,5544432,6141760
1338,627335267520,627341582560,6315040,4642112
1339,627341601424,627346568272,4966848,5879376
1340,627346604448,627351942944,5338496,4503360
1341,627351986624,627358826608,6839984,5920448
1342,627358881632,627365659040,6777408,5893344
1343,627365675616,627370930384,5254768,3878208
1344,627370946848,627378072144,7125296,5217904
1345,627378088816,627383714256,5625440,5004272
1346,627383732528,627390593632,6861104,5744848
1347,627390623936,627396096992,5473056,4164624
1348,627396896208,627403017440,6121232,5392336
1349,627403034592,627409910784,6876192,4744592
1350,627409927872,627414788992,4861120,6560208
1351,627414804784,627421006896,6202112,4310064
1352,627421032096,627427011168,5979072,6245024
1353,627427027536,627433756016,6728480,5868944
1354,627433772448,627438920640,5148192,4927344
1355,627438936976,627445312976,6376000,5556912
1356,627445355984,627451057568,5701584,5476512
1357,627451074160,627458617776,7543616,5521152
1358,627458662576,627463927840,5265264,5075152
1359,627463945184,627471172864,7227680,4488944
1360,627471199632,627478041808,6842176,6104560
1361,627478060896,627483969152,5908256,3933136
1362,627483985792,627490526064,6540272,5477920
1363,627490542336,627497002576,6460240,4622592
1364,627497057184,627503523728,6466544,5828128
1365,627503540368,627509598880,6058512,4084416
1366,627509615376,627515087824,5472448,5999056
1367,627515132576,627522192384,7059808,4814624
1368,627522208416,627527125520,4917104,5567360
1369,627527150704,627533603440,6452736,5374816
1370,627533620080,627539226032,5605952,5020944
1371,627539285680,627546054160,6768480,6025024
1372,627546071744,627551138576,5066832,4850608
1373,627551188864,627558137632,6948768,5518432
1374,627558178672,627563952256,5773584,4776000
1375,627563969552,627570519616,6550064,5697616
1376,627570536656,627576894432,6357776,5723728
1377,627576910768,627582915376,6004608,4296176
1378,627582932256,627589940400,7008144,4271328
1379,627589956896,627595791008,5834112,5698016
1380,627595807392,627602309440,6502048,5659056
1381,627602326032,627608085440,5759408,4580176
1382,627608101920,627614783056,6681136,6191456
1383,627614800080,627621506784,6706704,4405488
1384,627621525680,627626802960,5277280,5165712
1385,627626819264,627632074288,5255024,4102832
1386,627632090432,627638772304,6681872,5652928
1387,627638788752,627645431360,6642608,4360336
1388,627645495456,627651011536,5516080,6032272
1389,627651028272,627658202992,7174720,4568432
1390,627658219696,627663608480,5388784,5455072
1391,627663625616,627669774192,6148576,4184944
1392,627669791760,627674877024,5085264,5537024
1393,627674893440,627681529952,6636512,4199040
1394,627681546576,627686890288,5343712,6052944
1395,627686907760,627693922560,7014800,4116928
1396,627693938528,627699490992,5552464,5722016
1397,627699507152,627705946064,6438912,4175792
1398,627706010656,627711131008,5120352,5925440
1399,627711150304,627717668032,6517728,3624736
1400,627717685216,627722867072,5181856,5399984
1401,627722882864,627729920016,7037152,5034400
1402,627729936672,627735036944,5100272,4156272
1403,627735063152,627741758960,6695808,5947472
1404,627741775680,627746934752,5159072,6118384
1405,627746951072,627753860192,6909120,5816864
1406,627753893984,627758484928,4590944,4931408
1407,627758500032,627764884912,6384880,6026832
1408,627764900272,627770919312,6019040,4187792
1409,627770936256,627776075584,5139328,5557040
1410,627776091760,627783023056,6931296,4498464
1411,627783039536,627790141440,7101904,6892960
1412,627790158480,627796958304,6799824,5607312
1413,627796975184,627802889712,5914528,4415152
1414,627802905968,627809916544,7010576,5904224
1415,627809933104,627815104336,5171232,4897552
1416,627815120912,627821661376,6540464,6030800
1417,627821677888,627827159840,5481952,4156896
1418,627827249200,627835052800,7803600,5560816
1419,627835069104,627841660112,6591008,5293072
1420,627841675504,627847075264,5399760,5166032
1421,627847091888,627853979488,6887600,5584896
1422,627853995824,627859877040,5881216,4492240
1423,627859894128,627866907840,7013712,6025216
1424,627866924304,627872064736,5140432,4419456
1425,627872081536,627878625552,6544016,4898368
1426,627878642928,627884918624,6275696,4243200
1427,627884935248,627891084656,6149408,5312288
1428,627891101088,627897669552,6568464,4905648
1429,627897685952,627903161792,5475840,5947648
1430,627903178096,627910187008,7008912,4188240
1431,627910204464,627915606464,5402000,5896224
1432,627915621952,627921504832,5882880,4231888
1433,627921521744,627926748032,5226288,6006784
1434,627926763248,627933060320,6297072,4347488
1435,627933087952,627938965968,5878016,5193248
1436,627938982208,627945913616,6931408,4372144
1437,627945930688,627951101856,5171168,5583744
1438,627951118480,627957998080,6879600,4819472
1439,627958024832,627963229968,5205136,5210464
1440,627963245264,627970236752,6991488,4610800
1441,627970324256,627975584240,5259984,5394880
1442,627975601168,627981777488,6176320,4133280
1443,627981794032,627987149632,5355600,5169968
1444,627987166496,627993733376,6566880,5121648
1445,627993790624,627999552848,5762224,6011952
1446,627999600112,628005763312,6163200,4807312
1447,628005779680,628011374112,5594432,5885296
1448,628011390096,628017768992,6378896,5568560
1449,628017785376,628022902272,5116896,4336032
1450,628022918560,628029072240,6153680,5989024
1451,628029093472,628035193888,6100416,4391952
1452,628035211888,628042205840,6993952,5968944
1453,628042222880,628048013152,5790272,4379552
1454,628048030384,628054898448,6868064,5148832
1455,628054915552,628061467008,6551456,4259696
1456,628061482832,628066803040,5320208,4084352
1457,628066819312,628073792064,6972752,5814960
1458,628073808080,628079184016,5375936,5366992
1459,628079201664,628086152960,6951296,4800992
1460,628086173712,628091532512,5358800,6075456
1461,628091548480,628097681344,6132864,4440816
1462,628097697040,628102941040,5244000,5632352
1463,628102956736,628108025392,5068656,4623728
1464,628108040864,628114840352,6799488,5884480
1465,628114856800,628121207344,6350544,3953696
1466,628121222784,628127008336,5785552,5160464
1467,628127028528,628134083792,7055264,4140640
1468,628134100656,628139524608,5423952,6500352
1469,628139541072,628146156960,6615888,4180528
1470,628146174480,628151780688,5606208,5352896
1471,628151799120,628158665168,6866048,4412112
1472,628158682416,628163618864,4936448,5076288
1473,628163638736,628169779328,6140592,4426192
1474,628169794880,628174919968,5125088,5056528
1475,628174936560,628182420320,7483760,4437584
1476,628182476304,628187600848,5124544,4191104
1477,628187616976,628193953744,6336768,5133472
1478,628193969072,628199365856,5396784,4320208
1479,628199381360,628205442144,6060784,4051984
1480,628205469776,628210868336,5398560,5408176
1481,628210883648,628216924864,6041216,4198336
1482,628216940000,628222362448,5422448,5544688
1483,628222378000,628227553552,5175552,3943760
1484,628227618704,628233687024,6068320,5550064
1485,628233702448,628239007232,5304784,4249712
1486,628239024144,628244059216,5035072,5944256
1487,628244075392,628250467392,6392000,4055600
1488,628250482960,628255665728,5182768,5504608
1489,628255681984,628262210416,6528432,4457552
1490,628262227376,628267154176,4926800,4097616
1491,628267169824,628273704240,6534416,5764880
1492,628273781744,628278953952,5172208,4255440
1493,628278970384,628285898208,6927824,5445856
1494,628285913280,628290953808,5040528,4355424
1495,628290993584,628297458416,6464832,6161584
1496,628297474416,628302915968,5441552,4092848
1497,628302931360,628308013584,5082224,5306144
1498,628308028976,628314778464,6749488,4544432
1499,628314794576,628320033904,5239328,5615040
1500,628320051360,628326479760,6428400,4346432
1501,628326496544,628331835184,5338640,5410384
1502,628331852224,628338996768,7144544,4245344
1503,628339014480,628344089616,5075136,5464112
1504,628344921904,628350395760,5473856,4426928
1505,628350454096,628355940192,5486096,5140912
1506,628355955680,628362555232,6599552,5048848
1507,628362626368,628367901664,5275296,4903488
1508,628367917440,628374312048,6394608,4676416
1509,628374327696,628379557392,5229696,5873872
1510,628379604320,628386021504,6417184,4257696
1511,628386037696,628391448432,5410736,5071168
1512,628391463856,628397589344,6125488,4452992
1513,628397604608,628403638192,6033584,5732864
1514,628403653392,628409541680,5888288,4296432
1515,628409594080,628415218096,5624016,6037696
1516,628415233888,628422091968,6858080,4339632
1517,628422108240,628427349664,5241424,5336640
1518,628427365968,628433420832,6054864,3946976
1519,628433437072,628438873824,5436752,4082640
1520,628438890592,628445606688,6716096,4812032
1521,628445626624,628450903120,5276496,4262496
1522,628450920192,628457940816,7020624,5255264
1523,628457956464,628463280448,5323984,4849120
1524,628463296320,628469617088,6320768,6048512
1525,628469632480,628474564064,4931584,4261648
1526,628474587776,628479646704,5058928,5229632
1527,628479661872,628485458736,5796864,4582416
1528,628485474304,628490721232,5246928,5399008
1529,628490737248,628496976496,6239248,5190752
1530,628496997488,628502825616,5828128,5285568
1531,628502841680,628509874128,7032448,4210448
1532,628509890800,628515135776,5244976,5509040
1533,628515163696,628521365408,6201712,4356368
1534,628521381776,628526947824,5566048,5662016
1535,628526963504,628533346832,6383328,4237248
1536,628533362608,628539537584,6174976,5260416
1537,628539553744,628545823152,6269408,5269776
1538,628545839392,628551033600,5194208,6451584
1539,628551049376,628557542640,6493264,5717104
1540,628557558672,628562899008,5340336,4570224
1541,628562915184,628569561024,6645840,5614064
1542,628569606192,628574798272,5192080,4278016
1543,628574814416,628581058688,6244272,5996960
1544,628581075024,628587328464,6253440,4634944
1545,628587344064,628594780048,7435984,5176416
1546,628594796464,628601497152,6700688,3974832
1547,628601513952,628607067376,5553424,5616464
1548,628607083552,628613681440,6597888,4561856
1549,628613697648,628618959456,5261808,5353408
1550,628618976416,628625956416,6980000,4564144
1551,628626003136,628631591360,5588224,3840976
1552,628631609680,628637767776,6158096,4917264
1553,628637783408,628642742608,4959200,4408192
1554,628642758624,628649359072,6600448,5620368
1555,628649375104,628654920928,5545824,4476480
1556,628654937264,628661274336,6337072,4898288
1557,628661359488,628666838480,5478992,4614816
1558,628666854128,628671679456,4825328,4276560
1559,628671741920,628677596720,5854800,5657840
1560,628677644544,628683004912,5360368,5326624
1561,628683021296,628689625280,6603984,5096160
1562,628689641808,628695101760,5459952,4945632
1563,628695118096,628701000048,5881952,4988976
1564,628701015360,628706614864,5599504,5398080
1565,628706631152,628711891424,5260272,4642784
1566,628711906944,628718549264,6642320,5107552
1567,628718594192,628724875888,6281696,4813696
1568,628724893152,628730972048,6078896,3804240
1569,628731016928,628736917680,5900752,5338576
1570,628736934192,628742906656,5972464,4519744
1571,628742923328,628749304736,6381408,5361808
1572,628749321376,628754947520,5626144,4093312
1573,628754964560,628761055072,6090512,5740832
1574,628761082352,628766868768,5786416,4124224
1575,628766885488,628771673008,4787520,5221328
1576,628771688480,628778011584,6323104,4322672
1577,628778026768,628783531328,5504560,5318784
1578,628783547792,628789893136,6345344,4730784
1579,628789910000,628794986448,5076448,4668288
1580,628795044032,628801727280,6683248,5803712
1581,628801742832,628806851504,5108672,5570128
1582,628806905936,628813072832,6166896,4010080
1583,628813089360,628818395504,5306144,4371920
1584,628818449328,628824714288,6264960,5803232
1585,628824730880,628830445072,5714192,4245392
1586,628830510288,628836113360,5603072,5549280
1587,628836174160,628842917072,6742912,5280800
1588,628842934224,628849487200,6552976,4997200
1589,628849504208,628854497280,4993072,5733408
1590,628854513360,628859869200,5355840,4436864
1591,628859886896,628866672432,6785536,5614400
1592,628866689104,628871917824,5228720,4543152
1593,628871934320,628878467104,6532784,5971040
1594,628878483744,628884747904,6264160,4843264
1595,628884766560,628890745104,5978544,5491776
1596,628890761952,628897478512,6716560,4406736
1597,628897495504,628902915376,5419872,5388880
1598,628902931936,628909529776,6597840,4240016
1599,628909546400,628915072928,5526528,4977792
1600,628915089648,628922043968,6954320,4512400
1601,628922060576,628927887232,5826656,5597104
1602,628927903792,628934379008,6475216,4109456
1603,628934395648,628939785744,5390096,5586304
1604,628939802208,628946174624,6372416,4678464
1605,628946191248,628951414640,5223392,5020720
1606,628951431024,628957392432,5961408,4870256
1607,628957409072,628962904832,5495760,5240544
1608,628962921248,628969501936,6580688,4759744
1609,628969518304,628974611392,5093088,5682896
1610,628974627968,628981197696,6569728,4292736
1611,628981214528,628986876160,5661632,4216752
1612,628986892528,628992896880,6004352,5684000
1613,628992913072,628998767136,5854064,5983248
1614,628998783472,629005007680,6224208,4272464
1615,629005030784,629010767424,5736640,5996304
1616,629010784064,629017450320,6666256,5459616
1617,629017521472,629022743056,5221584,4846432
1618,629022759760,629027959808,5200048,6429152
1619,629027985152,629034643808,6658656,4815280
1620,629034660352,629041627056,6966704,6040832
1621,629041643520,629046899520,5256000,4328352
1622,629046915856,629053895824,6979968,5819040
1623,629053912384,629066476320,12563936,4349120
1624,629066493328,629072935936,6442608,4947328
1625,629072953552,629078782368,5828816,4664912
1626,629078832592,629086211520,7378928,4027776
1627,629086228496,629092026800,5798304,5816160
1628,629092044352,629110709616,18665264,4337872
1629,629110742432,629117750448,7008016,5584256
1630,629117767904,629123078800,5310896,4058272
1631,629123095632,629129897840,6802208,5211008
1632,629129915728,629135246960,5331232,4426336
1633,629135322448,629141194288,5871840,5315280
1634,629141212880,629146859200,5646320,4379792
1635,629146874480,629151886976,5012496,5804192
1636,629151903168,629158703136,6799968,4040528
1637,629158719376,629164041008,5321632,6173120
1638,629164057120,629170625264,6568144,4523104
1639,629170641856,629175683536,5041680,5198688
1640,629175736112,629181894544,6158432,4138800
1641,629181944032,629187320880,5376848,5523520
1642,629187337808,629193636160,6298352,4336528
1643,629193652752,629199015952,5363200,5373392
1644,629199032608,629205820144,6787536,4913264
1645,629205875424,629210860672,4985248,5930992
1646,629210877440,629218033792,7156352,4236528
1647,629218051680,629223556896,5505216,6067008
1648,629223582560,629229755584,6173024,4719040
1649,629229772464,629234894384,5121920,5736352
1650,629234910720,629241417904,6507184,5446592
1651,629241471792,629246754432,5282640,4715632
1652,629246771504,629253127824,6356320,6143344
1653,629253144016,629259041088,5897072,4748352
1654,629259057152,629265972080,6914928,4964832
1655,629266014320,629271208608,5194288,4296288
1656,629271225120,629278275616,7050496,5441792
1657,629278291648,629283994656,5703008,4082960
1658,629284013568,629290731008,6717440,4532240
1659,629290748928,629297177600,6428672,5613472
1660,629297194352,629302893232,5698880,4239680
1661,629302909568,629310036576,7127008,5544288
1662,629310054816,629315784928,5730112,4356144
1663,629315801024,629321749760,5948736,5237056
1664,629321767984,629327046048,5278064,4263744
1665,629327062208,629333487840,6425632,5590448
1666,629333504048,629338570800,5066752,4150736
1667,629338609840,629344103040,5493200,6062288
1668,629345070816,629350716512,5645696,4534272
1669,629350749344,629355956192,5206848,8438592
1670,629356011328,629362500480,6489152,4668560
1671,629362516992,629367856624,5339632,4060912
1672,629367873168,629374093680,6220512,5748160
1673,629374151472,629379357424,5205952,4272160
1674,629379374032,629385947872,6573840,5752624
1675,629385965040,629391098608,5133568,4297776
1676,629391124656,629398160896,7036240,5804336
1677,629398177408,629403695168,5517760,5783296
1678,629403711456,629413133760,9422304,4839264
1679,629413153520,629418802320,5648800,5680928
1680,629418819248,629423863232,5043984,4819872
1681,629423879616,629430611392,6731776,5311312
1682,629430627856,629435883552,5255696,4460144
1683,629435899888,629442636176,6736288,5241728
1684,629442653024,629447933952,5280928,4440400
1685,629447949376,629454738288,6788912,5125808
1686,629454754736,629461521584,6766848,4471536
1687,629461538368,629467360848,5822480,5913568
1688,629467377392,629474041776,6664384,4243264
1689,629474059776,629479861648,5801872,5670048
1690,629479878368,629486172960,6294592,3922688
1691,629486189600,629491633104,5443504,6510768
1692,629491648368,629497874832,6226464,4608896
1693,629497891168,629503315232,5424064,5383152
1694,629503331456,629509441040,6109584,3994080
1695,629509457904,629514912576,5454672,6140704
1696,629514929200,629521826144,6896944,4579328
1697,629521876864,629527069408,5192544,5450176
1698,629527088336,629533739456,6651120,4701184
1699,629533766496,629538662144,4895648,5529488
1700,629538678576,629546172912,7494336,4266496
1701,629546191376,629551781808,5590432,5682624
1702,629551834160,629558164960,6330800,4358592
1703,629558181936,629563159040,4977104,5020912
1704,629563177984,629570299744,7121760,4191568
1705,629570342368,629575879072,5536704,4353440
1706,629575895168,629582329248,6434080,5258560
1707,629582345440,629597905696,15560256,4463872
1708,629597921424,629603606880,5685456,5266432
1709,629603652416,629610136368,6483952,4080000
1710,629610155264,629615402864,5247600,6014608
1711,629615421280,629622085488,6664208,4388496
1712,629622102048,629627444080,5342032,6298736
1713,629627461136,629633464992,6003856,5965248
1714,629633481376,629638656560,5175184,4427024
1715,629638672464,629644010000,5337536,5708064
1716,629644025888,629650268560,6242672,4161312
1717,629650285344,629655732432,5447088,6748752
1718,629655779968,629661998864,6218896,5724496
1719,629662016848,629667078864,5062016,4301856
1720,629667095008,629674093472,6998464,5089120
1721,629674152592,629679481968,5329376,5022928
1722,629679512336,629686780704,7268368,5742992
1723,629686837328,629693745952,6908624,5236928
1724,629693762848,629699172976,5410128,5219360
1725,629699194480,629705881040,6686560,4608816
1726,629705899248,629711042352,5143104,5022544
1727,629711058816,629718791104,7732288,3911040
1728,629718808272,629725515600,6707328,4151488
1729,629725532160,629730817456,5285296,5659088
1730,629730834032,629736906576,6072544,4355328
1731,629736925920,629742929504,6003584,5685152
1732,629742945952,629749672496,6726544,6377600
1733,629749689760,629755909424,6219664,4422320
1734,629755925616,629762128784,6203168,6373552
1735,629762188592,629767737600,5549008,6209648
1736,629767752992,629773760144,6007152,4251024
1737,629773783280,629778671184,4887904,5612736
1738,629778722736,629783822672,5099936,4299520
1739,629783839632,629790481760,6642128,5932432
1740,629790498768,629795837088,5338320,4464528
1741,629795854880,629802522240,6667360,4967792
1742,629802539008,629809899840,7360832,4263264
1743,629809916096,629815322160,5406064,6302928
1744,629815340176,629822695712,7355536,4538160
1745,629822712864,629829905360,7192496,5231952
1746,629829921808,629835156384,5234576,4266656
1747,629835228192,629841769120,6540928,6034624
1748,629841786080,629847068640,5282560,4177584
1749,629847085136,629854001072,6915936,6226992
1750,629854072816,629859465600,5392784,4611808
1751,629859481872,629865433392,5951520,5468496
1752,629865449552,629870696656,5247104,6120720
1753,629870755536,629877999584,7244048,4377216
1754,629878017904,629883537744,5519840,5637616
1755,629883553824,629889769696,6215872,4529744
1756,629889785920,629895036352,5250432,5872352
1757,629895053712,629902070976,7017264,4256720
1758,629902087248,629907248560,5161312,5961376
1759,629907263600,629914475552,7211952,4552736
1760,629914490560,629920087360,5596800,5511648
1761,629920105376,629926555856,6450480,4344736
1762,629926572224,629933676576,7104352,5054368
1763,629933693216,629939053792,5360576,4479360
1764,629939071424,629945691408,6619984,5877344
1765,629945708768,629951221152,5512384,5978448
1766,629951238256,629958093504,6855248,4678528
1767,629958110608,629963350224,5239616,4887280
1768,629963366864,629970311600,6944736,6665040
1769,629970360944,629975864336,5503392,5805824
1770,629975880352,629982375984,6495632,4340768
1771,629982392720,629987720720,5328000,6569888
1772,629987738368,629993775088,6036720,5965216
1773,629993791712,629999254448,5462736,4505424
1774,629999270624,630006131792,6861168,6149792
1775,630006185024,630013110240,6925216,4624272
1776,630013127328,630018788768,5661440,5836928
1777,630018805008,630029500576,10695568,5914624
1778,630029516320,630035387856,5871536,4373040
1779,630035423424,630043052896,7629472,5993696
1780,630043069840,630049858720,6788880,4613136
1781,630049876096,630055199488,5323392,5766016
1782,630055216416,630062769376,7552960,4407216
1783,630062786688,630069734592,6947904,5844912
1784,630069751744,630075240016,5488272,6139744
1785,630075295360,630082389808,7094448,4426016
1786,630082406272,630088014080,5607808,6156448
1787,630088033312,630094851008,6817696,5897168
1788,630094867312,630101765632,6898320,4713024
1789,630101782160,630107138672,5356512,5770480
1790,630107158016,630114132368,6974352,4645488
1791,630114149232,630119745504,5596272,6141216
1792,630119762192,630126511520,6749328,6112544
1793,630126528976,630131918736,5389760,4349760
1794,630131936784,630138763648,6826864,6322928
1795,630138780160,630145903392,7123232,4722448
1796,630145919840,630151329408,5409568,5714704
1797,630151345440,630158485856,7140416,6202352
1798,630158501888,630165383024,6881136,4453536
1799,630165399152,630171096048,5696896,5357200
1800,630171112752,630177866528,6753776,4050816
1801,630177882992,630183512016,5629024,6598256
1802,630183529088,630190653232,7124144,4199072
1803,630190711984,630197765776,7053792,5129200
1804,630197783504,630203115536,5332032,4261664
1805,630203132608,630210438464,7305856,5944432
1806,630210458448,630216160912,5702464,4452000
1807,630216931200,630222875616,5944416,5396704
1808,630222892304,630230077968,7185664,4018064
1809,630230094688,630235531504,5436816,5812832
1810,630235580048,630241888704,6308656,3998032
1811,630241903536,630246939520,5035984,5724656
1812,630246954416,630254537776,7583360,4398992
1813,630254554096,630259736848,5182752,5342896
1814,630259753824,630265866048,6112224,4444912
1815,630265882016,630271127712,5245696,4376976
1816,630271143440,630278072144,6928704,5901360
1817,630278088368,630283524144,5435776,6145168
1818,630283540256,630289920848,6380592,4275840
1819,630289935968,630294938912,5002944,5545872
1820,630294953984,630301751744,6797760,4149008
1821,630301766992,630306749776,4982784,5672816
1822,630306765296,630313474432,6709136,4331696
1823,630313491728,630318873424,5381696,5943584
1824,630318889792,630325216320,6326528,4488464
1825,630325231904,630330661232,5429328,5511888
1826,630330677456,630336038208,5360752,4607568
1827,630336053328,630342939568,6886240,5288048
1828,630342955728,630350084736,7129008,4121744
1829,630350100672,630355360576,5259904,6403888
1830,630355375664,630361906448,6530784,5768256
1831,630361921888,630367055456,5133568,4510176
1832,630367071040,630373728272,6657232,4135200
1833,630373743376,630379059968,5316592,5782096
1834,630379076512,630386003552,6927040,4233584
1835,630386060608,630391492016,5431408,5845120
1836,630391508224,630398003904,6495680,5953472
1837,630398052016,630403611472,5559456,4531840
1838,630403628384,630409899520,6271136,5730992
1839,630409917072,630415021264,5104192,4560304
1840,630415041088,630422425152,7384064,4999472
1841,630422442256,630429193408,6751152,4304496
1842,630429238512,630434703584,5465072,5876544
1843,630434719104,630439838784,5119680,4872224
1844,630439855280,630446620880,6765600,5467600
1845,630446637744,630451854464,5216720,4627504
1846,630451870144,630458699584,6829440,5729840
1847,630458715504,630465653056,6937552,4352576
1848,630465669424,630471184896,5515472,5342256
1849,630471201408,630477915888,6714480,4431232
1850,630477932240,630483476192,5543952,5033856
1851,630483493904,630489475664,5981760,7023456
1852,630489492048,630494780160,5288112,4363328
1853,630494796368,630501656704,6860336,5838416
1854,630501676368,630507528928,5852560,4660528
1855,630507552112,630513996528,6444416,5275968
1856,630514013232,630519624032,5610800,4348480
1857,630519640432,630526353872,6713440,6122640
1858,630526371616,630531706448,5334832,4499008
1859,630531733840,630538048704,6314864,5638336
1860,630538064848,630543479936,5415088,4684224
1861,630543496576,630549513792,6017216,5873968
1862,630549556624,630557537248,7980624,5825312
1863,630557557488,630562900576,5343088,4662448
1864,630562916976,630569738992,6822016,5680880
1865,630569757936,630575399520,5641584,4253872
1866,630575453888,630581675488,6221600,5339824
1867,630581691872,630587023968,5332096,4255936
1868,630587056704,630594146608,7089904,5665056
1869,630594225248,630599645616,5420368,4163168
1870,630599662016,630606283952,6621936,6006208
1871,630606300208,630611968176,5667968,4450816
1872,630612037152,630618842144,6804992,6502336
1873,630618858544,630625667456,6808912,5988592
1874,630625683712,630631329904,5646192,4671152
1875,630631357136,630638010784,6653648,5389184
1876,630638027472,630643264656,5237184,4223632
1877,630643332416,630649604480,6272064,5555744
1878,630649620832,630654860416,5239584,4297104
1879,630654876192,630661525472,6649280,4237424
1880,630661543696,630666688640,5144944,5501760
1881,630666705264,630673694848,6989584,4357104
1882,630673710704,630679145664,5434960,5877200
1883,630679253072,630686648000,7394928,6607712
1884,630686664288,630693636592,6972304,4700704
1885,630693653296,630699307744,5654448,5715808
1886,630699325376,630705696928,6371552,6137552
1887,630705713568,630710920560,5206992,4747024
1888,630710935696,630717476304,6540608,5193760
1889,630717502816,630722773408,5270592,5072240
1890,630722790176,630728010832,5220656,5928432
1891,630728027696,630734512592,6484896,5498688
1892,630734528976,630739869696,5340720,4565680
1893,630739885760,630746746896,6861136,5944256
1894,630746769488,630754354608,7585120,4314256
1895,630754370368,630760055312,5684944,6079440
1896,630760071840,630766771120,6699280,5780384
1897,630766787888,630773908672,7120784,4737952
1898,630773925568,630779655696,5730128,5805920
1899,630779672560,630785849456,6176896,4444816
1900,630785909840,630791921696,6011856,5771040
1901,630791938368,630798850128,6911760,4284656
1902,630798909456,630805348816,6439360,5932976
1903,630805365280,630810914496,5549216,4723152
1904,630810932576,630817858752,6926176,5233024
1905,630817874640,630823173008,5298368,4511424
1906,630823199488,630830252448,7052960,5061632
1907,630830268944,630837032832,6763888,4303360
1908,630837049664,630842770784,5721120,5791600
1909,630842787312,630849576704,6789392,4410352
1910,630849593088,630855021520,5428432,5842432
1911,630855037104,630861792560,6755456,4167136
1912,630861808784,630867077216,5268432,6106736
1913,630867093520,630874010192,6916672,4376160
1914,630874028464,630879733344,5704880,5083520
1915,630879749488,630885966368,6216880,4440896
1916,630886012800,630891477792,5464992,5835792
1917,630891493808,630897539424,6045616,4291840
1918,630897555472,630902842784,5287312,5995600
1919,630902888960,630909634384,6745424,4217072
1920,630909650912,630915044736,5393824,5616672
1921,630915060720,630921887168,6826448,4292688
1922,630921903360,630927054304,5150944,5361328
1923,630927070144,630934161040,7090896,4500528
1924,630934179392,630939537200,5357808,5698992
1925,630939554752,630945620720,6065968,4086640
1926,630945636688,630951061616,5424928,5713328
1927,630951077008,630957897408,6820400,4333632
1928,630957913712,630963189248,5275536,5636416
1929,630963205488,630970184848,6979360,4872480
1930,630970201568,630975401920,5200352,5213280
1931,630975444976,630982018592,6573616,4374832
1932,630982035408,630987311280,5275872,6038176
1933,630987364528,630993672608,6308080,4308480
1934,630993726320,630999173136,5446816,5283104
1935,630999191184,631005872128,6680944,4173184
1936,631005888448,631010958768,5070320,6267376
1937,631011015920,631017672096,6656176,4731120
1938,631017688272,631023005728,5317456,5227840
1939,631023035088,631029642144,6607056,3897872
1940,631029658336,631035514624,5856288,6042544
1941,631035530736,631041727904,6197168,4606112
1942,631041747600,631047102736,5355136,5989104
1943,631047118752,631054140912,7022160,4696560
1944,631054239152,631059449392,5210240,7046080
1945,631059468384,631065732496,6264112,6142784
1946,631065748016,631070905680,5157664,6977824
1947,631070921008,631078173056,7252048,6857904
1948,631078189248,631083904176,5714928,6753184
1949,631083920704,631090132016,6211312,6587376
1950,631090172192,631095029888,4857696,4394160
1951,631095049168,631102072432,7023264,6963312
1952,631102089456,631113554256,11464800,5925104
1953,631113570224,631119160368,5590144,6015840
1954,631119184720,631126149472,6964752,6476784
1955,631126166784,631131846032,5679248,5441264
1956,631131862432,631139892112,8029680,6229488
1957,631139910144,631147034896,7124752,6977312
1958,631147052160,631155012720,7960560,6006640
1959,631155029184,631162870624,7841440,5185328
1960,631162887760,631170623808,7736048,6569136
1961,631170641808,631178211184,7569376,8447792
1962,631178226816,631183605344,5378528,4868416
1963,631183621040,631191568656,7947616,5363952
1964,631191607872,631198493760,6885888,4790576
1965,631198509360,631205509600,7000240,5243248
1966,631205526272,631212986384,7460112,4515504
1967,631213003168,631219427648,6424480,5314384
1968,631219444112,631226657136,7213024,4806032
1969,631226673856,631234634448,7960592,6308624
1970,631234651856,631241641088,6989232,4555840
1971,631241657632,631247826416,6168784,5250256
1972,631247882672,631255395552,7512880,3770832
1973,631255429408,631264843344,9413936,4373680
1974,631264860512,631270711760,5851248,5668816
1975,631270727024,631277075712,6348688,4097360
1976,631277092816,631282866288,5773472,5718960
1977,631282881216,631289109536,6228320,4547648
1978,631289171408,631294625040,5453632,5565856
1979,631294640384,631300939424,6299040,6210976
1980,631300955904,631306745456,5789552,4531920
1981,631306760912,631314054080,7293168,5819824
1982,631314069216,631319609920,5540704,4883376
1983,631319625200,631325860176,6234976,5780240
1984,631325876960,631330631008,4754048,5849840
1985,631330646224,631336004688,5358464,4482688
1986,631336022112,631342673504,6651392,6042640
1987,631342688768,631347770864,5082096,4417248
1988,631347786992,631354489824,6702832,0
1989,631354506000,631360037472,5531472,0
1990,631360054000,631366603328,6549328,0
1991,631366618128,631373814304,7196176,0
1992,631373829360,631379346224,5516864,0
1993,631379361584,631386166048,6804464,0
1994,631386182448,631392049424,5866976,0
1995,631392066224,631398829664,6763440,0
1996,631398845232,631405679504,6834272,0
1997,631405695456,631411162192,5466736,0
1998,631411180624,631418204832,7024208,0
1999,631418221200,631423622080,5400880,0
===CSV_END===
===================================================
===VMSTAT_START===
procs -----------memory---------- ---swap-- -----io---- -system-- ------cpu-----
 r  b   swpd   free   buff  cache   si   so    bi    bo   in   cs us sy id wa st
 2  0      0 120248   3012  35100    0    0    19    13  312  129 65 31  4  0  0
 2  0      0 120064   3012  35100    0    0     0     0  880  396 62 38  0  0  0
 4  0      0 120064   3012  35100    0    0     0     0  855  375 63 37  0  0  0
 4  0      0 120064   3012  35100    0    0     0     0  837  366 63 37  0  0  0
 2  0      0 120064   3020  35096    0    0     0   108  838  372 61 39  0  0  0
 2  0      0 120064   3020  35100    0    0     0     0  881  425 59 41  0  0  0
 2  0      0 120064   3020  35100    0    0     0     0  873  398 61 39  0  0  0
===VMSTAT_END===
