========================================
net_sender_li (pinger) — Scenario 3 reversed
EB corbos Linux Network Determinism
Metric: Round-Trip Latency (RTL)
========================================
Target:       10.0.1.1:5000
Probes:       2000
Protocol:     UDP
Period:       1 ms
Msg size:     64 B
Flood rate:   0 Mbps
Echo timeout: 10 ms

net_sender_li: SCHED_FIFO OK (priority 90)
Sending HELLO to 10.0.1.1:5000 (protocol=UDP)...
HELLO_ACK received — protocol=UDP
Starting ping-echo loop (2000 probes at 1 ms period)...


========== NET SENDER_LI (PINGER) RESULTS ==========
Probes sent:        2000
Echoes received:    2000
Lost (no echo):        7 (0.350%)
Elapsed:           13.609 s
RTL (us):
  Mean: 6770.276    Std dev: 781.678
  Min:  4571.968    Max:     15713.888
  P50:  6859.712    P95:     7810.928
  P99:  8429.584    P99.9:   14527.680
IAJ (us):
  Mean: 5783.441    Std dev: 711.962
  Min:  3590.368    Max:     10626.800
  P50:  5879.072    P95:     6817.712
  P99:  7272.832    P99.9:   8126.352
===CSV_START===
index,send_time_ns,recv_time_ns,rtl_ns,iaj_ns
0,467137345040,467145183952,7838912,5654224
1,467145469712,467151838176,6368464,6870160
2,467152041136,467159708336,7667200,6578784
3,467159724400,467167287120,7562720,6624544
4,467167302848,467174911664,7608816,6925408
5,467174927840,467182837072,7909232,7619184
6,467182853136,467191456256,8603120,6991392
7,467191471648,467199447648,7976000,6431168
8,467199463376,467206878816,7415440,6827488
9,467206893824,467214706304,7812480,5764304
10,467214722432,467221470608,6748176,6882256
11,467221485280,467229352864,7867584,4967072
12,467229367328,467235319936,5952608,6658672
13,467235334848,467242978608,7643760,6708784
14,467243015840,467250687392,7671552,6084688
15,467250703280,467257772080,7068800,4855760
16,467257851648,467263627840,5776192,6134224
17,467263681664,467270762064,7080400,6245184
18,467270814272,467278007248,7192976,4813808
19,467278023024,467283821056,5798032,6667872
20,467283838352,467291488928,7650576,6064448
21,467291503504,467298553376,7049872,6943808
22,467298576928,467306497184,7920256,6549920
23,467306568224,467314047104,7478880,6259184
24,467314062240,467321306288,7244048,5377024
25,467321320976,467327683312,6362336,6235456
26,467327706272,467334918768,7212496,6377776
27,467334971168,467342296544,7325376,5840768
28,467342311744,467349137312,6825568,5233552
29,467349151712,467355370864,6219152,6629856
30,467355426720,467363000720,7574000,5860048
31,467363017936,467369860768,6842832,4596368
32,467369874672,467375457136,5582464,6452208
33,467375470992,467382909344,7438352,6644368
34,467382924176,467390553712,7629536,5749008
35,467390576992,467397302720,6725728,5122080
36,467397319728,467403424800,6105072,5755248
37,467403441760,467410180048,6738288,6027392
38,467410194992,467417207440,7012448,5120816
39,467417302112,467423328256,6026144,6383792
40,467423342976,467430712048,7369072,6467728
41,467430727888,467438179776,7451888,6171744
42,467438194672,467445351520,7156848,5148560
43,467445366352,467451500080,6133728,5989008
44,467451567024,467458489088,6922064,5992384
45,467458504960,467465481472,6976512,5129040
46,467465496528,467471610512,6113984,6414752
47,467471626016,467479025264,7399248,6679472
48,467479040192,467486704736,7664544,6790336
49,467486719904,467494495072,7775168,5822672
50,467494564736,467501317744,6753008,4574064
51,467501333072,467506891808,5558736,5383808
52,467506906192,467513275616,6369424,5023920
53,467513289856,467519299536,6009680,5843056
54,467519313872,467526142592,6828720,4155136
55,467526157360,467531297728,5140368,5627472
56,467531311648,467537925200,6613552,4510160
57,467537978560,467543435360,5456800,6296736
58,467543449872,467550732096,7282224,6254448
59,467550746960,467557986544,7239584,4428768
60,467558009376,467563415312,5405936,5865664
61,467563430896,467570280976,6850080,4456224
62,467570295184,467575737200,5442016,6239392
63,467575752048,467582976592,7224544,6385424
64,467582993056,467590362016,7368960,6057776
65,467590419472,467597419792,7000320,6730304
66,467597460960,467605150096,7689136,5123392
67,467605165104,467611273488,6108384,6325424
68,467611288448,467618598912,7310464,5895792
69,467618613744,467625494704,6880960,4641728
70,467625571072,467631136432,5565360,6282896
71,467631150656,467638419328,7268672,5909168
72,467638436592,467645328496,6891904,5024928
73,467645344016,467651353424,6009408,5777456
74,467651367984,467658130880,6762896,5797904
75,467658146592,467664928784,6782192,5416064
76,467664995840,467671344848,6349008,6226576
77,467671360192,467678571424,7211232,5606080
78,467678585584,467685177504,6591920,5185184
79,467685192624,467691362688,6170064,6122640
80,467691421472,467698485328,7063856,6020928
81,467698500448,467705506256,7005808,4817472
82,467705564608,467711323728,5759120,5990624
83,467711339440,467718314352,6974912,4554864
84,467718328736,467723869216,5540480,5846256
85,467723883360,467730715472,6832112,5438848
86,467730730784,467737154320,6423536,5194880
87,467737169616,467743349200,6179584,6326576
88,467743363920,467750675776,7311856,5777296
89,467750712800,467757453072,6740272,4887424
90,467757467632,467763340496,5872864,6133360
91,467763355024,467770473856,7118832,5576928
92,467770488192,467777050784,6562592,5405232
93,467777110512,467783456016,6345504,6155152
94,467783470352,467790611168,7140816,5484064
95,467790675776,467797095232,6419456,5193440
96,467797110144,467803288672,6178528,6475472
97,467803319696,467810764144,7444448,6286048
98,467810820784,467818050192,7229408,7077888
99,467818105648,467826128080,8022432,6006976
100,467826143616,467833135056,6991440,7473664
101,467833150736,467841608720,8457984,4860704
102,467841624320,467847469424,5845104,5879072
103,467847483760,467854348496,6864736,6227088
104,467854363984,467861575584,7211600,4475888
105,467861591216,467867051472,5460256,6661056
106,467867111456,467874712528,7601072,5795088
107,467874727216,467881507616,6780400,4678560
108,467881554832,467887186176,5631344,5135424
109,467887287552,467893321600,6034048,4992208
110,467893337024,467899313808,5976784,5749056
111,467899328032,467906062864,6734832,4061904
112,467906118544,467911124768,5006224,5486336
113,467911138848,467917611104,6472256,4843216
114,467917626496,467923454320,5827824,6263408
115,467923468464,467930717728,7249264,5168032
116,467930732400,467936885760,6153360,5469088
117,467936900592,467943354848,6454256,6232544
118,467943368960,467950587392,7218432,5977152
119,467950602976,467957564544,6961568,4757712
120,467957579152,467963322256,5743104,5976400
121,467963337904,467970298656,6960752,4728080
122,467970313776,467976026736,5712960,6094176
123,467976041440,467983120912,7079472,6162384
124,467983136080,467990283296,7147216,5846640
125,467990297456,467997129936,6832480,5354176
126,467997144192,468003484112,6339920,5832576
127,468003498928,468010316688,6817760,5845712
128,468010332032,468017162400,6830368,5171280
129,468017177376,468023333680,6156304,6668224
130,468023348704,468031001904,7653200,5439440
131,468031015824,468037441344,6425520,5365616
132,468037456368,468043806960,6350592,6107216
133,468043821664,468050914176,7092512,6153184
134,468050929456,468058067360,7137904,4789744
135,468058118768,468063857104,5738336,6159856
136,468063871008,468071016960,7145952,6322112
137,468071032464,468078339072,7306608,5672992
138,468078354768,468085012064,6657296,5312080
139,468085026128,468091324144,6298016,6134576
140,468091339136,468098458720,7119584,6225920
141,468098473856,468105684640,7210784,4916800
142,468105702016,468111601440,5899424,6134656
143,468111616464,468118736096,7119632,5619440
144,468118750784,468125355536,6604752,5000176
145,468125370960,468131355712,5984752,6001168
146,468131370976,468138356880,6985904,6191840
147,468138371680,468145548720,7177040,5055024
148,468145566144,468151603744,6037600,7107392
149,468151619296,468159711136,8091840,6262304
150,468159725872,468166973440,7247568,6380352
151,468166998448,468174353792,7355344,5531920
152,468174369584,468180885712,6516128,5280736
153,468180900368,468187166448,6266080,6550272
154,468187181616,468194716720,7535104,5453232
155,468194735408,468201169952,6434544,5197152
156,468201184352,468207367104,6182752,5796064
157,468207452624,468214163168,6710544,6005440
158,468214178784,468221168608,6989824,5320272
159,468221184064,468227488880,6304816,6016032
160,468227504848,468234504912,7000064,5619520
161,468234556416,468241124432,6568016,5239648
162,468241145712,468247364080,6218368,5699904
163,468247429456,468254063984,6634528,4842224
164,468254118816,468259906208,5787392,6954592
165,468259921568,468267860800,7939232,5900064
166,468267876608,468274760864,6884256,6246736
167,468274816848,468282007600,7190752,4602016
168,468282021760,468287609616,5587856,5320240
169,468287624288,468293929856,6305568,5100560
170,468293989968,468300030416,6040448,6326128
171,468300046448,468307356544,7310096,6202048
172,468307371232,468314558592,7187360,6475792
173,468314574608,468322034384,7459776,6352704
174,468322050384,468329387088,7336704,5080496
175,468329438960,468335467584,6028624,5897984
176,468335482256,468342365568,6883312,6373440
177,468342430048,468349739008,7308960,6405840
178,468349753776,468357144848,7391072,4958080
179,468357161056,468363102928,5941872,5739696
180,468363124448,468369842624,6718176,4450640
181,468369860976,468375293264,5432288,6076288
182,468375308320,468382369552,7061232,6057824
183,468382445824,468389427376,6981552,5141616
184,468389443360,468395568992,6125632,5921760
185,468395583248,468402490752,6907504,5976032
186,468402505968,468409466784,6960816,4462672
187,468409492880,468414929456,5436576,6518832
188,468414999472,468422448288,7448816,5532848
189,468422462544,468428981136,6518592,5057424
190,468429002304,468435038560,6036256,6144656
191,468435052560,468442183216,7130656,4828016
192,468442281248,468448011232,5729984,6283504
193,468448026128,468455294736,7268608,5720896
194,468455310208,468462015632,6705424,6438128
195,468462030496,468469453760,7423264,4975664
196,468469468736,468475429424,5960688,5484784
197,468475444816,468481914208,6469392,6447280
198,468481929152,468489361488,7432336,4770032
199,468489418080,468495131520,5713440,6003600
200,468495145824,468502135120,6989296,4591216
201,468502149312,468507726336,5577024,6110960
202,468507739920,468514837296,7097376,6498032
203,468514852384,468522335328,7482944,5679184
204,468522349648,468529014512,6664864,5458128
205,468529028736,468535472640,6443904,5590720
206,468535489616,468542063360,6573744,4536096
207,468542115728,468547599456,5483728,5611088
208,468547615936,468554210544,6594608,6282288
209,468554309072,468561492832,7183760,4991792
210,468561509296,468567484624,5975328,5953968
211,468567501216,468574438592,6937376,5914480
212,468574454800,468581353072,6898272,4966016
213,468581369440,468587319088,5949648,6385824
214,468587336016,468594704912,7368896,6865984
215,468594722416,468602570896,7848480,6475728
216,468602587984,468610046624,7458640,4856624
217,468610067344,468615903248,5835904,6248352
218,468615919984,468623151600,7231616,6138400
219,468623168512,468630290000,7121488,6277504
220,468630307200,468637567504,7260304,4891568
221,468637584288,468643459072,5874784,6133520
222,468643475216,468650592592,7117376,5859632
223,468650609120,468657452224,6843104,4990944
224,468657468512,468663443168,5974656,6015472
225,468663459632,468670458640,6999008,6138016
226,468670475664,468677596656,7120992,5169696
227,468677613248,468683766352,6153104,6242544
228,468683830144,468691008896,7178752,6430336
229,468691025520,468698439232,7413712,5576896
230,468698454816,468705016128,6561312,5569216
231,468705032080,468711585344,6553264,5551600
232,468711600880,468718136944,6536064,4491392
233,468718153664,468723628336,5474672,6064976
234,468723693328,468730693312,6999984,5992400
235,468730710608,468737685712,6975104,4622016
236,468737703360,468743307728,5604368,6113328
237,468743324160,468750421056,7096896,5747376
238,468750460080,468757168432,6708352,7179712
239,468757184640,468765348144,8163504,5231344
240,468765364512,468771579488,6214976,5480048
241,468771595904,468778059536,6463632,5972160
242,468778115184,468785031696,6916512,5270960
243,468785058160,468791302656,6244496,6670336
244,468791318992,468798972992,7654000,6503536
245,468798998128,468806476528,7478400,5853152
246,468806492960,468813329680,6836720,4710592
247,468813346288,468819040272,5693984,6240768
248,468819056176,468826281040,7224864,4470448
249,468826296816,468831751488,5454672,6579936
250,468831768208,468839331424,7563216,6004880
251,468839347904,468846336304,6988400,5705472
252,468846353408,468853041776,6688368,5385344
253,468853061888,468859427120,6365232,6036960
254,468859444432,468866464080,7019648,5659152
255,468866480512,468873123232,6642720,5468896
256,468873139792,468879592128,6452336,6443152
257,468879608848,468887035280,7426432,6327536
258,468887051568,468894362816,7311248,6080848
259,468894430304,468901443664,7013360,5009376
260,468901459760,468907453040,5993280,6050816
261,468907470208,468914503856,7033648,6102704
262,468914563008,468921606560,7043552,4956656
263,468921622768,468927563216,5940448,7024352
264,468927594320,468935587568,7993248,6235600
265,468935604336,468942823168,7218832,6160560
266,468942840880,468949983728,7142848,4514704
267,468950006368,468955498432,5492064,5794288
268,468955559296,468962292720,6733424,4444944
269,468962308272,468967737664,5429392,5580544
270,468967752944,468974318208,6565264,4310720
271,468974333568,468979628928,5295360,5683120
272,468979702128,468986312048,6609920,4684112
273,468986327328,468991996160,5668832,6188352
274,468992012848,468999184512,7171664,6579632
275,468999277232,469006764144,7486912,6141104
276,469006839072,469013905248,7066176,4784736
277,469013921936,469019689984,5768048,6450112
278,469019707968,469027140096,7432128,6443296
279,469027157120,469034583392,7426272,5776656
280,469034600704,469041360048,6759344,4916016
281,469041419088,469047276064,5856976,6094816
282,469047302640,469054370880,7068240,6251376
283,469054433008,469061622256,7189248,4699904
284,469061679600,469067322160,5642560,7000160
285,469067338816,469075322320,7983504,6264112
286,469075339488,469082586432,7246944,5718032
287,469082603136,469089304464,6701328,4807968
288,469089320640,469095112432,5791792,6004848
289,469095138368,469102117280,6978912,4811440
290,469102133952,469107928720,5794768,6090704
291,469107986224,469115019424,7033200,6309184
292,469115036496,469122328608,7292112,6090944
293,469122344816,469129419552,7074736,4950064
294,469129440064,469135369616,5929552,5532240
295,469135429536,469141901856,6472320,4369696
296,469141974080,469147271552,5297472,6869408
297,469147287264,469155140960,7853696,6711952
298,469155157904,469162852912,7695008,6519616
299,469162868864,469170372528,7503664,5828128
300,469170431568,469177200656,6769088,4958432
301,469177217008,469183159088,5942080,6295408
302,469183175536,469190454496,7278960,5990800
303,469190480848,469197445296,6964448,4715056
304,469197464272,469203160352,5696080,6598496
305,469203176752,469210758848,7582096,5418832
306,469210818208,469217177680,6359472,5313216
307,469217193792,469223490896,6297104,6642384
308,469223507136,469231133280,7626144,6329952
309,469231149520,469238463232,7313712,6165952
310,469238479296,469245629184,7149888,4931104
311,469245696144,469251560288,5864144,6038992
312,469251576960,469258599280,7022320,5851280
313,469258660880,469265450560,6789680,5056864
314,469265466672,469271507424,6040752,6074112
315,469271559648,469278581536,7021888,6275344
316,469278597840,469285856880,7259040,5041984
317,469285873136,469291898864,6025728,6838544
318,469291915536,469299737408,7821872,6435920
319,469299753632,469307173328,7419696,6699728
320,469307189664,469314873056,7683392,6447920
321,469314889440,469322320976,7431536,5694912
322,469322337536,469329015888,6678352,5163040
323,469329032304,469335178928,6146624,6637520
324,469335195488,469342816448,7620960,7033088
325,469342841232,469350849536,8008304,6081696
326,469350866560,469357931232,7064672,6670720
327,469357997488,469365601952,7604464,4765808
328,469365620080,469371367760,5747680,6005792
329,469371427504,469378373552,6946048,7488048
330,469378432016,469386861600,8429584,6444768
331,469386878336,469394306368,7428032,5886848
332,469394322592,469401193216,6870624,5299296
333,469401283472,469407492512,6209040,6268560
334,469407544784,469414761072,7216288,6698368
335,469414827792,469422459440,7631648,6035856
336,469422476048,469429495296,7019248,4862224
337,469429512032,469435357520,5845488,5941904
338,469435374400,469442299424,6925024,5861968
339,469442315728,469449161392,6845664,5344368
340,469449178272,469455505760,6327488,5836800
341,469455560336,469462342560,6782224,5661472
342,469462359472,469469004032,6644560,5433968
343,469469021392,469475438000,6416608,5879072
344,469475456576,469482317072,6860496,5579648
345,469482334112,469488896720,6562608,5553888
346,469488921920,469495450608,6528688,5561696
347,469495467072,469502012304,6545232,4624944
348,469502028720,469507637248,5608528,6400256
349,469507653600,469515037504,7383904,6296832
350,469515054016,469522334336,7280320,5714704
351,469522351312,469529049040,6697728,5397264
352,469529083232,469535446304,6363072,5591408
353,469535464768,469542037712,6572944,4470064
354,469542054160,469547507776,5453616,5818480
355,469547568288,469554326256,6757968,5718720
356,469554342208,469561044976,6702768,5549600
357,469561063840,469567594576,6530736,5966992
358,469567611856,469574561568,6949712,5624464
359,469574578064,469581186032,6607968,5176528
360,469581202368,469587362560,6160192,5974416
361,469587426368,469594336976,6910608,4764368
362,469594353344,469600101344,5748000,6745696
363,469601054960,469607847040,6792080,6461168
364,469607863280,469615308208,7444928,7272832
365,469615324496,469623581040,8256544,6188032
366,469623597680,469630769072,7171392,6736912
367,469630826336,469638505984,7679648,5924656
368,469638567008,469645430640,6863632,5205248
369,469645449216,469651635888,6186672,6104144
370,469651695024,469658740032,7045008,6623888
371,469658756624,469666363920,7607296,5972992
372,469666424976,469673336912,6911936,5015584
373,469673353760,469679352496,5998736,6413472
374,469679368864,469686765968,7397104,6069488
375,469686822656,469693835456,7012800,4928432
376,469693852384,469699763888,5911504,6664736
377,469699829248,469707428624,7599376,6049520
378,469707445616,469714478144,7032528,5871920
379,469714495024,469721350064,6855040,4937312
380,469721367424,469727287376,5919952,5640112
381,469727304384,469733927488,6623104,6010224
382,469733994896,469740937712,6942816,5098048
383,469741014384,469747035760,6021376,6330176
384,469747053184,469754365936,7312752,5861392
385,469754444304,469761227328,6783024,5143552
386,469761327648,469767370880,6043232,6097536
387,469767431584,469774468416,7036832,5583264
388,469774485440,469781051680,6566240,5265760
389,469781068880,469787317440,6248560,7254688
390,469787334672,469795572128,8237456,6251664
391,469795590928,469802823792,7232864,6517616
392,469802841520,469810341408,7499888,5784384
393,469810358768,469817125792,6767024,5624496
394,469817142960,469823750288,6607328,6730400
395,469823767456,469831480688,7713232,6583984
396,469831497968,469839064672,7566704,6427344
397,469839124912,469846492016,7367104,6809552
398,469846523488,469854301568,7778080,5834416
399,469854318976,469861135984,6817008,5471312
400,469861153360,469867607296,6453936,6437936
401,469867624672,469875045232,7420560,6442736
402,469875062192,469882487968,7425776,5654192
403,469882504896,469889142160,6637264,5461088
404,469889159040,469895603248,6444208,6155376
405,469895620512,469902758624,7138112,6275024
406,469902835616,469910033648,7198032,6043152
407,469910050080,469917076800,7026720,5283424
408,469917093504,469923360224,6266720,5839520
409,469923418704,469930199744,6781040,4566016
410,469930216176,469935765760,5549584,6073264
411,469935831376,469942839024,7007648,5793632
412,469942855920,469949632656,6776736,4845744
413,469949692320,469955478400,5786080,5997184
414,469955495008,469962475584,6980576,6016752
415,469962491648,469969492336,7000688,4834256
416,469969542688,469975326592,5783904,6260672
417,469975343072,469982587264,7244192,5958112
418,469982604048,469989545376,6941328,4911952
419,469989570464,469995457328,5886864,6698768
420,469995473712,470003156096,7682384,6277408
421,470003173056,470010433504,7260448,6072560
422,470010450368,470017506064,7055696,4863408
423,470017559456,470023369472,5810016,6319408
424,470023437008,470030688880,7251872,6049584
425,470030706112,470037738464,7032352,4743392
426,470037755712,470043481856,5726144,6061920
427,470043498672,470050543776,7045104,5776560
428,470050562016,470057320336,6758320,6859360
429,470057336848,470065179696,7842848,5273920
430,470065196480,470071453616,6257136,5234928
431,470071469936,470077688544,6218608,4862960
432,470077704624,470083551504,5846880,6160688
433,470083568400,470090712192,7143792,6796464
434,470090728976,470098508656,7779680,6083728
435,470098589424,470105592384,7002960,5028000
436,470105608608,470111620384,6011776,6494720
437,470111636992,470119115104,7478112,7119408
438,470119134256,470127234512,8100256,6225936
439,470127323808,470134460448,7136640,5891760
440,470134477392,470141352208,6874816,5095440
441,470141368544,470147447648,6079104,6279872
442,470147464320,470154727520,7263200,6634144
443,470154745264,470162361664,7616400,6093056
444,470162420224,470169454720,7034496,5176480
445,470169471280,470175631200,6159920,6288352
446,470175696720,470182919552,7222832,6452272
447,470182984800,470190371824,7387024,6127424
448,470190440560,470197499248,7058688,4977520
449,470197548848,470203476768,5927920,5581664
450,470203494144,470210058432,6564288,4563392
451,470210117776,470215621824,5504048,6388768
452,470215691728,470223010592,7318864,6802720
453,470223027616,470230813312,7785696,5784480
454,470230831424,470237597792,6766368,4706032
455,470237613984,470243303824,5689840,6454576
456,470243320560,470250758400,7437840,6581712
457,470250823840,470258340112,7516272,5664464
458,470258356960,470265004576,6647616,5572096
459,470265022016,470271576672,6554656,5851648
460,470271592816,470278428320,6835504,5912560
461,470278448016,470285340880,6892864,5488864
462,470285357744,470291829744,6472000,6516960
463,470291845808,470299346704,7500896,6072496
464,470299362544,470306419200,7056656,5892832
465,470306436560,470313312032,6875472,5420912
466,470313327456,470319732944,6405488,5852192
467,470319748656,470326585136,6836480,5812304
468,470326602096,470333397440,6795344,4907072
469,470333412832,470339304512,5891680,6112608
470,470339320048,470346417120,7097072,4500240
471,470346434240,470351917360,5483120,6284928
472,470351970752,470359202288,7231536,6080336
473,470359218480,470366282624,7064144,6040496
474,470366308240,470373323120,7014880,4813024
475,470373338256,470379136144,5797888,6053296
476,470379151424,470386189440,7038016,4685344
477,470386305536,470391874784,5569248,6158624
478,470391890400,470399033408,7143008,6464544
479,470399050096,470406497952,7447856,4507296
480,470406545888,470412005248,5459360,5966032
481,470412020368,470418971280,6950912,6010544
482,470418988128,470425981824,6993696,6083104
483,470426009040,470433064928,7055888,5119312
484,470433129472,470439184240,6054768,5760480
485,470439273168,470445944720,6671552,4192384
486,470445993440,470451137104,5143664,5893888
487,470451152304,470458030992,6878688,5973760
488,470458046160,470465004752,6958592,5032784
489,470465020080,470471037536,6017456,5876672
490,470471053104,470477914208,6861104,4952176
491,470477929520,470483866384,5936864,6443360
492,470483881968,470491309744,7427776,5809088
493,470491326688,470498118832,6792144,4629184
494,470498134256,470503748016,5613760,6882736
495,470503763408,470511630752,7867344,6135264
496,470511690176,470518766016,7075840,5600928
497,470518830208,470525366944,6536736,4962688
498,470525421232,470531329632,5908400,6022640
499,470531345248,470538352272,7007024,5819392
500,470538367200,470545171664,6804464,5015552
501,470545187968,470551187216,5999248,6177504
502,470551291488,470558364720,7073232,5652880
503,470558419296,470565017600,6598304,5347008
504,470565033856,470571364608,6330752,5697456
505,470571424112,470578062064,6637952,5971264
506,470578123408,470585033328,6909920,5106112
507,470585049440,470591139440,6090000,6161120
508,470591155584,470598300560,7144976,4709680
509,470598316688,470604010240,5693552,5838064
510,470604026384,470610848304,6821920,5426336
511,470610864560,470617274640,6410080,5075312
512,470617291968,470623349952,6057984,6260272
513,470623366768,470630610224,7243456,5698704
514,470630690496,470637308928,6618432,5398944
515,470637325872,470643707872,6382000,6277232
516,470643724464,470650985104,7260640,7119040
517,470651003136,470659104144,8101008,6593808
518,470659121488,470666697952,7576464,5904640
519,470666714656,470673602592,6887936,4968272
520,470673619488,470679570864,5951376,5598880
521,470679588880,470686169744,6580864,4399344
522,470686185872,470691569088,5383216,5781488
523,470691585744,470698350576,6764832,5719456
524,470698366656,470705070032,6703376,5246576
525,470705128384,470711316608,6188224,6610272
526,470711333360,470718926880,7593520,6421888
527,470718991248,470726348768,7357520,6796336
528,470726364880,470734145104,7780224,6205616
529,470734162976,470741350720,7187744,5459008
530,470741366736,470747809728,6442992,6067360
531,470747874992,470754877088,7002096,6292240
532,470754893472,470762169328,7275856,4687184
533,470762185424,470767856512,5671088,6458480
534,470767872640,470775314992,7442352,6153920
535,470775331280,470782468912,7137632,5679424
536,470782485488,470789148336,6662848,5196400
537,470789164560,470795344736,6180176,6002944
538,470795360880,470802347680,6986800,6498896
539,470802363952,470809846576,7482624,4880992
540,470809863408,470815727568,5864160,6594592
541,470815744320,470823322160,7577840,6858288
542,470823338960,470831180448,7841488,7300816
543,470831196592,470839481264,8284672,5738560
544,470839497632,470846219824,6722192,6284672
545,470846311904,470853504496,7192592,5073616
546,470853552672,470859578112,6025440,5876688
547,470859594336,470866454800,6860464,6052096
548,470866479664,470873506896,7027232,4777872
549,470873557456,470879284768,5727312,6729600
550,470879303376,470887014368,7710992,6351904
551,470887031120,470894366272,7335152,5716928
552,470894426208,470901083200,6656992,5277024
553,470901099408,470907360224,6260816,6099024
554,470907418176,470914459248,7041072,5609472
555,470914475232,470921068720,6593488,5638176
556,470921134528,470927706896,6572368,6882112
557,470927734528,470935589008,7854480,6728912
558,470935606528,470943317920,7711392,6934224
559,470943335824,470954869456,11533632,4870912
560,470954990272,470965566656,10576384,6218672
561,470965582976,470973500880,7917904,5777952
562,470973560832,470979371792,5810960,4996304
563,470979430304,470986590464,7160160,5822128
564,470986607280,470993368416,6761136,4820864
565,470993425696,470999364720,5939024,6171248
566,470999429872,471006186848,6756976,6305424
567,471006275856,471012007712,5731856,5861424
568,471012024416,471019178960,7154544,5122000
569,471019195456,471026484384,7288928,5961664
570,471026501088,471033345808,6844720,5924912
571,471033362064,471039467808,6105744,5089920
572,471039483808,471046429472,6945664,6584992
573,471046445872,471053354384,6908512,7092960
574,471053370640,471059444304,6073664,6714480
575,471059460672,471067029296,7568624,6529168
576,471067045520,471075122256,8076736,4670752
577,471075158384,471082836736,7678352,6440576
578,471082853424,471090365904,7512480,5668816
579,471090427280,471096036656,5609376,4852816
580,471096053376,471103477232,7423856,6454080
581,471103493408,471110146048,6652640,6411824
582,471110162064,471115998864,5836800,6431856
583,471116014864,471123452944,7438080,6286384
584,471123469056,471130864768,7395712,4836880
585,471130881440,471138296624,7415184,5924592
586,471138312448,471145583008,7270560,6077968
587,471145599264,471151419888,5820624,4918448
588,471151440848,471158344480,6903632,6358848
589,471158360752,471165422448,7061696,5448192
590,471165438880,471171340896,5902016,5308992
591,471171357008,471178699744,7342736,7019200
592,471178716320,471185147936,6431616,5878912
593,471185164256,471191456928,6292672,5666112
594,471191473392,471199476128,8002736,5539024
595,471199492144,471206355040,6862896,5985824
596,471206371488,471213021152,6649664,5805936
597,471213037888,471219560176,6522288,5261408
598,471219576640,471226546000,6969360,6149936
599,471226572192,471233351936,6779744,5825424
600,471233368672,471239613344,6244672,4829376
601,471239629648,471246763280,7133632,6143744
602,471246836896,471253588704,6751808,5552640
603,471253605008,471259418080,5813072,5344816
604,471259444560,471266561824,7117264,6004336
605,471266578512,471273114464,6535952,5879168
606,471273174464,471279459280,6284816,5136912
607,471279475440,471286463616,6988176,6641168
608,471286479648,471293342784,6863136,6048144
609,471293359216,471299479696,6120480,5993584
610,471299495344,471307120864,7625520,5025088
611,471307137376,471314169008,7031632,6104608
612,471314185776,471321162592,6976816,6135728
613,471321180064,471327187680,6007616,5017984
614,471327292384,471334292288,6999904,6278112
615,471334308720,471341428016,7119296,5612848
616,471341444816,471347446000,6001184,5248544
617,471347462688,471354724112,7261424,6226736
618,471354740704,471361336960,6596256,7648224
619,471361353040,471367585504,6232464,5984736
620,471367602272,471374812240,7209968,5998000
621,471374833488,471383460464,8626976,5037152
622,471383477168,471390445200,6968032,5976288
623,471390462064,471397443200,6981136,5439584
624,471397459872,471403480352,6020480,5929984
625,471403496688,471410456640,6959952,6442368
626,471410471920,471416896224,6424304,6345552
627,471416911760,471423826208,6914448,5757728
628,471423859920,471431268576,7408656,4982000
629,471431285104,471438614128,7329024,6406048
630,471438689120,471445371856,6682736,6521552
631,471445451296,471451353856,5902560,4048352
632,471451369936,471458759904,7389968,6433072
633,471458819904,471466281456,7461552,6132864
634,471466309856,471471329808,5019952,4541552
635,471471345824,471478762880,7417056,5833520
636,471478824288,471485895744,7071456,4354064
637,471485911536,471491437296,5525760,6286000
638,471491453008,471498270816,6817808,6808464
639,471498309536,471503624880,5315344,5733104
640,471503695584,471510910880,7215296,4608080
641,471510926976,471518719344,7792368,6094128
642,471518735856,471525452448,6716592,4727088
643,471525468944,471531060528,5591584,6429888
644,471531133680,471538154656,7020976,6184432
645,471538171328,471543881744,5710416,5503120
646,471543898144,471551311632,7413488,5466256
647,471551328528,471558496064,7167536,6129040
648,471558542512,471564999184,6456672,6821168
649,471565014848,471571465440,6450592,5823536
650,471571481792,471578594480,7112688,5129216
651,471578610048,471586415648,7805600,5530144
652,471586433344,471593239184,6805840,5172240
653,471593331792,471599368400,6036608,6290096
654,471599429328,471605898544,6469216,6354528
655,471605914976,471612070784,6155808,6394656
656,471612087408,471619360880,7273472,4246032
657,471619418704,471626715408,7296704,6945808
658,471626731776,471634110064,7378288,6242256
659,471634128112,471639356096,5227984,5601616
660,471639372576,471647301904,7929328,5018960
661,471647318368,471654544160,7225792,6290272
662,471654562640,471661145776,6583136,5588192
663,471661163648,471667164736,6001088,5421680
664,471667180816,471674455008,7274192,6216080
665,471674471328,471681043200,6571872,5767792
666,471681060192,471687464880,6404688,4905872
667,471687481264,471694680960,7199696,6637776
668,471694697728,471701448752,6751024,6304368
669,471701465088,471707354624,5889536,4713152
670,471707370016,471714992400,7622384,6173328
671,471715010560,471722296768,7286208,6659552
672,471722313184,471728009920,5696736,6341344
673,471728026080,471735183248,7157168,6178608
674,471735201296,471742842800,7641504,4972800
675,471742859184,471750184144,7324960,6677408
676,471750200192,471757362752,7162560,6992640
677,471757429008,471763335552,5906544,6181920
678,471763351520,471771012960,7661440,5842128
679,471771029776,471779005600,7975824,5430912
680,471779021984,471786187520,7165536,5733072
681,471786274144,471793029648,6755504,5999136
682,471793046080,471799460560,6414480,5388416
683,471799477216,471806193632,6716416,5521344
684,471806274432,471813192768,6918336,6381984
685,471813281152,471819581184,6300032,5230672
686,471819597488,471826102528,6505040,6726752
687,471826161264,471833484512,7323248,5589984
688,471833500672,471839715184,6214512,4972944
689,471839756496,471847441936,7685440,6674976
690,471847460112,471854031920,6571808,7077808
691,471854048128,471860004864,5956736,6696416
692,471860021328,471867679840,7658512,5720304
693,471867696624,471875757648,8061024,4725008
694,471875815056,471883454064,7639008,6304448
695,471883470400,471890174368,6703968,6408928
696,471890191296,471895899376,5708080,5867728
697,471895915872,471903203824,7287952,5237328
698,471903295536,471910612752,7317216,6720160
699,471910678912,471917480480,6801568,6024768
700,471917497264,471923717808,6220544,5856496
701,471923734096,471931437968,7703872,4994192
702,471931456048,471938462736,7006688,7011904
703,471938478976,471945319232,6840256,5709168
704,471945335488,471951313424,5977936,5024528
705,471951329584,471959325328,7995744,6230592
706,471959342144,471966034496,6692352,6019408
707,471966050704,471972059024,6008320,6438944
708,471973055712,471979289616,6233904,4954656
709,471979305728,471986309024,7003296,6666448
710,471986324992,471993747968,7422976,5937648
711,471993764400,471999702624,5938224,6112640
712,471999727872,472007369072,7641200,5028496
713,472007436960,472014306720,6869760,6023824
714,472014322784,472021419360,7096576,6642128
715,472021440096,472027447856,6007760,4655520
716,472027465408,472034471680,7006272,6141696
717,472034488464,472042113808,7625344,7099728
718,472042132368,472047769328,5636960,6482048
719,472047827248,472054911024,7083776,6562848
720,472054927712,472063010752,8083040,7405776
721,472063027232,472070492800,7465568,5960800
722,472070538672,472078055648,7516976,4906528
723,472078133104,472086461424,8328320,6713648
724,472086477840,472093422224,6944384,6832448
725,472093439744,472099328752,5889008,6141584
726,472099344592,472107042400,7697808,4716192
727,472107059024,472114874848,7815824,6155488
728,472114891120,472122016432,7125312,6581184
729,472122033264,472127732624,5699360,5668624
730,472127748816,472134888112,7139296,5220496
731,472134904464,472142469296,7564832,6462592
732,472142485872,472149137920,6652048,6183968
733,472149156640,472155358416,6201776,6428208
734,472155374544,472162821008,7446464,5039408
735,472162838080,472170004976,7166896,5896880
736,472170021408,472177433184,7411776,6386944
737,472177451760,472183472592,6020832,5216864
738,472183488848,472190369472,6880624,6204112
739,472190443680,472197756416,7312736,7114704
740,472197772768,472203973280,6200512,5874928
741,472203991376,472211177392,7186016,4880016
742,472211194448,472219292096,8097648,6442176
743,472219308640,472226167024,6858384,5992016
744,472226183360,472232047040,5863680,4399200
745,472232063216,472239489216,7426000,6027680
746,472239505696,472246481232,6975536,6534752
747,472246496880,472251880432,5383552,5704544
748,472251896736,472258908112,7011376,5039136
749,472258924928,472266442864,7517936,5698448
750,472266459072,472273147408,6688336,6257168
751,472273163712,472279186544,6022832,5219376
752,472279276256,472285884992,6608736,6324288
753,472285900528,472293142160,7241632,5210864
754,472293158624,472299361536,6202912,5375200
755,472299416416,472306685824,7269408,7145712
756,472306701968,472312896688,6194720,6172512
757,472312911808,472319271888,6360080,5713776
758,472319287024,472327417600,8130576,5273792
759,472327435200,472334590112,7154912,6130720
760,472334606080,472341303888,6697808,5761696
761,472341319216,472347577680,6258464,5011728
762,472347593344,472354708400,7115056,6445136
763,472354725264,472361470096,6744832,6523408
764,472361486736,472367481824,5995088,6726192
765,472367497088,472374926960,7429872,4588384
766,472375003584,472382450368,7446784,6039392
767,472382467280,472390176560,7709280,5216176
768,472390193136,472395764944,5571808,5151408
769,472395780560,472402804336,7023776,5271360
770,472402820656,472409020512,6199856,6315008
771,472409036160,472415171920,6135760,5599328
772,472415187264,472429714944,14527680,4886400
773,472429731440,472435986304,6254864,6785504
774,472436003408,472443301312,7297904,5273520
775,472443318912,472449900640,6581728,5138480
776,472449916992,472455787040,5870048,5866160
777,472455848992,472463572544,7723552,5875408
778,472463589936,472469846064,6256128,4322848
779,472469861984,472475984544,6122560,5685152
780,472476000144,472482850704,6850560,4735024
781,472482866400,472489726112,6859712,5977328
782,472489742176,472495048960,5306784,4429632
783,472495101408,472501734112,6632704,5882896
784,472501749600,472507469136,5719536,4246368
785,472507484864,472514446464,6961600,5748768
786,472514468640,472519876096,5407456,4321520
787,472519891808,472526758992,6867184,6788864
788,472526811952,472532005360,5193408,5824192
789,472532020704,472538754128,6733424,5338400
790,472538806304,472544075648,5269344,4873504
791,472544978992,472551864512,6885520,5832064
792,472551880320,472558688704,6808384,4694560
793,472558704448,472565027104,6322656,5473904
794,472565042608,472570900608,5858000,4678848
795,472570915952,472577732672,6816720,5429968
796,472577748368,472583427232,5678864,4467376
797,472583442720,472589901136,6458416,5798432
798,472589916400,472595579984,5663584,3905184
799,472595595264,472602009952,6414688,6253376
800,472602026496,472607477328,5450832,5568416
801,472607492800,472614275760,6782960,5729360
802,472614291712,472619180944,4889232,6435936
803,472619284656,472626434320,7149664,5844672
804,472626451504,472633002736,6551232,4110128
805,472633018592,472639732096,6713504,5862032
806,472639748336,472647168032,7419696,4192592
807,472647184096,472654012704,6828608,6012720
808,472654028288,472659122832,5094544,4351344
809,472659138656,472665984864,6846208,6312336
810,472666007392,472671177456,5170064,5495824
811,472671266560,472678190176,6923616,4786176
812,472678289104,472683541520,5252416,6212448
813,472683573456,472690853856,7280400,5846224
814,472690870432,472697349680,6479248,5085904
815,472697364976,472703135856,5770880,6205216
816,472703151872,472710348304,7196432,5872992
817,472710364528,472717194528,6830000,4848864
818,472717297616,472723280432,5982816,6640800
819,472723296224,472730485648,7189424,5459728
820,472730501232,472737358640,6857408,5276544
821,472737380320,472743207504,5827184,5414080
822,472743314064,472750848304,7534240,4192848
823,472750864240,472757308032,6443792,6395360
824,472757323184,472763584576,6261392,4451584
825,472763600624,472769998656,6398032,5859328
826,472770013952,472775191504,5177552,6099664
827,472775290960,472782586864,7295904,4702960
828,472782603008,472788038448,5435440,6028128
829,472788054912,472794897776,6842864,5436480
830,472794913440,472801997440,7084000,5209136
831,472802014720,472807700400,5685680,5534352
832,472807716864,472814728528,7011664,4664704
833,472814745008,472821165008,6420000,6400080
834,472821181584,472827374144,6192560,5891840
835,472827441232,472833908496,6467264,4620768
836,472833924112,472839573200,5649088,5559184
837,472839589360,472846973280,7383920,4372704
838,472846989440,472853865120,6875680,5175920
839,472853880608,472859485888,5605280,4547824
840,472859502256,472866045072,6542816,5176144
841,472866061872,472871417776,5355904,4466208
842,472871434640,472877593696,6159056,5386688
843,472877609200,472883141520,5532320,4718304
844,472883156864,472889317664,6160800,5092304
845,472889334528,472894783872,5449344,5170720
846,472894825824,472901170560,6344736,6682752
847,472901186768,472906888864,5702096,5782128
848,472906904688,472912981168,6076480,4305504
849,472912999328,472919151888,6152560,5706704
850,472919168432,472926834640,7666208,4539200
851,472926851216,472933616768,6765552,5753984
852,472933632256,472938922272,5290016,4258480
853,472938997424,472945628976,6631552,5543840
854,472945681776,472951168176,5486400,4704544
855,472951183744,472957922160,6738416,6047392
856,472957980112,472963180640,5200528,6072288
857,472963278128,472969724480,6446352,4769648
858,472969740176,472975429024,5688848,6677520
859,472975445280,472982476416,7031136,7467888
860,472982492592,472989548704,7056112,6832448
861,472989565776,472995318352,5752576,6441472
862,472995334176,473002995872,7661696,5717456
863,473003015200,473011463760,8448560,4911264
864,473011481168,473019296208,7815040,6205504
865,473019313168,473026737680,7424512,5876992
866,473026755024,473033455136,6700112,4445792
867,473033471712,473039366400,5894688,7467216
868,473039436368,473046571904,7135536,5582688
869,473046587376,473053448896,6861520,6250448
870,473053464352,473058894688,5430336,5159088
871,473058910448,473067361904,8451456,6481744
872,473067429600,473073944592,6514992,5353392
873,473073994512,473081195040,7200528,5109840
874,473081286288,473087354128,6067840,7297856
875,473087370512,473094835872,7465360,5597392
876,473094851968,473101189264,6337296,4368512
877,473101272208,473107299104,6026896,5577168
878,473107315536,473115596960,8281424,4581200
879,473115613248,473122194352,6581104,6247440
880,473122295904,473127562864,5266960,6798208
881,473127579248,473134140032,6560784,5811024
882,473134155440,473139721232,5565792,4590128
883,473139736448,473146968672,7232224,5945696
884,473146985472,473154766880,7781408,4600896
885,473154830832,473161577904,6747072,6201408
886,473161594800,473167168032,5573232,6832416
887,473167183872,473174113728,6929856,6393760
888,473174129216,473179714624,5585408,4849840
889,473179730096,473186916032,7185936,5737040
890,473186972528,473194748448,7775920,5200272
891,473194764272,473202142208,7377936,5241072
892,473202157920,473207992048,5834128,6377888
893,473208008752,473214729088,6720336,5450624
894,473214744800,473220929360,6184560,5060208
895,473220995088,473227170432,6175344,6401392
896,473227187120,473234548320,7361200,5970864
897,473234564224,473240998944,6434720,5156608
898,473241014832,473247059152,6044320,5956944
899,473247120160,473254460544,7340384,5748464
900,473254476928,473261431408,6954480,4825600
901,473261447840,473267588016,6140176,6481408
902,473267603728,473274544960,6941232,5754128
903,473274586992,473281293424,6706432,5718224
904,473281309536,473287119024,5809488,6245872
905,473287144400,473294600432,7456032,5579312
906,473294683312,473301354560,6671248,4403696
907,473301369824,473308072784,6702960,6129424
908,473309118784,473315318656,6199872,6031904
909,473315334624,473321897968,6563344,5084512
910,473321915088,473327301664,5386576,5773296
911,473327317360,473334431088,7113728,5697552
912,473334450176,473341462992,7012816,4956896
913,473341479664,473347547504,6067840,6481648
914,473347564352,473354320800,6756448,5672400
915,473354337184,473361018352,6681168,5184768
916,473361043664,473366975248,5931584,6170368
917,473366991936,473374456896,7464960,6657424
918,473374472960,473381129296,6656336,4850912
919,473381145792,473387314064,6168272,8126352
920,473387331024,473394484432,7153408,5160656
921,473394501408,473402141856,7640448,6427056
922,473402157744,473407992768,5835024,5756656
923,473408017408,473417119120,9101712,5242512
924,473417143984,473423279776,6135792,6186816
925,473423296272,473430706832,7410560,5669440
926,473430722816,473437463488,6740672,4918928
927,473437480176,473443706000,6225824,5647040
928,473443721472,473450892816,7171344,4843968
929,473450908320,473457562256,6653936,6304240
930,473457578784,473463481184,5902400,5714976
931,473463497584,473470128224,6630640,4507216
932,473470148768,473475972192,5823424,5418864
933,473475996032,473483276432,7280400,4239632
934,473483292480,473489991408,6698928,6284144
935,473490008880,473495498624,5489744,5679984
936,473495564624,473501917488,6352864,5150320
937,473501975280,473507157120,5181840,5607328
938,473507172576,473514441264,7268688,4312752
939,473514457904,473521121248,6663344,6097664
940,473521141120,473527271568,6130448,4754432
941,473527288576,473533878896,6590320,6124944
942,473533894400,473539191648,5297248,6331136
943,473539304640,473546289312,6984672,4523248
944,473546306144,473552043744,5737600,5852288
945,473552060016,473559168688,7108672,6402624
946,473559184224,473566499824,7315600,5761168
947,473566548928,473572023072,5474144,5410656
948,473572038560,473578875360,6836800,5878624
949,473578892048,473586277984,7385936,4290464
950,473586295648,473593039152,6743504,5697184
951,473593055568,473599449808,6394240,5856624
952,473599466224,473606328432,6862208,5541392
953,473606343872,473611618896,5275024,6020336
954,473611671936,473618316080,6644144,4324656
955,473618331744,473625172704,6840960,6376304
956,473625188560,473631714096,6525536,6450128
957,473631731264,473638734432,7003168,6241072
958,473638750304,473644059088,5308784,4246848
959,473645001984,473651435392,6433408,5775504
960,473651450848,473658885520,7434672,4615968
961,473658901056,473666126592,7225536,6150944
962,473666143376,473671373440,5230064,5535584
963,473671435584,473678148944,6713360,4724112
964,473678164096,473683764912,5600816,6265248
965,473683819504,473690915856,7096352,5594240
966,473690943568,473697451440,6507872,5266496
967,473697468128,473703175552,5707424,5615984
968,473703190768,473710440800,7250032,4412144
969,473710457088,473717035040,6577952,6022528
970,473717050784,473723301536,6250752,5975568
971,473723317600,473729917520,6599920,5022784
972,473729969248,473735329664,5360416,5961808
973,473735345840,473742352192,7006352,6008992
974,473742368944,473749327760,6958816,5164160
975,473749344288,473755350544,6006256,5957664
976,473755367376,473762312352,6944976,5705872
977,473762328704,473769321344,6992640,5287552
978,473769337520,473775485504,6147984,6452976
979,473775502224,473782443168,6940944,6139312
980,473782460320,473789149040,6688720,6337856
981,473789165536,473795436592,6271056,6775296
982,473795454736,473802889568,7434832,5287024
983,473802906464,473810028880,7122416,6178224
984,473810044928,473817366736,7321808,5710432
985,473817441264,473825142032,7700768,5608000
986,473825158560,473831429056,6270496,6393200
987,473831445312,473838607280,7161968,6520624
988,473838632144,473845317712,6685568,5715248
989,473845334080,473851925712,6591632,4832992
990,473851984784,473859318912,7334128,5806896
991,473859335328,473866839536,7504208,5855888
992,473866856544,473873554784,6698240,5233376
993,473873572768,473879387776,5815008,6241312
994,473879418672,473886194672,6776000,5820672
995,473886286592,473893050560,6763968,4823744
996,473893066752,473899283936,6217184,6844416
997,473899300128,473906525248,7225120,6583072
998,473906588864,473913345920,6757056,5696496
999,473913362480,473919169664,5807184,4996416
1000,473919185824,473927014080,7828256,5860992
1001,473927031216,473934597152,7565936,6161872
1002,473934613440,473941293648,6680208,5151584
1003,473941310000,473947290064,5980064,5845664
1004,473947306224,473954151056,6844832,6123632
1005,473954167632,473961312928,7145296,5114144
1006,473961329392,473967464512,6135120,5807008
1007,473967481024,473974310176,6829152,5717568
1008,473974326464,473981433808,7107344,5497840
1009,473981450208,473987547952,6097744,6044000
1010,473987566752,473994354960,6788208,6110912
1011,473994371568,474001072528,6700960,4851760
1012,474001088976,474007570368,6481392,5709040
1013,474007586864,474014614368,7027504,4594352
1014,474014683472,474021725280,7041808,6461328
1015,474021741408,474027577040,5835632,5793104
1016,474027593552,474034286080,6692528,4595920
1017,474034302816,474039880432,5577616,6617792
1018,474039896560,474047341760,7445200,7523536
1019,474047358048,474054134864,6776816,6587040
1020,474054151280,474059730784,5579504,5682816
1021,474059749536,474067348576,7599040,4864992
1022,474067364864,474075872112,8507248,6273120
1023,474075888720,474083459152,7570432,5753744
1024,474083475360,474090141968,6666608,4523792
1025,474090158560,474096006960,5848400,5790400
1026,474096023632,474103280080,7256448,6025168
1027,474103296608,474110033824,6737216,4929664
1028,474110049952,474115557616,5507664,6003680
1029,474115576896,474122348016,6771120,6450560
1030,474122364128,474129373184,7009056,5010304
1031,474129433200,474135302848,5869648,6523904
1032,474135318992,474142306528,6987536,6713472
1033,474142323152,474149757088,7433936,6557424
1034,474149821584,474155767392,5945808,5731424
1035,474155824928,474163291296,7466368,5165488
1036,474163310080,474171004768,7694688,5880080
1037,474171021392,474178562192,7540800,5797744
1038,474178579520,474185293616,6714096,5223792
1039,474185310032,474191459104,6149072,6205280
1040,474191474960,474198339184,6864224,6128224
1041,474198355440,474205136928,6781488,4798928
1042,474205153584,474211360720,6207136,6239232
1043,474211440592,474218566000,7125408,6556016
1044,474218582176,474225694224,7112048,5893792
1045,474225711136,474231493152,5782016,5410048
1046,474231551904,474238732384,7180480,5838880
1047,474238748928,474246288400,7539472,4584464
1048,474246305248,474253182192,6876944,6158912
1049,474253198592,474259592240,6393648,6305296
1050,474259608608,474266431120,6822512,5977456
1051,474266447344,474272015584,5568240,6900928
1052,474272032288,474279174496,7142208,5226848
1053,474279190784,474286479792,7289008,5976960
1054,474286496720,474293457248,6960528,6036048
1055,474293482928,474301358176,7875248,4756368
1056,474301415360,474307585024,6169664,6504096
1057,474307601696,474314561984,6960288,6466592
1058,474314579456,474321598032,7018576,5665072
1059,474321614784,474327354400,5739616,4824112
1060,474327369648,474334858496,7488848,6127088
1061,474334874704,474342325088,7450384,4820704
1062,474342340672,474348990160,6649488,5941968
1063,474349007424,474354814272,5806848,5754832
1064,474354832544,474361941360,7108816,4563584
1065,474361958000,474367762064,5804064,6562672
1066,474367814960,474374704032,6889072,5608224
1067,474374719664,474381458864,6739200,4911360
1068,474381474416,474387022448,5548032,6469600
1069,474387038848,474394585120,7546272,4224304
1070,474394600832,474401193344,6592512,5679520
1071,474401276560,474407104704,5828144,5883664
1072,474407129216,474414574304,7445088,4987136
1073,474414590464,474419798608,5208144,6579168
1074,474419853856,474426478128,6624272,6180784
1075,474426493216,474433361792,6868576,4474688
1076,474433427632,474439348928,5921296,5787168
1077,474439364784,474446928096,7563312,4104128
1078,474447014544,474454108880,7094336,6120480
1079,474454131488,474459583568,5452080,5477744
1080,474459599248,474466370736,6771488,5368544
1081,474466425136,474471474864,5049728,5755360
1082,474471490848,474478595344,7104496,4534432
1083,474478611296,474485073088,6461792,5844640
1084,474485089280,474491441632,6352352,7097008
1085,474491457008,474498196992,6739984,5690768
1086,474498299120,474503731424,5432304,5138176
1087,474503746976,474510576064,6829088,6204064
1088,474510591280,474518673072,8081792,5329648
1089,474518690880,474525363840,6672960,5064208
1090,474525428752,474531502016,6073264,6451712
1091,474531578832,474538706080,7127248,5467280
1092,474538721760,474545035728,6313968,5343856
1093,474545052784,474551099936,6047152,6230032
1094,474551117600,474558551648,7434048,5963232
1095,474558567008,474565018928,6451920,4567520
1096,474565034336,474571362784,6328448,6054128
1097,474571427568,474578592816,7165248,4326944
1098,474578608464,474585556048,6947584,5855408
1099,474585574000,474591123568,5549568,4662560
1100,474591140080,474598177696,7037616,5999008
1101,474598194240,474603504640,5310400,5865472
1102,474603554080,474610360048,6805968,4556720
1103,474610376144,474616022608,5646464,6000256
1104,474616038896,474623021616,6982720,4404192
1105,474623037968,474629887088,6849120,6036208
1106,474629902304,474635443808,5541504,6036288
1107,474635459456,474642444064,6984608,4449392
1108,474642459456,474647848256,5388800,6379216
1109,474647864816,474654884464,7019648,5325344
1110,474654901136,474661920752,7019616,5633200
1111,474661997424,474667370144,5372720,6291280
1112,474667437056,474674749360,7312304,6139616
1113,474674766448,474681074704,6308256,5112832
1114,474681131696,474687707904,6576208,5874832
1115,474687724224,474694999184,7274960,5900720
1116,474695014304,474702138800,7124496,4657136
1117,474702154160,474708251632,6097472,7047264
1118,474709062032,474715126464,6064432,6110512
1119,474715143040,474722027184,6884144,5863536
1120,474722043264,474727684320,5641056,4652496
1121,474727702096,474735731584,8029488,5947936
1122,474735747296,474742842096,7094800,5826176
1123,474742857952,474749705632,6847680,5048112
1124,474749740352,474755358128,5617776,6874048
1125,474755373792,474762306064,6932272,5952752
1126,474762322608,474769132240,6809632,4580208
1127,474769147536,474775180352,6032816,5516944
1128,474775196688,474783054400,7857712,4710480
1129,474783111600,474790007152,6895552,6208208
1130,474790023136,474795587360,5564224,5295312
1131,474795602752,474802104304,6501552,4846592
1132,474802121680,474807814784,5693104,5762336
1133,474807833040,474815022992,7189952,5089536
1134,474815039568,474821318304,6278736,5708688
1135,474821334496,474827164896,5830400,5177472
1136,474827181568,474833927232,6745664,5066560
1137,474833999104,474840016768,6017664,6626656
1138,474840033568,474846725456,6691888,4417312
1139,474846742336,474852902928,6160592,6693040
1140,474852918464,474858969488,6051024,6139968
1141,474858994656,474866596144,7601488,5148336
1142,474866613024,474872013456,5400432,5015504
1143,474872029488,474879706496,7677008,6689216
1144,474879722768,474886846464,7123696,6756368
1145,474886862224,474892994800,6132576,5988880
1146,474893011776,474899010304,5998528,4631600
1147,474899029184,474906699520,7670336,6352608
1148,474906716320,474914455888,7739568,6707424
1149,474914471840,474921444768,6972928,6605232
1150,474921486416,474927076368,5589952,6427568
1151,474927125872,474934428976,7303104,5416768
1152,474934454592,474942136400,7681808,5780208
1153,474942153952,474949741632,7587680,5767520
1154,474949758704,474957169200,7410496,4980144
1155,474957186768,474963585968,6399200,6056688
1156,474963601984,474970366176,6764192,4730448
1157,474970425504,474977133696,6708192,5999248
1158,474977150688,474983113840,5963152,6289104
1159,474983137536,474990170528,7032992,6165968
1160,474990186048,474995900976,5714928,4769888
1161,474995916448,475002900224,6983776,7452368
1162,475002916016,475010189328,7273312,5983488
1163,475010206624,475017355296,7148672,6134864
1164,475017372048,475023125184,5753136,5182976
1165,475023142560,475031577552,8434992,6896368
1166,475031595984,475038561040,6965056,6823664
1167,475038578496,475045695904,7117408,5099248
1168,475045713680,475051878880,6165200,6376528
1169,475051896112,475059775248,7879136,6554064
1170,475059841760,475067598912,7757152,5932304
1171,475067628160,475077887760,10259600,4872064
1172,475077905040,475083987008,6081968,6634976
1173,475084004432,475091363536,7359104,5752112
1174,475091430224,475098917600,7487376,4731872
1175,475098976976,475105849904,6872928,6303776
1176,475105866432,475111721968,5855536,6183392
1177,475111738448,475119356944,7618496,4601520
1178,475119374400,475126109056,6734656,6562192
1179,475126137696,475131840928,5703232,6867792
1180,475131857648,475139144704,7287056,6185728
1181,475139161968,475146328096,7166128,6827376
1182,475146344384,475151929616,5585232,7049920
1183,475151986576,475159491808,7505232,6168912
1184,475159508544,475167359600,7851056,5012624
1185,475167419984,475174545328,7125344,5814160
1186,475174562240,475182372704,7810464,5869520
1187,475182426992,475190422624,7995632,5174272
1188,475190439744,475197591536,7151792,5872800
1189,475197607824,475203604160,5996336,6279408
1190,475203621008,475210418320,6797312,5002624
1191,475210442688,475217287840,6845152,5840032
1192,475217305072,475223462112,6157040,5993088
1193,475223478464,475230334912,6856448,4878768
1194,475230351136,475237614320,7263184,6040320
1195,475237631616,475243616944,5985328,5606000
1196,475243635088,475250456976,6821888,5527952
1197,475250475056,475257450064,6975008,6080960
1198,475257468992,475263328832,5859840,5989008
1199,475263345776,475270369152,7023376,5150768
1200,475270434768,475276975152,6540384,6428912
1201,475276991664,475283503104,6511440,6552720
1202,475283558864,475290584064,7025200,7025008
1203,475290600912,475297573072,6972160,6743904
1204,475297591568,475303723840,6132272,5966416
1205,475303740656,475311152752,7412096,4923088
1206,475311169504,475318705472,7535968,6068976
1207,475318722400,475326730480,8008080,6000368
1208,475326747808,475334474384,7726576,5021712
1209,475334491072,475341440800,6949728,5549120
1210,475341458048,475347363888,5905840,6064432
1211,475347439232,475354432864,6993632,5652192
1212,475354449296,475361433232,6983936,6581376
1213,475361450064,475367454944,6004880,6030032
1214,475367471840,475374004064,6532224,6256960
1215,475374020528,475381068496,7047968,6918176
1216,475381133024,475387720688,6587664,5072224
1217,475387737680,475395302064,7564384,5450336
1218,475395318560,475402332096,7013536,5999008
1219,475402348448,475409589056,7240608,5258576
1220,475409605760,475417507232,7901472,6419968
1221,475417561280,475423579456,6018176,6347728
1222,475423596752,475430029792,6433040,6315104
1223,475430046944,475437028800,6981856,5230144
1224,475437045792,475443287376,6241584,5988128
1225,475443305936,475450707344,7401408,5887872
1226,475450724336,475458055072,7330736,4808528
1227,475458128928,475465370176,7241248,6195632
1228,475465450256,475471600320,6150064,6073792
1229,475471617456,475478588448,6970992,5152960
1230,475478605376,475485476320,6870944,6645952
1231,475485492816,475491284848,5792032,6249152
1232,475491301424,475498480480,7179056,6000464
1233,475498497632,475505554272,7056640,5029792
1234,475505579328,475511707232,6127904,6256240
1235,475511726096,475519353184,7627088,5709904
1236,475519369616,475526602336,7232720,4829088
1237,475526671216,475533602800,6931584,5942288
1238,475533619136,475539632592,6013456,6235824
1239,475539706928,475546888832,7181904,5095232
1240,475546905664,475553598736,6693072,6735680
1241,475553615184,475559427824,5812640,5982336
1242,475559452240,475566370112,6917872,4618384
1243,475566446096,475573605936,7159840,6589280
1244,475573622688,475579701168,6078480,6383360
1245,475579717920,475587436848,7718928,6419280
1246,475587453840,475594419184,6965344,6119392
1247,475594437024,475600037568,5600544,5373216
1248,475600054128,475607626848,7572720,7978208
1249,475607685712,475615010208,7324496,5072368
1250,475615035504,475622429488,7393984,6244976
1251,475622446144,475629548880,7102736,6304688
1252,475629574464,475635922096,6347632,4974448
1253,475635987328,475644900304,8912976,6107984
1254,475644923072,475650972672,6049600,5728048
1255,475650990576,475658217648,7227072,5131504
1256,475658308192,475665522336,7214144,5987600
1257,475665539008,475671496784,5957776,6013296
1258,475671555968,475678604768,7048800,5035168
1259,475678671920,475685332816,6660896,5497120
1260,475685349712,475691464320,6114608,5020528
1261,475691480832,475698451920,6971088,6418224
1262,475698469232,475705465216,6995984,6420784
1263,475705482368,475711500384,6018016,6482496
1264,475711554784,475717997504,6442720,5805968
1265,475718023456,475724018032,5994576,5290496
1266,475724034976,475731436256,7401280,6051136
1267,475731453120,475738857040,7403920,5863504
1268,475738873968,475746339536,7465568,4977840
1269,475746356448,475753145504,6789056,6148912
1270,475753161856,475759436000,6274144,5612336
1271,475759453056,475766487136,7034080,5234432
1272,475766503488,475773350640,6847152,6286416
1273,475773366896,475779328480,5961584,6067200
1274,475779345328,475786477392,7132064,4679504
1275,475786493888,475793089728,6595840,7135328
1276,475793150512,475799324160,6173648,6399280
1277,475799340720,475806610576,7269856,6817712
1278,475806690304,475813677776,6987472,5794864
1279,475813700400,475819357280,5656880,4847552
1280,475819388816,475827492608,8103792,6235696
1281,475827508832,475834891888,7383056,7019696
1282,475834909072,475842709600,7800528,5996256
1283,475842727504,475849504464,6776960,5099904
1284,475849558032,475855352016,5793984,6334272
1285,475855368432,475862587712,7219280,6508576
1286,475862604128,475870607408,8003280,5927088
1287,475870682656,475877603664,6921008,4880624
1288,475877620896,475883703568,6082672,5790544
1289,475883720512,475891037840,7317328,5846736
1290,475891054480,475898546416,7491936,5498384
1291,475898564144,475905473504,6909360,6011488
1292,475905490048,475911354128,5864080,5951328
1293,475911371376,475918144672,6773296,5272912
1294,475918161024,475924991408,6830384,6414800
1295,475925016960,475931489792,6472832,6905968
1296,475931506496,475938501280,6994784,6433312
1297,475938574160,475945452608,6878448,6398576
1298,475945469568,475951725520,6255952,4877776
1299,475951742032,475959140320,7398288,6666736
1300,475959157296,475967046288,7888992,5908960
1301,475967063152,475974479600,7416448,6152048
1302,475974496304,475981878176,7381872,4663072
1303,475981895328,475987755952,5860624,6339280
1304,475987812784,475995422688,7609904,6013216
1305,475995441008,476002331648,6890640,5218640
1306,476002348768,476009483696,7134928,6725584
1307,476009500720,476015146768,5646048,6151808
1308,476015163456,476022486048,7322592,5752704
1309,476022502784,476029499264,6996480,4961456
1310,476029554352,476035717904,6163552,5762400
1311,476035734416,476043443488,7709072,6254640
1312,476043460016,476050595296,7135280,5702912
1313,476050612240,476057348000,6735760,6280240
1314,476057364592,476063309456,5944864,6796976
1315,476063326064,476070071856,6745792,6605408
1316,476070135632,476077326496,7190864,5647552
1317,476077343200,476084029408,6686208,5101712
1318,476084045920,476091309648,7263728,6003280
1319,476091330688,476099106624,7775936,6017056
1320,476099126320,476106712032,7585712,4949584
1321,476106728704,476113359584,6630880,6023712
1322,476113419360,476119461296,6041936,6099760
1323,476119478064,476126464576,6986512,4943216
1324,476126481248,476133481632,7000384,5930080
1325,476133498928,476139431216,5932288,5890992
1326,476139447904,476146454928,7007024,5255664
1327,476146471792,476153554688,7082896,5996880
1328,476153571792,476159497904,5926112,4489664
1329,476159549616,476166427984,6878368,6430048
1330,476166444576,476173318976,6874400,5800976
1331,476173335760,476179574640,6238880,5758272
1332,476179591328,476186571520,6980192,5116560
1333,476186588272,476192061184,5472912,6022800
1334,476192905344,476199491232,6585888,5869232
1335,476199507488,476206292208,6784720,5400064
1336,476206309440,476213050480,6741040,5849264
1337,476213067376,476219167040,6099664,4602688
1338,476219183840,476226189840,7006000,5543904
1339,476226278608,476233059072,6780464,4137392
1340,476233117664,476239459136,6341472,5980176
1341,476239474640,476246308400,6833760,5572224
1342,476246324720,476251911088,5586368,4843872
1343,476251928400,476258454992,6526592,5761952
1344,476258472432,476263592384,5119952,7711712
1345,476263608064,476270572560,6964496,4260832
1346,476270589296,476277144784,6555488,6122288
1347,476277163328,476282988656,5825328,5719904
1348,476283005456,476289750608,6745152,4940944
1349,476289766912,476298462320,8695408,5968176
1350,476298480016,476303723152,5243136,3981872
1351,476303740080,476310845440,7105360,3590368
1352,476310862144,476317565344,6703200,5518512
1353,476317583088,476323506288,5923200,3597200
1354,476323561136,476330474464,6913328,3612928
1355,476330490992,476335456336,4965344,5918416
1356,476335474736,476340046704,4571968,3661664
1357,476340081312,476346565216,6483904,5637552
1358,476346582800,476351162416,4579616,4326368
1359,476351179184,476355775344,4596160,5689792
1360,476355840096,476362693760,6853664,4428144
1361,476362712000,476367355424,4643424,4037312
1362,476367420064,476373992976,6572912,5400800
1363,476374009584,476379319344,5309760,4308928
1364,476379336816,476386009136,6672320,5169744
1365,476386026752,476391437280,5410528,5139072
1366,476391454000,476402419616,10965616,6254816
1367,476402436176,476407456928,5020752,6188992
1368,476407472976,476413857728,6384752,5136736
1369,476413874752,476419166656,5291904,5951632
1370,476419183456,476425336400,6152944,6278288
1371,476425353312,476431475472,6122160,4714368
1372,476431492192,476438730288,7238096,5987968
1373,476438747152,476445919280,7172128,5992544
1374,476445978752,476452056016,6077264,4908752
1375,476452874224,476459007648,6133424,6135680
1376,476459024896,476466285936,7261040,6165200
1377,476466302096,476472000304,5698208,4829296
1378,476472015712,476478988272,6972560,6020864
1379,476479005648,476485980816,6975168,6702320
1380,476485997952,476491889568,5891616,6413232
1381,476491906144,476499025248,7119104,5901760
1382,476499042560,476506190448,7147888,4946576
1383,476506284064,476512019744,5735680,6462240
1384,476512035936,476519040608,7004672,5508736
1385,476519056912,476526742928,7686016,5392272
1386,476526760864,476534156160,7395296,5930672
1387,476534172768,476541057920,6885152,6270080
1388,476541118464,476547004496,5886032,4897568
1389,476547021008,476554466736,7445728,6259552
1390,476554483072,476560975472,6492400,5727424
1391,476560994208,476567367744,6373536,4722576
1392,476567424064,476574298416,6874352,6667904
1393,476574315792,476581568496,7252704,6428736
1394,476581587552,476587466064,5878512,6088928
1395,476587483120,476594725616,7242496,4945760
1396,476594741696,476601453040,6711344,6177136
1397,476601470128,476607175616,5705488,6205376
1398,476607191552,476614843520,7651968,4598544
1399,476614859536,476622272256,7412720,6035840
1400,476622290400,476629361184,7070784,5567088
1401,476629418928,476635306944,5888016,5400304
1402,476635322752,476642484080,7161328,6773232
1403,476642500544,476649689456,7188912,6498848
1404,476649706304,476655288000,5581696,5650272
1405,476655305056,476662323840,7018784,5073504
1406,476662340144,476668890928,6550784,6690000
1407,476668906416,476675291232,6384816,6788480
1408,476675307856,476683064464,7756608,6352416
1409,476683122608,476690563312,7440704,4860832
1410,476690580464,476697213584,6633120,6445280
1411,476697230560,476703287088,6056528,6331136
1412,476703304560,476710977088,7672528,6977504
1413,476710997200,476718765568,7768368,6134304
1414,476718824672,476726117984,7293312,5040656
1415,476726142704,476731978816,5836112,6216736
1416,476732000576,476739424096,7423520,6578928
1417,476739451328,476746755232,7303904,5625104
1418,476746814864,476754732736,7917872,5107872
1419,476754750000,476761867040,7117040,6157856
1420,476761887824,476767907696,6019872,6149072
1421,476767924256,476775124432,7200176,4881792
1422,476775141360,476782703360,7562000,6539856
1423,476782720480,476789328464,6607984,6275088
1424,476789345232,476795436336,6091104,6192608
1425,476795453872,476802594192,7140320,4820656
1426,476802610656,476809743264,7132608,6011776
1427,476809759888,476815625056,5865168,5709232
1428,476815684208,476823164912,7480704,5262256
1429,476823181872,476830440000,7258128,5877616
1430,476830458464,476837632608,7174144,5740432
1431,476837693808,476843453264,5759456,5561200
1432,476843470288,476850465040,6994752,6272992
1433,476850481680,476857174272,6692592,8011984
1434,476857190784,476863436528,6245744,6659232
1435,476863455728,476870314144,6858416,5941056
1436,476870336368,476877054576,6718208,4523456
1437,476877071952,476883615776,6543824,5844720
1438,476883632768,476890888768,7256000,6572048
1439,476890905696,476899900752,8995056,5694832
1440,476899917792,476907559984,7642192,5420816
1441,476907576976,476914501040,6924064,6432320
1442,476914548304,476920024496,5476192,6764112
1443,476920039760,476926869216,6829456,6063056
1444,476926886704,476934441264,7554560,4917920
1445,476934457808,476941136096,6678288,7313120
1446,476941153168,476947556912,6403744,6316464
1447,476947582112,476954989232,7407120,6202160
1448,476955008640,476962753344,7744704,6027056
1449,476962811216,476969816400,7005184,4888400
1450,476969858272,476975734320,5876048,6367424
1451,476975752480,476984047440,8294960,6429552
1452,476984911984,476991363904,6451920,4740928
1453,476991431440,476998566064,7134624,6474864
1454,476998583296,477005593120,7009824,6347136
1455,477005610656,477011481520,5870864,5771872
1456,477011498672,477018848944,7350272,4397664
1457,477018867088,477026278496,7411408,6700288
1458,477026295968,477032019424,5723456,5714944
1459,477032036544,477039494288,7457744,4573232
1460,477039573808,477046841424,7267616,6607376
1461,477046858752,477053613296,6754544,7270480
1462,477053631104,477059010960,5379856,6794240
1463,477059028288,477066711248,7682960,6923568
1464,477066729056,477073426192,6697136,7142496
1465,477073445520,477078999424,5553904,7101776
1466,477079016832,477091136720,12119888,6950608
1467,477091154320,477098744096,7589776,6684752
1468,477098763088,477107014576,8251488,5746752
1469,477107032736,477114808816,7776080,5225872
1470,477114837120,477122732384,7895264,6286800
1471,477122751056,477130874880,8123824,6949248
1472,477130893824,477138976656,8082832,6747024
1473,477139027136,477146927264,7900128,6026048
1474,477146989568,477154612016,7622448,5013504
1475,477154683472,477161358768,6675296,5855760
1476,477161376032,477167584640,6208608,6164000
1477,477167602064,477174871440,7269376,6811824
1478,477174888240,477182820688,7932448,4898448
1479,477182838832,477190567712,7728880,6159616
1480,477190584768,477197593760,7008992,6221744
1481,477197610368,477203607264,5996896,5013968
1482,477203623824,477210463024,6839200,6285360
1483,477210479296,477217627024,7147728,6448960
1484,477217693312,477225438848,7745536,5708992
1485,477225456864,477231337296,5880432,5279408
1486,477231353888,477238496912,7143024,5834576
1487,477238545600,477245718656,7173056,5836752
1488,477245735856,477251732624,5996768,5462544
1489,477251749072,477259017984,7268912,5885440
1490,477259035120,477266466944,7431824,6004704
1491,477266483424,477273175936,6692512,5129744
1492,477273192848,477279455344,6262496,6739968
1493,477279472544,477286289920,6817376,6494928
1494,477286307440,477293126672,6819232,6611616
1495,477293148128,477299589216,6441088,6287872
1496,477299607664,477306474656,6866992,4463584
1497,477306491360,477313479360,6988000,6468160
1498,477313495760,477319609104,6113344,5775296
1499,477319626736,477327349072,7722336,4979696
1500,477327367088,477334844000,7476912,6166608
1501,477334861568,477342455616,7594048,5876736
1502,477342473392,477349743488,7270096,5097984
1503,477349761056,477355207072,5446016,6134000
1504,477355317472,477362675232,7357760,5663136
1505,477362696000,477369450528,6754528,5102096
1506,477369467984,477375430224,5962240,5864576
1507,477375450176,477382596832,7146656,6113472
1508,477382614096,477389473568,6859472,5040816
1509,477389490688,477395571552,6080864,5961856
1510,477395588112,477402705552,7117440,6687456
1511,477402722304,477409368688,6646384,4704240
1512,477409448384,477415470784,6022400,6272464
1513,477415486896,477422335360,6848464,6032592
1514,477422351200,477429448832,7097632,4868544
1515,477429465136,477435489648,6024512,6814112
1516,477435505744,477442451504,6945760,6652768
1517,477442467504,477450138960,7671456,5969312
1518,477450155408,477455843200,5687792,5856352
1519,477455859856,477463115664,7255808,4705088
1520,477463134128,477470148256,7014128,6562912
1521,477470164896,477476016800,5851904,5844192
1522,477476033376,477483830912,7797536,5278736
1523,477483847376,477491483680,7636304,6574560
1524,477491500400,477498452992,6952592,6083248
1525,477498470192,477505309344,6839152,6404912
1526,477505326192,477511014432,5688240,4996928
1527,477511030720,477518577344,7546624,6572160
1528,477518596688,477525421536,6824848,6129696
1529,477525441152,477531700272,6259120,6017632
1530,477531717456,477539274832,7557376,4950704
1531,477539292080,477546358080,7066000,5712592
1532,477546415936,477553762992,7347056,5903824
1533,477553822176,477559759920,5937744,5399968
1534,477559835696,477567332080,7496384,6896832
1535,477567349792,477574461776,7111984,5834032
1536,477574478720,477581479408,7000688,6003120
1537,477581496688,477587430112,5933424,5141232
1538,477587447552,477594142704,6695152,6442960
1539,477594160160,477601046528,6886368,6636496
1540,477601063312,477607446496,6383184,5928880
1541,477607463808,477615343328,7879520,5193696
1542,477615360336,477622177360,6817024,6217824
1543,477622194000,477629180480,6986480,6976816
1544,477629197680,477635321712,6124032,6564400
1545,477635339392,477642764672,7425280,5750720
1546,477642823296,477650401168,7577872,5536448
1547,477650460336,477657330048,6869712,6144768
1548,477657347520,477663523744,6176224,6633504
1549,477663576992,477670741568,7164576,6025872
1550,477670758784,477678718384,7959600,5262800
1551,477678736016,477686282784,7546768,6402016
1552,477686300800,477693033504,6732704,6944288
1553,477693052608,477699569952,6517344,6212800
1554,477699586864,477706714720,7127856,6491888
1555,477706731968,477714348224,7616256,4785376
1556,477714365424,477721374096,7008672,6038112
1557,477721391056,477727636896,6245840,6471536
1558,477727696880,477735038912,7342032,4783216
1559,477735144048,477742983200,7839152,6828192
1560,477743003104,477750196000,7192896,6271168
1561,477750286432,477757687888,7401456,6559376
1562,477757711056,477763473264,5762208,5936192
1563,477763491248,477770511376,7020128,5404384
1564,477770529296,477777982912,7453616,6815344
1565,477778001328,477783766128,5764800,5923120
1566,477783827136,477791594320,7767184,6084336
1567,477791611744,477798865488,7253744,5305024
1568,477798882880,477806424864,7541984,6402016
1569,477806450896,477813361056,6910160,6469760
1570,477813440544,477819765440,6324896,6544064
1571,477819833024,477827580784,7747760,6038016
1572,477827598384,477834503904,6905520,5076960
1573,477834552240,477841588240,7036000,5853584
1574,477841605600,477847893264,6287664,4546752
1575,477847910624,477855295280,7384656,6351584
1576,477855311536,477862765040,7453504,6517120
1577,477862832128,477870309104,7476976,5884048
1578,477870326032,477877347120,7021088,4917056
1579,477877364256,477883424080,6059824,5785344
1580,477883449968,477890277664,6827696,5890912
1581,477890302544,477895824416,5521872,5179680
1582,477895841856,477903176000,7334144,6091072
1583,477903192592,477910693120,7500528,5930016
1584,477910711632,477917577168,6865536,5083328
1585,477917593952,477923494224,5900272,5894656
1586,477923546896,477930279568,6732672,6231856
1587,477930296560,477937170480,6873920,5039984
1588,477937186976,477943350160,6163184,6745040
1589,477943365568,477950441232,7075664,6075440
1590,477950459440,477957371248,6911808,4612560
1591,477957452208,477963454576,6002368,6267744
1592,477963471504,477970349232,6877728,6124992
1593,477970365488,477977581088,7215600,5745712
1594,477977598496,477983621072,6022576,5281936
1595,477983676448,477991366112,7689664,6067200
1596,477991434768,477998441552,7006784,6079872
1597,477998458736,478004054112,5595376,5003840
1598,478004916384,478011321856,6405472,5535824
1599,478011354768,478018446848,7092080,6556864
1600,478018463408,478025192560,6729152,4755776
1601,478025208352,478031474496,6266144,5452560
1602,478031491408,478038541696,7050288,6157536
1603,478038561008,478045621568,7060560,5368064
1604,478045638864,478051625408,5986544,6159856
1605,478051682336,478058161232,6478896,5989024
1606,478058177904,478065718096,7540192,4994656
1607,478065742304,478071473872,5731568,5837904
1608,478071490704,478077926432,6435728,6004608
1609,478078020464,478085083968,7063504,6775248
1610,478085103936,478091452032,6348096,5124336
1611,478091468592,478098611888,7143296,6608336
1612,478098681040,478105600912,6919872,6603600
1613,478105618112,478111595568,5977456,6177072
1614,478111612064,478118433472,6821408,4766960
1615,478118450064,478125438080,6988016,6318720
1616,478125458576,478133213328,7754752,6928176
1617,478133240432,478139337664,6097232,6450608
1618,478139354672,478146946000,7591328,6135008
1619,478146997296,478154549600,7552304,5275888
1620,478154606704,478161726672,7119968,5693328
1621,478161743424,478167493632,5750208,5865968
1622,478167553568,478174812352,7258784,5138336
1623,478174838560,478182740528,7901968,5818816
1624,478182757088,478190191136,7434048,6370848
1625,478190207456,478197326144,7118688,5252576
1626,478197343136,478203602032,6258896,6176528
1627,478203618256,478210295360,6677104,6133344
1628,478210312016,478217161328,6849312,4700064
1629,478217178320,478223299664,6121344,6799616
1630,478223316496,478230118480,6801984,5938992
1631,478230138384,478237489328,7350944,6241872
1632,478237506368,478243741904,6235536,5125600
1633,478243758720,478250918432,7159712,6593520
1634,478250975680,478258051776,7076096,6152784
1635,478258068048,478263751840,5683792,5611856
1636,478263768576,478271551456,7782880,5357632
1637,478271578880,478278490448,6911568,5902176
1638,478278507184,478285732320,7225136,6084400
1639,478285748800,478291857920,6109120,5325440
1640,478291874224,478299451440,7577216,6544736
1641,478299468048,478306604224,7136176,5851984
1642,478306686176,478313216080,6529904,7075232
1643,478313303200,478319573712,6270512,6225104
1644,478319590848,478326475888,6885040,4599488
1645,478326492656,478333560288,7067632,6372208
1646,478333577856,478339885728,6307872,6023776
1647,478339902752,478347430464,7527712,4786896
1648,478347449952,478354282448,6832496,6179856
1649,478354301200,478362357680,8056480,5735392
1650,478362416816,478369582784,7165968,5073728
1651,478369600480,478375182272,5581792,6229184
1652,478375286704,478382554480,7267776,5716672
1653,478382573328,478389578256,7004928,5132160
1654,478389595984,478395365152,5769168,6478864
1655,478395423552,478402545008,7121456,6637248
1656,478402570336,478409280400,6710064,5825792
1657,478409297760,478415354128,6056368,4767536
1658,478415371504,478422583312,7211808,5887568
1659,478422601632,478429299984,6698352,4881168
1660,478429318272,478435432144,6113872,5682256
1661,478435450736,478442911008,7460272,6302144
1662,478442930240,478450548256,7618016,4538240
1663,478450576720,478457374048,6797328,5708160
1664,478457445232,478463141584,5696352,5906096
1665,478463158656,478470029152,6870496,5711840
1666,478470044976,478475910320,5865344,5960624
1667,478475926288,478482592576,6666288,6325856
1668,478482608960,478489894720,7285760,3833168
1669,478489911600,478495432960,5521360,5950000
1670,478495448784,478502141120,6692336,5146944
1671,478502157968,478509047216,6889248,6315632
1672,478509064224,478515759056,6694832,6732352
1673,478515813360,478522719680,6906320,6260896
1674,478522736176,478530045536,7309360,6221760
1675,478530062224,478534878704,4816480,6632688
1676,478534894384,478541828704,6934320,5368048
1677,478541845120,478547975648,6130528,5611472
1678,478547993072,478555291280,7298208,4861120
1679,478555308464,478563023632,7715168,6477872
1680,478563041120,478570284528,7243408,5862352
1681,478570318160,478577506288,7188128,6498864
1682,478577558528,478585138976,7580448,4512720
1683,478585155584,478591507024,6351440,5645824
1684,478591561088,478598118496,6557408,6033024
1685,478598137216,478603979616,5842400,5334032
1686,478603997856,478611457488,7459632,5599376
1687,478611473936,478618319840,6845904,4795056
1688,478618336368,478625818704,7482336,6325104
1689,478625839104,478631331424,5492320,6404240
1690,478631347680,478637977248,6629568,6016704
1691,478638004640,478645010272,7005632,4785552
1692,478645027216,478651344304,6317088,6092368
1693,478651361040,478657943680,6582640,5972016
1694,478657996480,478663738736,5742256,4970688
1695,478663755440,478671063840,7308400,6252640
1696,478671121024,478678468080,7347056,5875568
1697,478678484448,478685484784,7000336,5024656
1698,478685501248,478691270336,5769088,6692352
1699,478691287136,478698362704,7075568,7170224
1700,478698430560,478705334720,6904160,6551984
1701,478705351232,478711305408,5954176,6961488
1702,478711321920,478718558048,7236128,6333840
1703,478718577056,478725433616,6856560,6147856
1704,478725450176,478731458272,6008096,5391104
1705,478731475424,478739150624,7675200,6267904
1706,478739167408,478747320848,8153440,6457840
1707,478747337664,478754872832,7535168,6389056
1708,478754889872,478762834320,7944448,6738112
1709,478762852192,478770168160,7315968,4779968
1710,478770185104,478777316016,7130912,5829296
1711,478777332576,478783707120,6374544,4569232
1712,478783732720,478790975024,7242304,6559888
1713,478791000288,478798432864,7432576,10626800
1714,478798449632,478805821920,7372288,6213424
1715,478805838720,478813560032,7721312,6159632
1716,478813578832,478819340000,5761168,5121072
1717,478819356544,478826169296,6812752,5914032
1718,478826185648,478831738528,5552880,5595184
1719,478831754864,478839298416,7543552,5544368
1720,478843093328,478850925216,7831888,6025072
1721,478850991888,478858138640,7146752,6004416
1722,478858155760,478865298272,7142512,4968800
1723,478865322304,478871419344,6097040,6022304
1724,478871446896,478878333376,6886480,6088704
1725,478878349712,478884928560,6578848,5267056
1726,478884995088,478891472928,6477840,6282368
1727,478891489600,478898498000,7008400,6469920
1728,478898545024,478905502416,6957392,5740480
1729,478905561744,478911471216,5909472,5219104
1730,478911487728,478918493520,7005792,6184624
1731,478918509920,478925582224,7072304,6606192
1732,478925599472,478931849280,6249808,6234512
1733,478931866464,478939131648,7265184,4600208
1734,478939149040,478946601568,7452528,6307488
1735,478946665200,478953342048,6676848,6013840
1736,478953359120,478959561152,6202032,4640272
1737,478959578736,478966745776,7167040,6191584
1738,478966763584,478974351968,7588384,5874304
1739,478974369200,478981586480,7217280,5361632
1740,478981603456,478987186688,5583232,6973952
1741,478987303296,478994494176,7190880,6376176
1742,478994542576,479001508016,6965440,6680688
1743,479001524800,479007148288,5623488,5936464
1744,479007165104,479014339872,7174768,5002400
1745,479014356816,479021214176,6857360,6052320
1746,479021321520,479027575808,6254288,6246560
1747,479027593152,479035549760,7956608,4708352
1748,479035577712,479042925936,7348224,5948192
1749,479043003088,479050606624,7603536,5631376
1750,479050670832,479057543088,6872256,5461184
1751,479057598784,479063545488,5946704,6290688
1752,479063564512,479070597808,7033296,6434016
1753,479070632976,479077844368,7211392,6187456
1754,479077861856,479083552720,5690864,5115648
1755,479083571808,479090500912,6929104,5873136
1756,479090550240,479097132288,6582048,7990576
1757,479097150192,479103593472,6443280,5945856
1758,479103610384,479110884160,7273776,6061920
1759,479110901008,479118318176,7417168,4971664
1760,479118335136,479125505632,7170496,6305696
1761,479125560512,479131621280,6060768,6615744
1762,479131678608,479138494416,6815808,6070144
1763,479138542768,479147484992,8942224,5244896
1764,479147503072,479154430848,6927776,5873536
1765,479154447856,479161492768,7044912,5792576
1766,479161544896,479167464432,5919536,5449680
1767,479167480816,479174770128,7289312,6050064
1768,479174788640,479190502528,15713888,5571488
1769,479190551024,479198118272,7567248,5324000
1770,479198136320,479205188416,7052096,5937040
1771,479205289760,479211433312,6143552,6165920
1772,479211451392,479218306848,6855456,6873312
1773,479218324496,479225099424,6774928,4898800
1774,479225166928,479231549104,6382176,6443984
1775,479231566736,479238599168,7032432,6213072
1776,479238669776,479245170656,6500880,4834576
1777,479245188080,479251494656,6306576,6722448
1778,479251558224,479258431696,6873472,5901648
1779,479258448976,479265597616,7148640,6379808
1780,479265615552,479273470928,7855376,4981296
1781,479273488944,479279369728,5880784,6460912
1782,479279427840,479286813712,7385872,6828592
1783,479286834000,479294026784,7192784,6861232
1784,479294044544,479299861360,5816816,6745264
1785,479299878896,479307583808,7704912,5658080
1786,479307600864,479314485456,6884592,5049232
1787,479314502960,479321865264,7362304,5853552
1788,479321882816,479327846560,5963744,6146480
1789,479327863872,479335307472,7443600,5244016
1790,479335325136,479343136064,7810928,6121456
1791,479343153520,479350997296,7843776,6336112
1792,479351016528,479358742560,7726032,5884240
1793,479358760512,479365400640,6640128,4845120
1794,479365417824,479371449872,6032048,6623008
1795,479371466304,479378303424,6837120,5865584
1796,479378319920,479385449904,7129984,4926096
1797,479385466896,479391693920,6227024,6272336
1798,479391711584,479398815376,7103792,5746944
1799,479398841184,479406151488,7310304,4961984
1800,479406168448,479413035728,6867280,6873056
1801,479413051504,479418880848,5829344,6777072
1802,479418897552,479426503856,7606304,7434960
1803,479426559216,479433369440,6810224,6490544
1804,479433428368,479439295536,5867168,6335440
1805,479439312144,479446567872,7255728,6785808
1806,479446586048,479453314816,6728768,4768016
1807,479453332880,479459276800,5943920,6004048
1808,479459302208,479467149856,7847648,6152880
1809,479467167648,479474926928,7759280,5086368
1810,479475003200,479483361888,8358688,6456544
1811,479483427872,479490852432,7424560,6114800
1812,479490869392,479498187872,7318480,6290448
1813,479498204560,479505973680,7769120,4779232
1814,479506000768,479511741696,5740928,6303872
1815,479511769120,479518745744,6976624,6188672
1816,479518762608,479525898624,7136016,6042048
1817,479525915616,479531984992,6069376,5412256
1818,479532001856,479539441536,7439680,6421984
1819,479539460288,479546556336,7096048,6496576
1820,479546573952,479553846784,7272832,4534176
1821,479553863744,479559626016,5762272,5959376
1822,479559685264,479566929888,7244624,6341840
1823,479567006432,479574118560,7112128,6362400
1824,479574135536,479581160608,7025072,4759744
1825,479581177856,479587572864,6395008,5739872
1826,479587590048,479594994848,7404800,5953056
1827,479595011904,479602491424,7479520,5334592
1828,479602508224,479608025600,5517376,6103920
1829,479608042288,479614984976,6942688,5758496
1830,479615004112,479622326816,7322704,5021328
1831,479622343584,479629689216,7345632,6349392
1832,479629714608,479635448960,5734352,6740304
1833,479635465632,479642188832,6723200,5995904
1834,479642286368,479649141888,6855520,4904752
1835,479649158640,479655476480,6317840,6283136
1836,479655492992,479662580400,7087408,6942528
1837,479662596672,479669338896,6742224,6014848
1838,479669355312,479675360224,6004912,6897072
1839,479675418944,479682709616,7290672,5330080
1840,479682726208,479690449920,7723712,6310112
1841,479690466688,479697445824,6979136,6989776
1842,479697463072,479703350576,5887504,6624480
1843,479703367616,479710633712,7266096,5460304
1844,479710704064,479718576240,7872176,5222704
1845,479718593216,479725591088,6997872,5859680
1846,479725609600,479733488160,7878560,4410576
1847,479733505504,479739818240,6312736,6232736
1848,479739836720,479747128352,7291632,6569616
1849,479747145760,479755118128,7972368,5957664
1850,479755136096,479762742608,7606512,4848288
1851,479762760160,479769202912,6442752,5864224
1852,479769220240,479775425616,6205376,5713616
1853,479775441712,479782285296,6843584,4836960
1854,479782300816,479787695872,5395056,5331088
1855,479787711728,479794928608,7216880,5101568
1856,479794994512,479802498224,7503712,6449136
1857,479802545408,479809455888,6910480,6124112
1858,479809472432,479815304176,5831744,4568608
1859,479815320352,479822168400,6848048,6033984
1860,479822184592,479828882016,6697424,5550112
1861,479828897536,479834718976,5821440,4998272
1862,479834734592,479841050064,6315472,4105312
1863,479841065856,479847151632,6085776,5938960
1864,479847168256,479854600768,7432512,5784960
1865,479854663360,479861724880,7061520,4451376
1866,479861741024,479867293488,5552464,6217744
1867,479867308336,479874327472,7019136,4672448
1868,479874342960,479880877584,6534624,6404576
1869,479880892880,479886875856,5982976,6218288
1870,479886891616,479891981168,5089552,5639296
1871,479892003440,479898920128,6916688,5403152
1872,479898982224,479905705088,6722864,6601968
1873,479905722336,479911156464,5434128,6116208
1874,479911172400,479918374208,7201808,4380016
1875,479918436720,479924046656,5609936,6010192
1876,479924063088,479931451232,7388144,5730848
1877,479931467968,479938669520,7201552,4767344
1878,479938686384,479945308816,6622432,4957200
1879,479945324608,479951711968,6387360,4911056
1880,479951728288,479959313936,7585648,5933536
1881,479959330688,479966430144,7099456,4592400
1882,479966446608,479971810160,5363552,6123664
1883,479971833248,479978820352,6987104,5161536
1884,479978836784,479985551200,6714416,5136144
1885,479985567744,479991318544,5750800,5927152
1886,479991334064,479997275744,5941680,4400224
1887,479997290944,480003186800,5895856,5725296
1888,480003279552,480010120336,6840784,6263520
1889,480010136816,480015712736,5575920,5009600
1890,480015729360,480022836400,7107040,5663536
1891,480022851792,480028997936,6146144,6067328
1892,480029013600,480035134080,6120480,4958080
1893,480035151424,480042061232,6909808,6543616
1894,480042115392,480047461456,5346064,5598848
1895,480047477936,480054186752,6708816,5001664
1896,480054298960,480061450272,7151312,7064688
1897,480061474416,480067459872,5985456,5466176
1898,480067476304,480074123408,6647104,4479008
1899,480074139648,480081190736,7051088,6547472
1900,480081207712,480087148816,5941104,6420784
1901,480087167280,480094692432,7525152,4420208
1902,480094711008,480101291280,6580272,5665520
1903,480101316320,480107292944,5976624,4550976
1904,480107326000,480115357632,8031632,6821248
1905,480115373616,480121823808,6450192,5432128
1906,480121841056,480127302816,5461760,6167968
1907,480127319104,480134850288,7531184,5245776
1908,480134867376,480142271072,7403696,5765744
1909,480142286800,480147691280,5404480,5741072
1910,480147708720,480154356800,6648080,5488752
1911,480154372192,480159907776,5535584,5930064
1912,480159923424,480167729024,7805600,5986768
1913,480167744384,480174161152,6416768,4838976
1914,480174178048,480181329120,7151072,6025648
1915,480181346256,480187574896,6228640,4558384
1916,480187591920,480194340640,6748720,6224832
1917,480194357888,480201081712,6723824,6304080
1918,480201138560,480207570464,6431904,5876016
1919,480207586288,480214500528,6914240,4987232
1920,480214545616,480221487296,6941680,5747856
1921,480221504384,480227326272,5821888,4567120
1922,480227343568,480234351920,7008352,6245280
1923,480234368672,480239910304,5541632,5139952
1924,480239926640,480247135136,7208496,5355920
1925,480247152560,480254439216,7286656,5658576
1926,480254456384,480261315232,6858848,5852688
1927,480261332848,480267302464,5969616,5271872
1928,480267320752,480274050320,6729568,6764336
1929,480274103968,480279617440,5513472,6109136
1930,480279635104,480286862720,7227616,4602160
1931,480286879024,480293002672,6123648,6753200
1932,480293018752,480299358592,6339840,6102256
1933,480299449472,480306017168,6567696,6135424
1934,480306035504,480312869856,6834352,4741344
1935,480312886512,480319141728,6255216,5689680
1936,480319175952,480326906064,7730112,4775552
1937,480326923424,480334015200,7091776,7010272
1938,480334032800,480339617360,5584560,5491744
1939,480339671616,480347370560,7698944,4689664
1940,480347439024,480354472816,7033792,5456320
1941,480354490928,480361608240,7117312,5865584
1942,480361625520,480367349584,5724064,4849824
1943,480367367488,480374039264,6671776,5996432
1944,480374056496,480379814816,5758320,4428960
1945,480379831424,480387825088,7993664,5844704
1946,480387843216,480394316832,6473616,5697648
1947,480394333552,480400006496,5672944,5305936
1948,480400023184,480406462816,6439632,6120928
1949,480406479472,480413328400,6848928,6291984
1950,480413344576,480419178224,5833648,5006704
1951,480419272240,480426174656,6902416,6723616
1952,480426191856,480431603616,5411760,6890048
1953,480431619792,480438448320,6828528,5823648
1954,480438464304,480445145968,6681664,5761072
1955,480445162992,480451451904,6288912,5393776
1956,480451469136,480458572832,7103696,5888480
1957,480458589600,480465864816,7275216,6093872
1958,480465882768,480471871520,5988752,4716096
1959,480471889376,480479595136,7705760,6277968
1960,480479613824,480487485184,7871360,4583680
1961,480487503808,480494308832,6805024,6033872
1962,480494326736,480501069904,6743168,6149808
1963,480501138368,480507463680,6325312,5947984
1964,480507481808,480514352160,6870352,5178992
1965,480514369792,480521446032,7076240,6107248
1966,480521463184,480527162128,5698944,5636064
1967,480527178400,480534440096,7261696,4945504
1968,480534457568,480540023776,5566208,6417584
1969,480540040864,480547057648,7016784,5681584
1970,480547120960,480554207456,7086496,5502496
1971,480554224736,480561155440,6930704,6269632
1972,480561172864,480567334432,6161568,5094208
1973,480567352048,480574441680,7089632,5036976
1974,480574458064,480581077744,6619680,6431584
1975,480581133872,480587023248,5889376,5650384
1976,480587040752,480594440832,7400080,5020784
1977,480594458032,480601122416,6664384,6455744
1978,480601138512,480607624912,6486400,6031472
1979,480607695888,480614894544,7198656,4818000
1980,480614910480,480620988752,6078272,5884176
1981,480621005744,480627025728,6019984,4147904
1982,480627041440,480634457312,7415872,5659344
1983,480634473776,480641107696,6633920,4856304
1984,480641124880,480647128480,6003600,6166496
1985,480647144208,480654584224,7440016,6152336
1986,480654601120,480661615696,7014576,5610528
1987,480661632592,480667433696,5801104,5090352
1988,480667449232,480674317872,6868640,5669008
1989,480674334384,480679465776,5131392,4844736
1990,480679481488,480686125120,6643632,5618192
1991,480686140848,480691981424,5840576,4597248
1992,480691998912,480699147920,7149008,0
1993,480699164592,480706300256,7135664,0
1994,480706317072,480712910784,6593712,0
1995,480712926848,480719001136,6074288,0
1996,480719017200,480725670144,6652944,0
1997,480725687568,480731514880,5827312,0
1998,480731568944,480738133072,6564128,0
1999,480738149616,480743730320,5580704,0
===CSV_END===
===================================================
===VMSTAT_START===
procs -----------memory---------- ---swap-- -----io---- -system-- ------cpu-----
 r  b   swpd   free   buff  cache   si   so    bi    bo   in   cs us sy id wa st
 2  0      0 120332   2812  35084    0    0    25    14  308  129 64 31  5  0  0
 2  0      0 120332   2812  35092    0    0     0     0  819  358 56 44  0  0  0
 2  0      0 120332   2812  35092    0    0     0     0  805  339 56 45  0  0  0
 2  0      0 120332   2812  35092    0    0     0     0  802  335 57 43  0  0  0
 2  0      0 120332   2812  35092    0    0     0     0  799  343 55 45  0  0  0
 2  0      0 120332   2812  35092    0    0     0     0  800  344 56 44  0  0  0
 2  0      0 120332   2820  35084    0    0     0    52  813  359 57 43  0  0  0
===VMSTAT_END===
