========================================
Signal Sender Workload (Synchronized)
========================================
Initializing shared memory...
Waiting for speedometer to register...
Found speedometer in shared memory!
Sending START command to speedometer: START: 15;5;20

Running workload signal period for 15 seconds...

Workload signal period completed.
Sending STOP command to speedometer...
Waiting for statistics from speedometer...

Stress workload terminated.
===VMSTAT_START===
procs -----------memory---------- ---swap-- -----io---- -system-- ------cpu-----
 r  b   swpd   free   buff  cache   si   so    bi    bo   in   cs us sy id wa st
 3  0      0 117112   9332  33184    0    0    37    10  254   52 85 12  3  0  0
 3  0      0 117052   9332  33184    0    0     0     0  505   17 100  0  0  0  0
 3  0      0 117052   9332  33184    0    0     0     0  506   22 99  1  0  0  0
 3  0      0 117052   9332  33184    0    0     0     0  507   21 100  0  0  0  0
 3  0      0 117052   9340  33176    0    0     0   124  509   27 99  1  0  0  0
 2  0      0 117052   9340  33184    0    0     0     0  508   16 100  0  0  0  0
 3  0      0 117052   9340  33184    0    0     0     0  509   20 100  0  0  0  0
 3  0      0 117052   9340  33184    0    0     0     0  505   16 100  0  0  0  0
 2  0      0 117052   9340  33184    0    0     0     0  507   18 100  0  0  0  0
 2  0      0 117052   9340  33184    0    0     0     0  508   16 100  0  0  0  0
 2  0      0 117052   9340  33184    0    0     0     0  506   22 100  0  0  0  0
 2  0      0 117052   9340  33184    0    0     0     0  507   16 100  0  0  0  0
 2  0      0 117052   9340  33184    0    0     0     0  506   18 100  0  0  0  0
 2  0      0 117052   9340  33184    0    0     0     0  508   18 100  0  0  0  0
 2  0      0 117052   9340  33184    0    0     0     0  507   20 100  0  0  0  0
 2  0      0 117052   9340  33184    0    0     0     0  507   22 100  0  0  0  0
 3  0      0 117052   9340  33184    0    0     0     0  514   36 98  2  0  0  0
===VMSTAT_END===
========== SPEEDOMETER RT APPLICATION RESULTS ==========
Test Configuration:
Period: 50.000 ms
Deadline: 5.000 ms
RT Priority: 99 (SCHED_FIFO)
Execution Statistics:
Total cycles: 299
Deadline misses: 1 (0.334%)
Execution Time (μs):
Mean: 203.547
Min: 135.008
Max: 2007.360
50th percentile: 148.880
95th percentile: 227.056
99th percentile: 1607.744
99.9th percentile: 2007.360
Jitter (μs):
Mean: 1921.731
Min: 1000.000
Max: 11745.648
Response Time (μs):
Mean: 2125.278
Min: 1160.128
Max: 11920.080
50th percentile: 1993.072
95th percentile: 3365.072
99th percentile: 3657.536
99.9th percentile: 11920.080
========================================================
[  382.785529] SDK:handler_do_el0_svc_pre: syscall __NR_futex (98) is not allowed
[  383.067962] SDK:handler_do_el0_svc_pre: syscall __NR_munmap (215) is not allowed
[  383.075667] SDK:handler_do_el0_svc_pre: syscall __NR_wait4 (260) is not allowed
[  383.083693] SDK:handler_do_el0_svc_pre: syscall __NR_munmap (215) is not allowed
[  383.091351] SDK:handler_do_el0_svc_pre: syscall __NR_rt_sigprocmask (135) is not allowed
[  383.099355] SDK:handler_do_el0_svc_pre: syscall __NR_futex (98) is not allowed
[  383.107545] SDK:handler_do_el0_svc_pre: syscall __NR_exit (93) is not allowed
[  383.107683] SDK:handler_do_el0_svc_pre: syscall __NR_futex (98) is not allowed
[  383.121907] SDK:handler_do_el0_svc_pre: syscall __NR_munmap (215) is not allowed
===VMSTAT_START===
procs -----------memory---------- ---swap-- -----io---- -system-- ------cpu-----
r  b   swpd   free   buff  cache   si   so    bi    bo   in   cs us sy id wa st
0  0      0  68524    512   9816    0    0     0     0   62   57  1  5 94  0  0
0  0      0  68508    512   9816    0    0     0     0   50   69  0  1 99  0  0
0  0      0  68508    512   9816    0    0     0     0   44   52  1  2 98  0  0
0  0      0  68508    512   9816    0    0     0     0   40   63  1  0 99  0  0
0  0      0  68508    512   9816    0    0     0     0   41   54  1  1 98  0  0
0  0      0  68508    512   9816    0    0     0     0   45   61  0  2 98  0  0
1  0      0  68508    512   9816    0    0     0     0   41   55  1  1 99  0  0
0  0      0  68508    512   9816    0    0     0     0   49   64  1  1 98  0  0
0  0      0  68508    512   9816    0    0     0     0   41   56  0  1 99  0  0
0  0      0  68508    512   9816    0    0     0     0   46   64  0  1 99  0  0
2  0      0  68508    512   9816    0    0     0     0   36   56  0  1 99  0  0
0  0      0  68508    512   9816    0    0     0     0   36   57  0  1 99  0  0
1  0      0  68508    512   9816    0    0     0     0   48   58  0  1 99  0  0
0  0      0  68508    512   9816    0    0     0     0   44   64  1  1 99  0  0
0  0      0  68508    512   9816    0    0     0     0   35   54  0  1 99  0  0
1  0      0  68508    512   9816    0    0     0     0  149   48  1  6 93  0  0
===VMSTAT_END===
===CSV_START===
cycle,timestamp_s,execution_time_us,jitter_us,response_time_us,deadline_miss
1,0.051521,147.472,1520.800,1668.272,0
2,0.101199,148.832,1199.088,1347.920,0
3,0.152072,292.688,2072.192,2364.880,0
4,0.201990,1614.400,1990.256,3604.656,0
5,0.251815,177.712,1814.592,1992.304,0
6,0.303175,146.048,3174.544,3320.592,0
7,0.352052,149.504,2051.632,2201.136,0
8,0.401999,149.456,1998.608,2148.064,0
9,0.452287,179.248,2287.344,2466.592,0
10,0.501963,150.048,1963.024,2113.072,0
11,0.552032,148.528,2032.464,2180.992,0
12,0.603258,170.336,3257.952,3428.288,0
13,0.651850,214.976,1849.600,2064.576,0
14,0.703074,147.504,3073.888,3221.392,0
15,0.752766,213.120,2765.648,2978.768,0
16,0.803165,145.008,3164.976,3309.984,0
17,0.851843,197.344,1842.704,2040.048,0
18,0.901735,139.040,1734.944,1873.984,0
19,0.951832,194.432,1831.616,2026.048,0
20,1.002980,156.560,2980.448,3137.008,0
21,1.052757,138.944,2756.816,2895.760,0
22,1.101843,188.400,1843.008,2031.408,0
23,1.152058,147.728,2057.600,2205.328,0
24,1.202193,227.056,2192.704,2419.760,0
25,1.252691,171.952,2691.008,2862.960,0
26,1.301783,136.752,1783.008,1919.760,0
27,1.352776,190.080,2775.824,2965.904,0
28,1.403236,145.440,3235.504,3380.944,0
29,1.452089,146.144,2088.848,2234.992,0
30,1.501948,148.352,1947.904,2096.256,0
31,1.552431,204.032,2431.024,2635.056,0
32,1.601899,184.992,1899.360,2084.352,0
33,1.652065,147.520,2065.360,2212.880,0
34,1.703284,170.784,3284.208,3454.992,0
35,1.761746,174.432,11745.648,11920.080,1
36,1.801815,210.688,1814.560,2025.248,0
37,1.851818,195.904,1818.096,2014.000,0
38,1.903074,146.192,3074.272,3220.464,0
39,1.951819,135.184,1819.456,1954.640,0
40,2.001816,218.912,1815.520,2034.432,0
41,2.052058,156.688,2057.616,2214.304,0
42,2.101890,184.192,1890.336,2074.528,0
43,2.152034,138.048,2033.744,2171.792,0
44,2.203164,146.080,3163.584,3309.664,0
45,2.251931,160.672,1931.376,2092.048,0
46,2.301787,147.616,1787.024,1934.640,0
47,2.352746,139.408,2746.176,2885.584,0
48,2.401820,188.512,1819.600,2008.112,0
49,2.451832,182.784,1832.384,2015.168,0
50,2.503355,157.696,3355.424,3513.120,0
51,2.552085,149.056,2085.360,2234.416,0
52,2.602984,141.248,2983.632,3124.880,0
53,2.652944,169.600,2944.192,3113.792,0
54,2.703001,154.000,3000.688,3154.688,0
55,2.752789,215.616,2788.688,3004.304,0
56,2.803005,137.584,3004.752,3142.336,0
57,2.852950,147.984,2950.304,3098.288,0
58,2.903197,136.640,3197.280,3333.920,0
59,2.951988,136.560,1987.776,2124.336,0
60,3.003238,154.736,3237.872,3392.608,0
61,3.052909,170.688,2909.376,3080.064,0
62,3.103324,166.032,3324.224,3490.256,0
63,3.151935,188.384,1934.640,2123.024,0
64,3.203116,148.096,3115.712,3263.808,0
65,3.252694,151.360,2694.016,2845.376,0
66,3.301888,148.800,1887.888,2036.688,0
67,3.352886,199.600,2886.160,3085.760,0
68,3.403232,145.840,3232.016,3377.856,0
69,3.452027,146.384,2027.296,2173.680,0
70,3.503106,147.152,3105.552,3252.704,0
71,3.552087,147.296,2086.528,2233.824,0
72,3.602905,192.288,2905.440,3097.728,0
73,3.652848,159.408,2847.936,3007.344,0
74,3.703050,137.488,3050.272,3187.760,0
75,3.752952,192.784,2951.600,3144.384,0
76,3.803247,181.248,3247.136,3428.384,0
77,3.852156,148.640,2156.272,2304.912,0
78,3.901985,147.600,1985.200,2132.800,0
79,3.952130,146.864,2130.096,2276.960,0
80,4.001853,1485.632,1852.912,3338.544,0
81,4.052098,147.376,2098.496,2245.872,0
82,4.101961,189.488,1960.640,2150.128,0
83,4.152095,147.024,2095.328,2242.352,0
84,4.201851,1457.376,1850.528,3307.904,0
85,4.252672,216.736,2671.888,2888.624,0
86,4.301677,230.832,1676.944,1907.776,0
87,4.351962,163.024,1961.664,2124.688,0
88,4.401838,1519.216,1838.000,3357.216,0
89,4.452076,147.936,2076.160,2224.096,0
90,4.503145,147.776,3145.328,3293.104,0
91,4.552124,149.296,2123.696,2272.992,0
92,4.602284,264.784,2284.080,2548.864,0
93,4.651992,149.664,1991.920,2141.584,0
94,4.703185,146.960,3184.528,3331.488,0
95,4.752002,146.656,2001.824,2148.480,0
96,4.803109,147.712,3109.056,3256.768,0
97,4.852958,160.352,2957.952,3118.304,0
98,4.901797,220.816,1797.280,2018.096,0
99,4.952085,148.400,2085.056,2233.456,0
100,5.001847,196.864,1846.576,2043.440,0
101,5.052678,194.592,2678.400,2872.992,0
102,5.101811,175.984,1811.040,1987.024,0
103,5.152004,136.848,2004.384,2141.232,0
104,5.203154,146.480,3153.600,3300.080,0
105,5.252836,188.768,2836.288,3025.056,0
106,5.303063,147.472,3063.232,3210.704,0
107,5.352806,159.904,2806.384,2966.288,0
108,5.403278,187.440,3277.840,3465.280,0
109,5.452052,147.120,2052.064,2199.184,0
110,5.503219,146.288,3218.784,3365.072,0
111,5.552743,154.016,2743.232,2897.248,0
112,5.601824,187.136,1823.568,2010.704,0
113,5.652845,205.664,2845.456,3051.120,0
114,5.703133,147.936,3132.960,3280.896,0
115,5.752099,147.008,2099.072,2246.080,0
116,5.801896,183.856,1896.432,2080.288,0
117,5.852047,148.000,2047.312,2195.312,0
118,5.901826,189.296,1825.584,2014.880,0
119,5.952040,138.112,2040.496,2178.608,0
120,6.003104,146.816,3104.352,3251.168,0
121,6.052062,148.688,2061.664,2210.352,0
122,6.101996,136.768,1995.968,2132.736,0
123,6.151833,160.480,1832.592,1993.072,0
124,6.203055,148.976,3054.560,3203.536,0
125,6.252135,148.432,2135.456,2283.888,0
126,6.301348,167.392,1347.904,1515.296,0
127,6.351520,146.944,1520.048,1666.992,0
128,6.401083,147.232,1082.672,1229.904,0
129,6.452067,138.256,2067.296,2205.552,0
130,6.502050,1607.744,2049.792,3657.536,0
131,6.551527,148.144,1527.216,1675.360,0
132,6.601416,152.576,1415.840,1568.416,0
133,6.653098,148.016,3097.872,3245.888,0
134,6.701387,146.944,1386.800,1533.744,0
135,6.751511,147.456,1510.768,1658.224,0
136,6.801403,150.880,1402.848,1553.728,0
137,6.853034,149.664,3034.288,3183.952,0
138,6.901168,135.840,1167.888,1303.728,0
139,6.951610,204.304,1610.480,1814.784,0
140,7.001073,147.456,1072.992,1220.448,0
141,7.051395,136.960,1395.376,1532.336,0
142,7.101264,236.512,1263.936,1500.448,0
143,7.152430,193.520,2429.872,2623.392,0
144,7.201350,148.960,1350.480,1499.440,0
145,7.251767,163.248,1766.592,1929.840,0
146,7.301123,148.112,1122.640,1270.752,0
147,7.351538,147.216,1538.384,1685.600,0
148,7.401244,145.440,1243.792,1389.232,0
149,7.451505,150.528,1504.560,1655.088,0
150,7.501304,186.528,1303.792,1490.320,0
151,7.551552,145.952,1551.616,1697.568,0
152,7.601381,147.264,1381.072,1528.336,0
153,7.651651,191.232,1651.120,1842.352,0
154,7.701224,146.944,1223.808,1370.752,0
155,7.753100,159.008,3099.936,3258.944,0
156,7.801168,146.576,1168.144,1314.720,0
157,7.851390,147.456,1390.288,1537.744,0
158,7.901411,151.312,1410.992,1562.304,0
159,7.953090,161.120,3090.080,3251.200,0
160,8.001175,136.928,1174.976,1311.904,0
161,8.051448,187.904,1448.496,1636.400,0
162,8.101278,173.328,1278.464,1451.792,0
163,8.151405,158.352,1405.408,1563.760,0
164,8.201179,135.776,1179.312,1315.088,0
165,8.251417,148.800,1416.992,1565.792,0
166,8.301332,191.296,1331.808,1523.104,0
167,8.351608,206.608,1607.600,1814.208,0
168,8.401081,147.776,1080.800,1228.576,0
169,8.452006,158.576,2006.400,2164.976,0
170,8.502002,1334.752,2001.872,3336.624,0
171,8.551494,146.144,1494.096,1640.240,0
172,8.601333,188.656,1332.960,1521.616,0
173,8.651610,210.960,1610.160,1821.120,0
174,8.701212,147.360,1211.776,1359.136,0
175,8.751489,178.128,1488.944,1667.072,0
176,8.801227,145.616,1226.688,1372.304,0
177,8.851272,167.856,1271.936,1439.792,0
178,8.901021,169.088,1021.008,1190.096,0
179,8.952257,146.752,2256.704,2403.456,0
180,9.001321,146.224,1321.200,1467.424,0
181,9.051350,172.608,1350.496,1523.104,0
182,9.101286,184.192,1286.016,1470.208,0
183,9.151445,192.432,1444.592,1637.024,0
184,9.201089,146.608,1089.296,1235.904,0
185,9.252089,147.728,2089.024,2236.752,0
186,9.301135,146.928,1135.072,1282.000,0
187,9.351517,178.816,1517.168,1695.984,0
188,9.401074,147.472,1073.776,1221.248,0
189,9.452093,146.768,2092.928,2239.696,0
190,9.501358,148.576,1357.984,1506.560,0
191,9.551506,177.984,1505.664,1683.648,0
192,9.601247,145.472,1246.720,1392.192,0
193,9.651485,154.512,1485.312,1639.824,0
194,9.701157,146.304,1157.024,1303.328,0
195,9.751524,146.960,1524.064,1671.024,0
196,9.801287,146.880,1287.424,1434.304,0
197,9.851463,148.880,1463.008,1611.888,0
198,9.901347,150.624,1346.672,1497.296,0
199,9.951518,146.624,1517.600,1664.224,0
200,10.001151,146.496,1151.040,1297.536,0
201,10.051483,175.984,1483.360,1659.344,0
202,10.101281,182.832,1280.944,1463.776,0
203,10.151489,168.960,1489.104,1658.064,0
204,10.201190,145.872,1190.208,1336.080,0
205,10.251992,148.000,1991.632,2139.632,0
206,10.301232,147.936,1231.728,1379.664,0
207,10.351381,145.488,1380.576,1526.064,0
208,10.401014,145.824,1014.304,1160.128,0
209,10.451478,154.848,1478.128,1632.976,0
210,10.501057,157.424,1056.720,1214.144,0
211,10.551547,199.072,1546.608,1745.680,0
212,10.601109,147.472,1109.152,1256.624,0
213,10.651605,221.376,1604.672,1826.048,0
214,10.701236,135.008,1236.336,1371.344,0
215,10.751383,145.808,1383.216,1529.024,0
216,10.801300,138.304,1300.240,1438.544,0
217,10.851548,207.968,1547.760,1755.728,0
218,10.901143,146.880,1143.232,1290.112,0
219,10.951483,148.416,1482.816,1631.232,0
220,11.001177,145.296,1176.528,1321.824,0
221,11.051474,172.480,1473.584,1646.064,0
222,11.101195,147.232,1194.928,1342.160,0
223,11.152147,146.272,2147.328,2293.600,0
224,11.201117,145.840,1117.312,1263.152,0
225,11.252073,147.920,2072.640,2220.560,0
226,11.301148,136.320,1148.192,1284.512,0
227,11.351392,147.152,1392.400,1539.552,0
228,11.401384,146.384,1384.256,1530.640,0
229,11.451621,186.752,1621.344,1808.096,0
230,11.501045,147.296,1045.424,1192.720,0
231,11.552110,147.680,2110.272,2257.952,0
232,11.601266,190.704,1265.952,1456.656,0
233,11.651596,208.032,1596.384,1804.416,0
234,11.701111,147.120,1110.992,1258.112,0
235,11.751617,216.112,1617.168,1833.280,0
236,11.801255,147.120,1255.024,1402.144,0
237,11.851469,177.184,1469.056,1646.240,0
238,11.901329,171.968,1328.656,1500.624,0
239,11.951892,189.664,1892.128,2081.792,0
240,12.002286,245.024,2286.256,2531.280,0
241,12.051469,145.936,1468.832,1614.768,0
242,12.101000,206.880,1000.000,1206.880,0
243,12.152025,146.272,2024.672,2170.944,0
244,12.202118,212.064,2117.520,2329.584,0
245,12.251361,145.840,1360.864,1506.704,0
246,12.301028,148.672,1027.680,1176.352,0
247,12.351523,178.112,1522.656,1700.768,0
248,12.401141,135.696,1140.512,1276.208,0
249,12.451528,144.544,1528.208,1672.752,0
250,12.501030,169.152,1029.776,1198.928,0
251,12.552075,136.416,2074.896,2211.312,0
252,12.601999,2007.360,1998.656,4006.016,0
253,12.651524,158.768,1523.888,1682.656,0
254,12.701281,188.784,1280.992,1469.776,0
255,12.751684,177.696,1684.320,1862.016,0
256,12.801122,146.880,1122.464,1269.344,0
257,12.851425,185.872,1424.688,1610.560,0
258,12.901027,185.168,1027.408,1212.576,0
259,12.952000,204.672,1999.824,2204.496,0
260,13.002041,1552.992,2041.440,3594.432,0
261,13.051419,155.040,1419.056,1574.096,0
262,13.101237,147.376,1236.544,1383.920,0
263,13.151378,147.920,1377.904,1525.824,0
264,13.201439,192.032,1438.896,1630.928,0
265,13.253130,146.768,3130.448,3277.216,0
266,13.301158,145.840,1158.208,1304.048,0
267,13.351621,181.312,1621.152,1802.464,0
268,13.401035,136.608,1034.976,1171.584,0
269,13.452058,136.144,2058.128,2194.272,0
270,13.501993,1124.080,1993.344,3117.424,0
271,13.551445,171.616,1444.976,1616.592,0
272,13.601130,135.792,1130.368,1266.160,0
273,13.651372,146.272,1371.632,1517.904,0
274,13.701325,190.448,1324.512,1514.960,0
275,13.751657,171.472,1657.248,1828.720,0
276,13.801247,136.288,1246.720,1383.008,0
277,13.852210,146.752,2210.448,2357.200,0
278,13.901140,146.688,1140.256,1286.944,0
279,13.951694,147.536,1693.872,1841.408,0
280,14.001136,136.064,1136.304,1272.368,0
281,14.052058,136.912,2058.208,2195.120,0
282,14.102160,174.016,2160.080,2334.096,0
283,14.151502,147.440,1502.432,1649.872,0
284,14.201216,145.968,1215.952,1361.920,0
285,14.251430,187.280,1430.144,1617.424,0
286,14.301138,146.928,1137.824,1284.752,0
287,14.351514,147.104,1514.432,1661.536,0
288,14.401334,153.728,1334.384,1488.112,0
289,14.452083,147.136,2083.152,2230.288,0
290,14.501418,185.616,1418.224,1603.840,0
291,14.552362,146.752,2361.936,2508.688,0
292,14.601402,151.440,1401.568,1553.008,0
293,14.653082,148.352,3082.288,3230.640,0
294,14.702173,202.688,2172.896,2375.584,0
295,14.751533,148.512,1533.280,1681.792,0
296,14.801304,153.344,1303.856,1457.200,0
297,14.851508,174.528,1507.520,1682.048,0
298,14.901380,147.024,1380.192,1527.216,0
299,14.951477,152.032,1476.928,1628.960,0
===CSV_END===
Statistics sent to li VM via shared memory
Run #14 completed. Waiting for next START command...
Waiting for START command from li VM...
