HI_NET_PING_START run=2
Probes: 2000  |  Protocol: UDP  |  Period: 1 ms  |  Msg: 64 B
hi_net_ping: sending HELLO to 127.0.0.1:5002 (protocol=UDP)...
[echo] HELLO — protocol=UDP  n_probes=2000
[echo] HELLO_ACK sent
hi_net_ping: HELLO_ACK received
[echo] run #2 — echoing probes
hi_net_ping: starting ping-echo loop (2000 probes at 1 ms)...
========== HI_NET_PING RESULTS ==========
Probes sent:        2000
Echoes received:    2000
Lost (no echo):       10 (0.500%)
RTL (us):
Mean: 3804.450    Std dev: 752.697
Min:  2308.032    Max:     13668.112
P50:  3660.160    P95:     4620.432
P99:  6745.712    P99.9:   13114.224
IAJ (us):
Mean: 3236.764    Std dev: 606.189
Min:  1735.696    Max:     9708.880
P50:  3103.088    P95:     4162.016
P99:  5550.976    P99.9:   8916.720
===CSV_START===
index,rtl_ns,iaj_ns
0,4844848,3155056
1,3455904,3728736
2,4156016,4804400
3,3819216,4684496
4,5225712,3256208
5,3644288,2939120
6,3494496,3826560
7,4249680,5950848
8,5904688,2791136
9,3405232,3630160
10,4076752,3836240
11,4178640,5216640
12,5096768,3432624
13,3982912,3063024
14,3571072,2696240
15,3267712,3615488
16,3760720,3693408
17,4040240,5178096
18,5747248,4123776
19,4454176,3537488
20,4073024,3311856
21,3838912,3938816
22,3842160,3169728
23,3735488,2766096
24,3347472,3097888
25,3698192,2956288
26,3541664,3459280
27,3995984,3039552
28,3535360,2572928
29,3081920,3661216
30,4179440,2888560
31,3458192,2697760
32,3246832,2761744
33,3261424,3360704
34,3950032,2790080
35,3251376,3198064
36,3671552,2891712
37,3417328,2763600
38,3323104,3932240
39,4463680,3164784
40,3741232,3394560
41,3970720,3287024
42,3836720,2708944
43,3335248,3272880
44,3755776,2555808
45,3104304,3690000
46,4215120,1959904
47,2493968,3427152
48,3962112,3460848
49,3937760,2686032
50,3292000,3604944
51,4153728,2759712
52,3277664,2590976
53,3147328,3153392
54,3729312,3580176
55,4139760,1735696
56,2308032,3554784
57,4010576,3281520
58,3799824,2498528
59,3076224,3299632
60,3872720,3034064
61,3639264,3086944
62,3665232,2645152
63,3258976,3319696
64,3794080,2697024
65,3273808,3114912
66,3689776,3235600
67,3793408,2826528
68,3411664,2935296
69,3555600,3278000
70,3844720,2840960
71,3362960,3056448
72,3501456,3864720
73,4427440,3602992
74,4180016,3845584
75,3851456,2983264
76,3561904,3175872
77,3774400,3174448
78,3702128,2531168
79,3100912,3093184
80,3712656,3147376
81,3730208,3772640
82,4354384,2600288
83,3248544,2678496
84,3226112,3468368
85,3982592,2490560
86,3110800,3278336
87,3862144,2704400
88,3253888,3182256
89,3748256,2613184
90,3154656,3114032
91,3733248,3130880
92,3652608,3156816
93,3744528,2915616
94,3440304,3594256
95,4085408,2613152
96,3183120,3236144
97,3710528,2969968
98,3500608,2926560
99,3438240,2755904
100,3276192,2784768
101,3271600,3426464
102,3933152,2687792
103,3222576,3321264
104,3802400,2566928
105,3128880,3013472
106,3564352,3254864
107,3841552,2627872
108,3193440,3173696
109,3734304,2791280
110,3329328,3411360
111,3998112,2737248
112,3278192,2860144
113,3320624,3331040
114,3807456,3383488
115,3903216,2740704
116,3327872,2983360
117,3490448,2884560
118,3318416,2693104
119,3193376,3319024
120,3904624,2613392
121,3135296,3165520
122,3725840,3032880
123,3603760,3013664
124,3579936,3118224
125,3698656,2721648
126,3274976,3202704
127,3789136,2986624
128,3519888,3438800
129,3982816,2903392
130,3421296,2625584
131,3146272,3018400
132,3539008,3137344
133,3646464,3460416
134,4038928,3180112
135,3813520,2841696
136,3427760,2904960
137,3464432,2768640
138,3308256,2804272
139,3273952,2664288
140,3226160,3382944
141,3992592,2659200
142,3177280,3211184
143,3784464,3366496
144,3889984,2858208
145,3383952,2727152
146,3182720,3191504
147,3773824,2786176
148,3311104,3295088
149,3877824,2602992
150,3165968,3264160
151,3859392,3355856
152,3938160,2645360
153,3237376,2868192
154,3380128,2991696
155,3577584,3238368
156,3823824,2748128
157,3302464,3068944
158,3648960,3176576
159,3705360,2607840
160,3181984,3210320
161,3775952,2864256
162,3402768,2959632
163,3544336,3940336
164,4517376,2997168
165,3577824,3316128
166,3818112,3488544
167,4050992,2762096
168,3327184,3465120
169,3989728,2716320
170,3287520,2796176
171,3342320,4063568
172,4564160,3253024
173,3817728,3155856
174,3703472,3059904
175,3064736,3944000
176,3827536,3328560
177,3900912,3670720
178,4256416,2670992
179,3292048,2685904
180,3220192,2672624
181,3204224,3264960
182,3864480,3545088
183,4127600,2593472
184,3205104,2595744
185,3078544,3137824
186,3706224,3575184
187,4158096,2761280
188,3343040,2458592
189,2996528,3174064
190,3777392,3150608
191,3721664,3030784
192,3613456,2662944
193,3237088,3204848
194,3837952,3573792
195,4141424,3264144
196,3856896,2978848
197,3566528,3227600
198,3776448,3278928
199,3822688,3345056
200,3895312,2596704
201,3144368,3114688
202,3684976,3082320
203,3663344,2968624
204,3590416,3271680
205,3842176,2854432
206,3441664,2649216
207,3229152,3330832
208,3878304,2832352
209,3364144,3275856
210,3849328,2731056
211,3352848,2898800
212,3457856,3228576
213,3799200,3185760
214,3794672,2696640
215,3271440,3405664
216,3985680,2911072
217,3492368,2872096
218,3440848,2650592
219,3201280,3171104
220,3726480,3216416
221,3744688,2597152
222,3186768,3000848
223,3568976,3378752
224,3944896,2677696
225,3264032,3174752
226,3739056,3138672
227,3763792,3513184
228,4080288,1871088
229,2426352,3344400
230,3904432,3080368
231,3601840,3161856
232,3685504,3116832
233,3698016,2587392
234,3218464,3252736
235,3749408,2699088
236,3227104,3175952
237,3740784,3034592
238,3598848,5803456
239,6367744,2804480
240,3341584,3806768
241,4300112,3446896
242,4004448,3156688
243,3572288,3551312
244,4024352,3006848
245,3586464,2300912
246,2813536,4207408
247,4683296,3514624
248,4046736,3999424
249,3918656,3027568
250,3530592,2794112
251,3323472,3834320
252,4321312,4989616
253,5172896,4324096
254,4866704,2889856
255,3453824,3688976
256,4150032,3504496
257,4064912,3661408
258,4186896,3082512
259,3682176,2889296
260,3463888,2922800
261,3509344,3218272
262,3818928,2897888
263,3307008,4413760
264,5038576,3850688
265,3693680,3138432
266,3616896,3181808
267,3710736,2792240
268,3320016,4842368
269,5394160,3698736
270,4053984,3496880
271,4054576,3678176
272,3543504,2966448
273,3516240,3614032
274,4124608,3414208
275,3992656,3428432
276,3950848,3474256
277,4020560,2810736
278,3398256,3072048
279,3626960,2819168
280,3415728,2978016
281,3528160,3420816
282,3984608,2881792
283,3456416,2714272
284,3342656,2908864
285,3473664,3474400
286,3914496,3151424
287,3723840,2835280
288,3423360,2943440
289,3475392,2646144
290,3267520,3624512
291,4201424,2979056
292,3502032,2806224
293,3382080,2949488
294,3485808,2848448
295,3459168,3051616
296,3612576,2803280
297,3420352,3824368
298,4428352,3398528
299,3976448,3359392
300,3924960,4631584
301,4551744,2991840
302,3594624,3086736
303,3664448,2740224
304,3381328,3029808
305,3633792,2898656
306,3417360,3576288
307,4017008,3600640
308,4069824,2832480
309,3406704,3268400
310,3815152,2980016
311,3646480,3057744
312,3636992,3047680
313,3619888,2899840
314,3513664,2876752
315,3429968,3081088
316,3629648,3087296
317,3681696,2867440
318,3457168,3082784
319,3702960,2894672
320,3467984,2761872
321,3335984,3533024
322,4029360,3011968
323,3505056,3282800
324,3746496,3633104
325,4113648,3208000
326,3194832,4039008
327,4033648,2771280
328,3299568,3311872
329,3860016,2745056
330,3330064,3111680
331,3673424,3327552
332,3892800,2916320
333,3438128,3053344
334,3420352,3165184
335,3584096,3366016
336,3918944,3462240
337,4053760,3488752
338,4008192,2739120
339,3332384,3459856
340,4075024,3007440
341,3577728,3041520
342,3609712,2854864
343,3358208,3015824
344,3589920,3134400
345,3706672,2840224
346,3412960,2761312
347,3342032,3178928
348,3789936,2850576
349,3385344,2858160
350,3470704,2987184
351,3479200,3351456
352,3957344,3045264
353,3639456,2971024
354,3550336,2420032
355,3049856,3357488
356,3794480,3156752
357,3697696,3243568
358,3731904,3638400
359,4149120,4640768
360,5226624,3187840
361,3657696,3565408
362,4068496,3611248
363,4136784,3449456
364,3828064,2586896
365,3147072,2807280
366,3405728,4002288
367,4632048,3505360
368,4136944,4249584
369,4190912,3132368
370,3613488,4258704
371,4705696,3079568
372,3653296,2813456
373,3415216,2726272
374,3281376,3575520
375,4077024,3133840
376,3684768,3734096
377,4087904,3560240
378,3478672,2900368
379,3600400,2932576
380,3645232,3757552
381,3580672,5025104
382,5466848,4106608
383,4607264,4568752
384,4537200,4707232
385,5282384,4733648
386,5222224,2965488
387,3501968,2855232
388,3407360,3035584
389,3612976,3788944
390,4272752,3330016
391,3919680,3292896
392,3806576,3293920
393,3835520,2872816
394,3440128,3532288
395,4097568,3023088
396,3589696,2752624
397,3273680,2650512
398,3273984,3552848
399,4120208,3067776
400,3656256,2802992
401,3325184,3006688
402,3578672,2988448
403,3570176,3068944
404,3649232,2980320
405,3485648,3073760
406,3566160,2937040
407,3444896,2916752
408,3495456,2726512
409,3321824,3240640
410,3812816,2831424
411,3373728,3008672
412,3617904,3089488
413,3682160,2997120
414,3550160,2719184
415,3299424,3424000
416,3981968,2947312
417,3506560,2859648
418,3438240,2983360
419,3601984,3076304
420,3600592,2995072
421,3596240,2838768
422,3423008,3210880
423,3733792,2950496
424,3473296,2980640
425,3565264,2814336
426,3373472,2838272
427,3446768,3382784
428,3863952,2671456
429,3268240,3038944
430,3598592,3306160
431,3917584,2962736
432,3574624,2821632
433,3392608,3273104
434,3797856,2605040
435,3239792,2892800
436,3448048,3131504
437,3635872,3413824
438,3991168,2666160
439,3248912,3487248
440,4097504,2706064
441,3267088,2750688
442,3338128,3375824
443,3969520,2763136
444,3338432,3041280
445,3615104,3137520
446,3743008,3122752
447,3674208,3251424
448,3709712,2858384
449,3386576,3035824
450,3553696,2813184
451,3312800,2898336
452,3479008,2822544
453,3427424,2746032
454,3282288,3433072
455,3958304,2815072
456,3397600,2949552
457,3517728,3771504
458,4344576,3463872
459,3972960,4255408
460,4883408,3285216
461,3812016,2959584
462,3451504,3028960
463,3468624,2938800
464,3399408,2781328
465,3285184,2843408
466,3296400,2946752
467,3535984,3353520
468,3972160,2903408
469,3424224,2980912
470,3456048,2864784
471,3394080,3941968
472,4444320,3342384
473,3947328,3464064
474,4072224,2840400
475,3380912,3401872
476,4018704,2949744
477,3533776,3020576
478,3566736,2916912
479,3468624,2590608
480,3151088,3396192
481,3945328,3049680
482,3639968,2995904
483,3559760,2785952
484,3342704,2807584
485,3358720,3919488
486,4476800,3543168
487,4028048,4252208
488,4113728,2791472
489,3338768,3139360
490,3647120,3659872
491,4182128,2952672
492,3574112,2913776
493,3471760,3121568
494,3656208,3087456
495,3720848,3706368
496,4235536,3080640
497,3599232,2841360
498,3420672,3448288
499,4006240,2967008
500,3521616,3166128
501,3719296,3091360
502,3673072,3405120
503,3779200,3374832
504,3896784,4487200
505,10428912,4552992
506,5053408,3447296
507,5032960,2936208
508,4018272,3656208
509,3436960,3274752
510,4219600,3398352
511,3874560,3664016
512,3964992,3798064
513,3639360,3464912
514,4337184,3556848
515,4066496,3695040
516,4114144,2957376
517,4320640,3038624
518,3524752,2937408
519,3647216,3058640
520,3601120,2949088
521,3657072,3006144
522,3518176,2895088
523,3548048,3086496
524,3506368,2934752
525,3702352,2968464
526,3553248,2708896
527,3508960,2866128
528,3303104,2989104
529,3434912,3102832
530,3644480,2983904
531,3749968,2842400
532,3596064,2905056
533,3455040,3303120
534,3495024,2817472
535,3936896,2805408
536,3420208,3289312
537,3467392,2810848
538,3862448,3008464
539,3380336,3898272
540,3560896,3382240
541,4558640,4024576
542,4050096,2836208
543,3872976,3419696
544,3411232,3078240
545,3928208,3000592
546,3625312,3070032
547,3637616,2998864
548,3646544,3085328
549,3537536,2850416
550,3676112,3802800
551,3426560,3379488
552,4339280,3461600
553,3930080,2863440
554,4092672,2557984
555,3447872,3435344
556,3190416,2737344
557,4035216,3290176
558,3341408,2692656
559,3884496,3263152
560,3327600,2662576
561,3841264,3222864
562,3331296,3197664
563,3861936,2804496
564,3844816,3320560
565,3448992,2936464
566,3998496,2688608
567,3541920,3167792
568,3317568,3149648
569,3816224,2968208
570,3834768,2852048
571,3566176,3189568
572,3426784,2860320
573,3846912,2777488
574,3444832,3341296
575,3382304,2899168
576,3944128,2978576
577,3472320,2731312
578,3606640,3266400
579,3329360,2612512
580,3862176,3509888
581,3286096,2952544
582,4002176,2869696
583,3541824,2905472
584,3492960,2940160
585,3572880,3364736
586,3612384,3111104
587,4004480,2826240
588,3656112,2971392
589,3473040,2826240
590,3497408,3749456
591,3409760,3351936
592,4344560,3137472
593,3945952,4010816
594,3794176,2849040
595,4051232,3337424
596,3472784,2828368
597,3889616,2861344
598,3414000,2981888
599,3443568,3162896
600,3616240,3113312
601,3737680,2889120
602,3690896,2951488
603,3427952,3338448
604,3499312,2821664
605,3920160,2841504
606,3423152,2875696
607,3463632,3470992
608,3471296,2936304
609,4074832,3058112
610,3558576,2666416
611,3578304,3435728
612,3225680,2596144
613,4036464,2901280
614,3194240,3104528
615,3449808,2833216
616,3579728,3169776
617,3428960,2853712
618,3752656,3159136
619,3445456,3234528
620,3778160,2861936
621,3821680,2675568
622,3522736,3199808
623,3285664,3094112
624,3725472,3184976
625,3726432,2751888
626,3844832,3011648
627,3387216,3356928
628,3461024,2774032
629,3906976,2777824
630,3274128,3513696
631,3387904,2959088
632,4092736,2976096
633,3506848,3701792
634,3566720,3423872
635,4174752,3515408
636,4045040,2912768
637,4145968,2961984
638,3487024,2813360
639,3593696,3738448
640,3415136,3106256
641,4381184,3423536
642,3701152,4136800
643,4008688,2878720
644,4172032,2939568
645,3439568,2896992
646,3445152,3423760
647,3399744,3685408
648,3928912,3481136
649,4353728,3586736
650,4020704,2692192
651,4142032,3085600
652,3285088,3316048
653,3686272,2862896
654,3980064,2971680
655,3514096,2824896
656,3599232,3528352
657,3426080,2790144
658,4176272,2708768
659,3443536,3068352
660,3351248,2719248
661,3718192,3347552
662,3348544,2820384
663,3968304,2954576
664,3427216,3707008
665,3583616,2987936
666,4305328,2962960
667,3586576,3593696
668,3544496,3988448
669,4110096,3372544
670,4036400,3061776
671,3945552,2968720
672,3596000,3057856
673,3489216,3220736
674,3642880,3775504
675,3683120,3454992
676,4154896,2955616
677,4031504,2737504
678,3581488,3184112
679,3392688,3777984
680,3704080,3325392
681,4368768,3410000
682,3924256,3787872
683,4038416,2811296
684,3795952,2965472
685,3423456,3150720
686,3532752,3426848
687,3675024,2612880
688,4014032,3572224
689,3205280,3111312
690,4048656,3314912
691,3721136,3638560
692,3985200,3253792
693,4079248,2672384
694,3919296,3394720
695,3302608,3337536
696,3971920,2998176
697,3862592,3409552
698,3618336,4774592
699,4018720,3568784
700,4360720,3786048
701,4151648,2864704
702,4377152,3737568
703,3522976,3098576
704,4373744,3451312
705,3674224,4019136
706,4043744,2878064
707,3994432,3536960
708,3458000,3429008
709,4116192,3571472
710,3994416,3579968
711,4185024,3117280
712,4137536,2841296
713,3673152,2832000
714,3503872,3015280
715,3410976,2893792
716,3582672,4136160
717,3465616,3447904
718,4800656,3700144
719,4056960,3428256
720,3668544,3098960
721,3989584,3814048
722,3586208,3679840
723,4313040,2970560
724,4258544,2596256
725,3558656,3808416
726,3198848,2723984
727,4410784,2889696
728,3352288,3024128
729,3497568,2887504
730,3598128,2769984
731,3503376,3641344
732,3375520,2977616
733,4237472,2823040
734,3559136,2730592
735,3523744,5435296
736,3308720,4062208
737,6047888,3544016
738,4605664,2883904
739,4180992,2803184
740,3502080,3091024
741,3355568,3261664
742,3645456,6886384
743,3915168,5128784
744,10185104,4031168
745,7499056,3125360
746,5820400,2901024
747,4687088,2877216
748,3744256,3465392
749,3415680,3526032
750,3472224,2757504
751,4065056,2614912
752,4076400,2831024
753,3358832,3285392
754,3144240,2982640
755,3284960,2669008
756,3758640,3092464
757,3561024,3759728
758,3191136,3390176
759,3654592,3342912
760,4342576,3413568
761,3923792,2866240
762,3874880,3004080
763,3994544,2877072
764,3419872,3002752
765,3628960,2944848
766,3401536,2945056
767,3543840,3415920
768,3485904,2661392
769,3440256,3145296
770,3985104,2918544
771,3258208,2796576
772,3769680,3200000
773,3528576,3061952
774,3355968,2813392
775,3668240,2973664
776,3615328,3533792
777,3393936,2933216
778,3464656,2957632
779,4081616,2697616
780,3511808,3007696
781,3529136,3032560
782,3264656,3242016
783,3548192,2699984
784,3596384,3097552
785,3834032,2803664
786,3285120,3443984
787,3717472,3004416
788,3390464,2675920
789,4003280,2960752
790,3579200,3357248
791,3258576,2651216
792,3522912,3328640
793,3972000,2672704
794,3249248,3320112
795,3955248,2916416
796,3239248,2672224
797,3947168,3433120
798,3492976,2770432
799,3305136,3164240
800,3998800,2607920
801,3366928,3481600
802,3773024,2693952
803,3185872,3410768
804,4028912,2819280
805,3194592,2684112
806,4006416,3346256
807,3400688,2656768
808,3244816,3662032
809,3960960,3639408
810,3222000,4192976
811,4261136,3300672
812,4129536,2685776
813,4121536,3284432
814,3861952,2860944
815,3185568,2732448
816,3856864,3262368
817,3418624,2791680
818,3178016,2977920
819,3830208,3397760
820,3346144,2677968
821,3479600,2928560
822,3879440,3334544
823,3248640,2598928
824,3500912,3303792
825,3834432,2736672
826,3175936,3700336
827,3874784,2873344
828,3325488,3104528
829,4291296,3096432
830,3439856,2927392
831,3659312,2972992
832,3641392,3211472
833,3536640,3265792
834,3546176,3241808
835,3714272,3509264
836,3785792,2683312
837,3808432,3539312
838,4075824,2855264
839,3283008,3032544
840,4094288,2806944
841,3439424,2894336
842,3565712,3017712
843,3382032,2999552
844,3486288,3699040
845,3565152,3021408
846,3608432,3104880
847,4258768,3293376
848,3594880,4303632
849,3682352,2960032
850,3861776,3009328
851,4960032,3010112
852,3552384,3040336
853,3578464,2969696
854,3584480,3877312
855,3576528,3930592
856,3503056,3017792
857,4318736,2957904
858,4401968,2854896
859,3610944,3368096
860,3584752,2741264
861,3434544,2790224
862,3986640,3054208
863,3404224,2856400
864,3398304,3279600
865,3682016,2756400
866,3423264,3342688
867,3812608,2589872
868,3412784,3759424
869,3939344,2950208
870,3231280,3182672
871,4316848,3028464
872,3550544,3430208
873,3698048,3245392
874,3604240,3182736
875,3962224,3659424
876,3865744,3165152
877,3297136,3207104
878,3504400,2863408
879,3655504,2947888
880,3678272,3057056
881,3417328,3046096
882,3511280,3132848
883,3641760,2758144
884,3608976,3003488
885,3712656,2858384
886,3366864,2881632
887,3630160,3073248
888,3473632,2809280
889,3463264,3959056
890,3620304,3507664
891,3358800,3353264
892,4501824,3235936
893,4125840,2882128
894,3965904,3573696
895,3843872,3084528
896,3552704,3526960
897,4165776,4097440
898,3663584,2937952
899,4031792,2944176
900,4727776,3118736
901,3516784,2915072
902,3477376,2973584
903,3591664,3275936
904,3535520,2871184
905,3493104,3094320
906,3867488,2892416
907,3443248,2994960
908,3629504,3735568
909,3469264,3344784
910,3500016,3432256
911,4347824,3427824
912,3975920,3041472
913,4040592,2932400
914,4025168,2969088
915,3688912,2871328
916,3535344,3130048
917,3600096,2801584
918,3501488,3171936
919,3766064,2610336
920,3396832,3478224
921,3870752,2807872
922,3242048,3677680
923,4112544,3396640
924,3394048,3326336
925,4297040,5182544
926,3941184,3416672
927,3993552,3051360
928,5168720,2856240
929,4023952,3259856
930,3652336,2934176
931,3500128,2998368
932,3886336,2953888
933,3557216,2775104
934,3544272,2948880
935,3568496,3316624
936,3404576,2828976
937,3541120,3327616
938,3892928,3102064
939,3445024,2790096
940,4015584,3002000
941,3674096,3211840
942,3431216,3133568
943,3582816,2936624
944,3810272,3115168
945,3770528,3121936
946,3519888,3681584
947,3705040,3887728
948,3768272,2842368
949,4176208,3119760
950,4003728,3408992
951,3424528,2779472
952,3614512,3240864
953,3979936,3245792
954,3344064,3759088
955,3751568,3462896
956,3747648,2867952
957,4323520,3800688
958,4023168,3701264
959,3486624,3793520
960,4396352,2956352
961,4245808,2809728
962,3349472,3641824
963,3492880,3097328
964,3374176,3421392
965,4055504,3483136
966,3664448,3506400
967,3987632,2893200
968,4041648,2622800
969,4092432,3219664
970,3506240,3145712
971,3275824,2869328
972,3811424,3065776
973,3776576,3006320
974,3462960,2935712
975,3732640,3263888
976,3625712,2908304
977,3458832,3082192
978,3945616,2549296
979,3488736,3234752
980,3699056,3103824
981,3171056,5845376
982,3809296,4729888
983,3798848,3542016
984,6465472,3988640
985,5226400,2930368
986,4106704,3336624
987,4613808,3121520
988,3572432,2811312
989,3912256,3150032
990,3482720,3053904
991,3451584,3001424
992,3719184,3021728
993,3622816,2721744
994,3534272,3051200
995,3650864,2799152
996,3323952,3290288
997,3688208,2816048
998,3372016,2967008
999,3927024,2932336
1000,3468464,3056416
1001,3395984,2769952
1002,3528176,3476448
1003,3621440,2857856
1004,3310928,2983792
1005,4026224,2991344
1006,3543936,2969280
1007,3546800,3000704
1008,3606096,3191424
1009,3541712,2930560
1010,3603680,2928528
1011,3684448,2918240
1012,3526368,3182160
1013,3416448,2856112
1014,3537712,3279840
1015,3805040,3180672
1016,3482432,3026416
1017,3634640,3051424
1018,3657312,3086032
1019,3591168,2808144
1020,3611872,2926128
1021,3677360,2813360
1022,3441840,3025824
1023,3465280,2991344
1024,3409040,3115024
1025,3523200,2878416
1026,3615920,2848480
1027,3674384,3055168
1028,3392304,3088672
1029,3488816,3335632
1030,3704528,2974864
1031,3712048,2943008
1032,3949696,2912224
1033,3429392,2894288
1034,3527488,2865952
1035,3407888,2982016
1036,3407040,3116576
1037,3549376,3085584
1038,3589280,2864560
1039,3805840,3028784
1040,3681552,2883760
1041,3433792,2882048
1042,3556368,2962800
1043,3507504,3387504
1044,3459584,2999088
1045,3529392,2867776
1046,4006816,3031856
1047,3589136,2989968
1048,3485824,2979824
1049,3627456,2998320
1050,3625168,3067920
1051,3665216,3139840
1052,3592416,2796784
1053,3674720,2799456
1054,3758816,3059472
1055,3401728,3071440
1056,3486864,3065936
1057,3625456,2878912
1058,3630464,3067952
1059,3674992,2916128
1060,3384976,2767088
1061,3667344,3452224
1062,3542304,3044112
1063,3391440,2856656
1064,4013344,2757312
1065,3536784,3277744
1066,3420560,2925440
1067,3311632,2800320
1068,3763808,3420688
1069,3512400,2860160
1070,3433840,3112448
1071,4024320,2985888
1072,3473968,2950368
1073,3773904,3133536
1074,3507536,2680272
1075,3481488,2940672
1076,3582256,3260416
1077,3304592,2971040
1078,3470864,2924736
1079,3819216,3107504
1080,3448960,2824976
1081,3580288,2947792
1082,3789984,2752048
1083,3394704,2428064
1084,3507424,4162016
1085,3351824,3166352
1086,3066480,2747104
1087,4191440,3167472
1088,3725872,2784176
1089,3357792,3299376
1090,3731216,2875248
1091,3345472,3077216
1092,3730064,3471984
1093,3480544,3392144
1094,3634272,3204096
1095,4036944,3799216
1096,3986096,3269568
1097,3697792,3556736
1098,4377248,4065728
1099,3808704,2616272
1100,4121808,3060016
1101,4167024,3267392
1102,3218384,3147712
1103,3696400,3350928
1104,3871392,3494848
1105,3775728,3458464
1106,3840672,3432384
1107,4066960,2816912
1108,3969904,2750720
1109,4041312,2804528
1110,3499568,3296432
1111,3336816,2874048
1112,3404336,3737968
1113,3894448,3131328
1114,3507840,3096256
1115,4388048,3453328
1116,3689488,3813824
1117,3681552,2972384
1118,4077552,3233024
1119,3885648,3136672
1120,3591344,2705120
1121,3845712,2997760
1122,3706512,3175088
1123,3392976,3105408
1124,3592128,3072432
1125,3756528,2806656
1126,3656864,3049504
1127,3689440,3159792
1128,3405232,3047536
1129,3670048,2863968
1130,3802592,2776656
1131,3636912,3708320
1132,3408608,3278656
1133,3336928,3974928
1134,4363888,2899424
1135,3898704,2761136
1136,4568336,2943456
1137,3473056,3830384
1138,3410480,2949360
1139,3554368,3011152
1140,4434944,2905824
1141,3487472,2864928
1142,3640128,2898528
1143,3498672,2896336
1144,3514912,2860208
1145,3477744,3236208
1146,3511184,2989712
1147,3494176,2738864
1148,3854160,2705312
1149,3585088,3561008
1150,3307024,2842272
1151,3317408,3390944
1152,4154672,3273360
1153,3462000,3433808
1154,4001920,3331328
1155,3818000,3561088
1156,4048032,3665520
1157,3314432,2945808
1158,3605600,3113056
1159,4181904,2721888
1160,3523504,2851536
1161,3599696,3037856
1162,3321792,2728848
1163,3430352,2353408
1164,3701472,3619104
1165,3353568,3097488
1166,3008576,2927136
1167,3640000,4405872
1168,3709792,4158112
1169,3508912,3063216
1170,5001104,4553696
1171,3850032,2723888
1172,3626656,3441248
1173,5135792,3105584
1174,3393600,5242448
1175,3981392,4404768
1176,3622144,2860592
1177,5852864,3905312
1178,4865376,3394048
1179,3449600,3601584
1180,4578512,2907136
1181,3950288,3266384
1182,4111104,3492304
1183,3541280,3379584
1184,3929888,3201360
1185,3995168,3904160
1186,3880816,2890592
1187,3871392,3436848
1188,3937488,4060208
1189,3536704,3540304
1190,3954768,2645488
1191,4637824,3584000
1192,4156800,2622752
1193,3316672,3269920
1194,4289696,3060256
1195,3292496,2712784
1196,3874656,3415536
1197,3639264,2988816
1198,3295376,3838160
1199,4010720,3918320
1200,3682576,3235744
1201,4488544,2946000
1202,4586976,2732192
1203,3871728,2467488
1204,3500160,3126208
1205,3342720,3814240
1206,3004096,2733328
1207,3172736,3598928
1208,3877360,2716080
1209,3364752,2940256
1210,4197456,2835568
1211,3341872,3224992
1212,3600752,2971328
1213,3402704,2989888
1214,3851376,2810880
1215,3542288,2914784
1216,3616976,3037008
1217,3414272,3080192
1218,3519696,2852608
1219,3614272,3236080
1220,3661616,2778816
1221,3423904,3167920
1222,3891056,3143056
1223,3362880,2761072
1224,3801376,3255088
1225,3823392,2955408
1226,3431984,3152352
1227,3797536,4397136
1228,3579440,3228080
1229,3793520,3973792
1230,4499888,3015632
1231,3781872,3940224
1232,4424832,2993264
1233,3683760,3170256
1234,3545760,2868272
1235,3601280,2845568
1236,3821264,2454400
1237,3507056,3599792
1238,3430832,3363104
1239,3103264,3034704
1240,3714608,2736576
1241,3985760,3377520
1242,3594192,2596480
1243,3295024,3396640
1244,3946048,2565584
1245,3257872,2996848
1246,3991472,2398176
1247,3196368,3654304
1248,3593680,3179408
1249,3003648,2930096
1250,3721312,2715344
1251,3801488,2984736
1252,3548368,3725904
1253,3368496,2565568
1254,3502416,3339360
1255,4226976,2722208
1256,3195728,7368752
1257,3948560,5360480
1258,3285216,4681456
1259,6989216,2935056
1260,5888144,2852384
1261,5288352,2787408
1262,3545920,2796032
1263,3384768,3036528
1264,3364480,3132336
1265,3411664,3104560
1266,3598784,3018112
1267,3690544,2872864
1268,3554688,3132416
1269,3546496,3286464
1270,3565072,3869360
1271,3701008,3566224
1272,3874432,2998512
1273,4472880,2747152
1274,4153712,3447840
1275,3548112,2959632
1276,3318944,3188960
1277,4044288,3143712
1278,3502560,3252352
1279,3710592,3331136
1280,3746368,3288192
1281,3807776,3714544
1282,3995920,3723952
1283,3317664,3129904
1284,3878320,3494976
1285,4334800,3589056
1286,3758192,2799584
1287,4074512,3215120
1288,4128848,2973584
1289,3388592,2736928
1290,3845104,3297872
1291,3586528,2957392
1292,3338752,3066288
1293,3990368,3554224
1294,3567312,4594000
1295,3609264,3389664
1296,4135968,3854864
1297,5161184,3903392
1298,3929296,3118560
1299,4420400,3745824
1300,4469248,3660464
1301,3678320,3564192
1302,4274752,3196176
1303,3619712,3610384
1304,4180016,3705856
1305,3746144,2880256
1306,4204208,3045520
1307,4344160,3076624
1308,3466544,2874896
1309,3670832,3126288
1310,3697584,2644016
1311,3494000,3390688
1312,3677552,2618480
1313,3265632,2917504
1314,3969584,3449152
1315,3212768,2784144
1316,3524656,2774944
1317,4009840,3496064
1318,3409600,2780064
1319,3387824,2951888
1320,4083648,3280608
1321,3385072,3136672
1322,3578752,2863488
1323,3974192,3180112
1324,3695792,3216912
1325,3390320,3517616
1326,3767792,3353808
1327,3708064,3664800
1328,4062576,3059088
1329,3990304,2992368
1330,3700368,2999296
1331,3571632,2959440
1332,3465680,2986624
1333,3494544,2913504
1334,3493808,3580656
1335,3524096,2853168
1336,3466944,2917648
1337,4048400,3235008
1338,3406160,3853360
1339,3471120,3974480
1340,3875648,3134432
1341,4348848,3759504
1342,4620432,4275072
1343,3757568,3114000
1344,4277280,3391024
1345,4269680,3576400
1346,3637584,3390272
1347,4002864,2964320
1348,4090880,2968512
1349,3977344,3173344
1350,3565552,3346016
1351,3526032,3061328
1352,3758176,3150304
1353,3887040,4471344
1354,3644752,2938752
1355,3725104,3170080
1356,5011296,2849984
1357,3525344,3038128
1358,3721520,3231920
1359,3373504,3073664
1360,3598672,3114256
1361,3699808,3749952
1362,3595680,3635408
1363,3662432,2661584
1364,4309616,3820512
1365,4205328,3112352
1366,3329696,3807264
1367,4399216,3874432
1368,3703504,3119376
1369,4273376,3274720
1370,3827968,3457232
1371,3663440,3940224
1372,3929920,2975888
1373,4009808,2930752
1374,4480752,2768704
1375,3562784,3134048
1376,3575904,3128336
1377,3412256,3035872
1378,3732400,2947168
1379,3727120,2600256
1380,3612272,3868752
1381,3549392,2884544
1382,3191472,2700912
1383,4458464,2774192
1384,3562112,2847808
1385,3257232,3224736
1386,3339808,2835888
1387,3491744,3370768
1388,3811904,3021952
1389,3536992,2912592
1390,3935824,2604416
1391,3658352,3132016
1392,3497904,3107088
1393,3241232,2864192
1394,3800448,3343552
1395,3638080,2726016
1396,3455392,3370512
1397,3935840,3111168
1398,3349008,3145200
1399,4034160,2995232
1400,3689152,2901312
1401,3741520,3343616
1402,3557040,3271392
1403,3477600,3232368
1404,3881216,3232608
1405,3870464,4049728
1406,3857600,3055920
1407,3279328,5061248
1408,4049104,3272464
1409,3664096,3140384
1410,5618832,3198208
1411,3799744,4004400
1412,3798608,2876992
1413,3852912,2980656
1414,3924736,3161744
1415,3461104,2942736
1416,3594144,3882848
1417,3684576,3256096
1418,3376240,3774576
1419,4440128,3038176
1420,3878384,3066864
1421,4312448,2967712
1422,3655440,2958160
1423,3611296,2818960
1424,3535312,3064512
1425,3489648,2692160
1426,3445136,3386848
1427,3644560,2894912
1428,3346288,2767328
1429,3981760,3344928
1430,3553632,2790864
1431,3424576,3483120
1432,3929728,2827280
1433,3418112,3502048
1434,4080432,2920496
1435,3347056,3707680
1436,4085760,3628448
1437,3582864,3085776
1438,4227392,3047520
1439,3597744,3034288
1440,3576448,3017280
1441,3598400,3019200
1442,3637600,3036688
1443,3576592,2967376
1444,3533376,3242880
1445,3524992,3030464
1446,3548768,3129920
1447,3788208,3296016
1448,3701872,3393840
1449,3623200,3503712
1450,3781312,3379168
1451,3889984,3186288
1452,4111888,3050176
1453,3868752,3249152
1454,3736592,3485792
1455,3580368,3402544
1456,3737520,4051328
1457,4063632,3603296
1458,4027152,3499184
1459,3991792,3530128
1460,4120160,2820400
1461,4021856,3056432
1462,4163952,3098496
1463,3396240,4232944
1464,3710672,4072496
1465,3706976,3112880
1466,4838112,3674896
1467,4011648,3833776
1468,3758736,3556272
1469,4207696,3792752
1470,4339888,3672704
1471,4044480,3265152
1472,4274896,3153792
1473,3675408,4497392
1474,3847216,2837856
1475,3811040,3472784
1476,4965024,2797840
1477,3355216,2688096
1478,4143120,3823536
1479,3442048,2922368
1480,3329488,3170160
1481,4485968,3434496
1482,3516496,3928672
1483,3727424,3369328
1484,3883856,3771072
1485,3948192,3422224
1486,3983168,3373744
1487,4379168,2854912
1488,3886496,3204080
1489,3909120,2852000
1490,3450208,2618928
1491,3808416,3546064
1492,3442720,2932880
1493,3250288,2914016
1494,4059136,3008512
1495,3474544,2871200
1496,3533824,2948736
1497,3654672,3910304
1498,3448944,4568112
1499,3526480,3045920
1500,4535552,2955536
1501,5149152,2838464
1502,3561856,3215232
1503,3450480,3320352
1504,3413088,2521376
1505,3737600,3133504
1506,3822656,2829280
1507,3086720,3193120
1508,3578640,2780384
1509,3222784,3145056
1510,3785600,3316096
1511,3329808,3250928
1512,3705920,3256960
1513,3897648,3515296
1514,3758624,3308384
1515,3804304,2834736
1516,4099536,3405488
1517,3824288,2833376
1518,3432496,2945888
1519,3966336,2947280
1520,3431936,2727024
1521,3540576,3500176
1522,3545552,2739344
1523,3321456,3063120
1524,4032416,3211152
1525,3312512,2929024
1526,3638384,2755440
1527,3801376,2896384
1528,3474176,3313312
1529,3370976,2801600
1530,3438608,2777296
1531,3871600,4105344
1532,3389888,4431456
1533,3397088,4229968
1534,4556320,3535840
1535,4970096,2911776
1536,4785680,3654912
1537,4099872,3729632
1538,3500352,4120064
1539,4205424,3629280
1540,4235200,2658256
1541,4054320,3275360
1542,4138976,3602848
1543,3267088,3300544
1544,3748880,3193584
1545,4093856,2943808
1546,3781536,2852320
1547,3798960,3319712
1548,3478016,2808048
1549,3356320,2919424
1550,3923584,3336384
1551,3430224,2831776
1552,3477552,3063152
1553,3912016,3006944
1554,3413744,2935504
1555,3652624,2792240
1556,3600640,3380240
1557,3548160,3035312
1558,3344976,2658784
1559,3895888,3594544
1560,3628336,2686848
1561,3255072,2778304
1562,4159520,2851648
1563,3270800,2890528
1564,3343552,3223872
1565,3463488,2825360
1566,3488320,3536912
1567,3785808,2877920
1568,3429152,1933552
1569,4069616,3515696
1570,3435072,3386208
1571,2490352,2710368
1572,4047680,3732496
1573,3947936,3196144
1574,3330832,3398576
1575,4291392,3298720
1576,3731776,4138144
1577,3914352,2815392
1578,3878656,3193152
1579,4041680,2812672
1580,3378528,2797472
1581,3722400,4004768
1582,3281520,2894560
1583,3361584,2749152
1584,4527152,3696784
1585,3543600,3311536
1586,3350304,3112384
1587,4102784,4011408
1588,3799104,3555520
1589,3677520,4219760
1590,4588496,3457872
1591,4091072,3500960
1592,4019616,3428768
1593,3960176,3024480
1594,4050752,3044176
1595,3992384,3103088
1596,3576688,3404976
1597,3611664,3774304
1598,3646272,4171712
1599,3937040,3033152
1600,4250432,3019568
1601,3981104,2867392
1602,3538176,2985008
1603,3472160,2753840
1604,3339712,3384784
1605,3445408,2788320
1606,3225760,2774000
1607,3970336,3135296
1608,3326256,3278304
1609,3306640,3067552
1610,3755024,2823344
1611,3860224,3154384
1612,3526256,3523472
1613,3337872,3976368
1614,3644720,3216320
1615,3965600,2994304
1616,4518720,2814352
1617,3752016,2907568
1618,3506992,2704112
1619,3386848,3484560
1620,3476192,2916064
1621,3312112,2985696
1622,4053472,2890560
1623,3447856,2734736
1624,3561872,3346160
1625,3432720,2743776
1626,3307936,3337184
1627,3909328,2511968
1628,3312976,3575616
1629,3940272,3039776
1630,3107088,3150512
1631,4122496,3345632
1632,3580144,3600112
1633,3629600,4142560
1634,3824000,2867840
1635,4184432,2867216
1636,4115056,2900160
1637,3350736,3766816
1638,3304704,3010912
1639,3438384,2932880
1640,4336864,3094800
1641,3602576,3396256
1642,3517936,3647408
1643,3621744,3299600
1644,3966272,3211312
1645,4159328,3682176
1646,3840016,4350240
1647,3722192,2734000
1648,4130016,3157184
1649,4274496,2807808
1650,3210512,2917664
1651,3721968,3896528
1652,3297552,3492368
1653,3477024,3730912
1654,4354704,2962464
1655,4085888,2888240
1656,4190256,3165344
1657,3519728,3775120
1658,3448528,4346480
1659,3745392,8820416
1660,4254256,4851056
1661,4244016,3101392
1662,8776608,3496272
1663,5374928,3305648
1664,3660160,4164752
1665,4013104,2834288
1666,3858832,3405664
1667,4766432,4124928
1668,13668112,3629440
1669,3328768,3719072
1670,3912000,4615952
1671,4559008,3552848
1672,3995152,3341856
1673,4207504,3519344
1674,5206656,2731920
1675,4075504,2311584
1676,3896480,3993040
1677,4014480,3263248
1678,3369472,3192592
1679,2796480,3441008
1680,4510768,4487024
1681,3786848,3725632
1682,3739568,5014784
1683,3928080,5575232
1684,5020640,2761248
1685,4271488,3193552
1686,5221136,3132096
1687,5311136,2675248
1688,3265840,3869904
1689,3734128,2908304
1690,3722816,2622992
1691,3278912,8641920
1692,4487360,5268880
1693,3512976,8916720
1694,3214400,4938800
1695,12614352,9708880
1696,5630768,3407408
1697,5636432,2782320
1698,4324944,3327424
1699,5550992,3190048
1700,6525456,3025328
1701,3927376,3005552
1702,3412288,3253568
1703,3853328,3191872
1704,3670624,3326880
1705,3654848,3148768
1706,3594464,2987856
1707,3775376,3149504
1708,3645488,3111968
1709,3948192,3072272
1710,3771136,3705456
1711,3608096,3169072
1712,3773392,3823136
1713,3186368,3803216
1714,3160144,7725968
1715,3790304,4714048
1716,3792816,3175584
1717,4437136,4657984
1718,4336832,3280304
1719,7820800,4064944
1720,5294672,3838144
1721,3766464,4173216
1722,5129552,7130432
1723,3933248,5171568
1724,4574336,3057504
1725,11492144,6270832
1726,4402512,7034720
1727,4703776,3950640
1728,7213216,3131392
1729,5616416,4593760
1730,10989152,5072672
1731,3587760,3903312
1732,6927584,6327056
1733,7111232,2808144
1734,4626432,4903952
1735,3715952,3790640
1736,4961632,3467840
1737,5201664,5518096
1738,4157088,4478928
1739,6745712,5503648
1740,3296128,3401088
1741,5086368,6372080
1742,4385808,5819424
1743,4043472,5356480
1744,5118320,3561472
1745,4955168,4938848
1746,4788096,3178672
1747,4023584,3500400
1748,6974736,2588160
1749,6213024,3315584
1750,5563328,3175776
1751,4051312,2823360
1752,4851920,3217040
1753,3628544,2810816
1754,4059120,2539520
1755,3007248,3872464
1756,3874784,3549792
1757,3856736,4448528
1758,3140160,5330896
1759,3875776,4826240
1760,3298224,3374848
1761,2972496,4461440
1762,4422912,5254832
1763,4073616,4549664
1764,4013168,3990208
1765,5741232,3957392
1766,5232800,3383056
1767,3874672,5550976
1768,4939520,4783904
1769,5743088,2931552
1770,5007840,4624432
1771,4390096,3391040
1772,3388752,3318368
1773,3960560,4001936
1774,5993696,1844464
1775,4405424,3097920
1776,3407872,3303488
1777,5079584,3646416
1778,3965600,3224320
1779,3995440,2765824
1780,4692912,3129856
1781,2433216,3160816
1782,3809168,2997120
1783,3285728,2807488
1784,3845104,2850288
1785,3854416,3434880
1786,3400864,3191664
1787,3619168,3168960
1788,3761136,3530320
1789,3652496,2965248
1790,3366336,3934608
1791,3407440,2756544
1792,4083424,2938128
1793,3744800,2844848
1794,3632432,3109552
1795,4125216,3104032
1796,3553888,2812816
1797,4519920,3047744
1798,3199168,3640704
1799,3425200,2843632
1800,3410784,2793344
1801,3682384,2636992
1802,3665408,3374752
1803,3431808,2759296
1804,3674896,2792704
1805,4255200,3523584
1806,3393632,2937472
1807,3335536,2831744
1808,3286224,2687408
1809,3869024,3430944
1810,3378416,2824848
1811,3333552,2690304
1812,4031856,3046368
1813,3528496,3198848
1814,3379136,3622272
1815,3306592,2714304
1816,3988496,2745008
1817,3426208,2647648
1818,3289728,3504672
1819,3614880,3001632
1820,3732432,2857856
1821,4206528,2364912
1822,3251440,3343824
1823,3279712,3114208
1824,3213952,3425328
1825,4080640,3013280
1826,3615552,2493136
1827,3451824,3774976
1828,3026208,2890224
1829,3910784,2739760
1830,3683408,2788128
1831,4038512,3238176
1832,3573984,2621680
1833,3126800,3286976
1834,4358128,2948352
1835,3423072,2524448
1836,3307504,3288208
1837,3417952,3096224
1838,3865472,2643968
1839,3268208,2886288
1840,3862688,3001072
1841,3536352,3318672
1842,3190416,3848704
1843,3842688,3373280
1844,3744400,3170032
1845,3231856,3332528
1846,3494976,2959936
1847,3593328,4083872
1848,3844880,2983456
1849,4366352,3136320
1850,3846288,3121664
1851,3811600,3175632
1852,3381984,3511920
1853,2962272,3471808
1854,3884496,2744784
1855,3520816,3471152
1856,3569632,2688720
1857,3624800,3346496
1858,3601136,2949456
1859,4009120,3015792
1860,3957776,3079760
1861,3324496,2943712
1862,3990288,3025376
1863,3306672,2844576
1864,4008096,2889776
1865,3565440,2870368
1866,3627088,3331168
1867,3633632,2841504
1868,3597840,2935968
1869,3570224,2937616
1870,3455792,3054720
1871,3460112,2769712
1872,3437888,3250832
1873,3895760,2736320
1874,3455888,3430096
1875,3565840,2551312
1876,3559360,3304832
1877,3709920,2819936
1878,3334768,3841552
1879,3787536,3010832
1880,3335904,3433984
1881,3939456,6775408
1882,3183344,5586672
1883,3877456,3610736
1884,3454720,4000848
1885,4414144,3537024
1886,3540048,4175168
1887,3944320,3279552
1888,13114224,3035696
1889,10249696,2995824
1890,6954608,2951488
1891,10940336,3016656
1892,11254864,2992064
1893,3809488,3239984
1894,4156544,3055808
1895,4380448,3501504
1896,4012032,3241424
1897,4081744,3798960
1898,3857920,3561792
1899,3539792,3240352
1900,3486448,4094288
1901,3411104,2868896
1902,3499120,3311744
1903,3494192,3143392
1904,3745456,2914560
1905,3582096,2735824
1906,3971632,3087536
1907,3749008,2981200
1908,4314800,2942016
1909,4109040,4029472
1910,3847472,3439984
1911,3983728,3042800
1912,3432704,3922736
1913,3898528,3556832
1914,3645152,3915328
1915,3406288,4352992
1916,3290544,3312736
1917,3478880,3147040
1918,3489712,3281104
1919,3326352,2893360
1920,4599904,2650592
1921,3929872,3121872
1922,3511328,2910384
1923,4512160,3100160
1924,4110336,2783856
1925,3763264,3223440
1926,4927472,3113680
1927,3861088,2881056
1928,3717744,2914496
1929,3878352,2823584
1930,3460864,3895888
1931,3224480,3621920
1932,3689824,3287104
1933,3518704,4652288
1934,3661360,3287136
1935,3324176,3639120
1936,3776624,2872368
1937,3730768,2976112
1938,3484224,3621744
1939,3532896,2820560
1940,3345600,3752320
1941,4437888,4070336
1942,4104256,2953936
1943,3203600,2872928
1944,4815456,3565328
1945,3861088,2744144
1946,4170976,3078928
1947,3491664,2766064
1948,3558112,2860400
1949,4217536,2485920
1950,3456528,3516704
1951,4374208,2961568
1952,4699168,3206000
1953,3520432,3378672
1954,3445808,2765904
1955,4020592,3162880
1956,3402960,3809088
1957,3667376,3408896
1958,3359088,3996528
1959,3416496,3386000
1960,3072976,3199664
1961,3451856,4289664
1962,3498672,3220784
1963,3770944,2875984
1964,3964528,2766208
1965,3414608,3327904
1966,3738912,3412720
1967,4194160,3269920
1968,3947648,3564656
1969,4589680,3007824
1970,4000880,2845328
1971,3826784,2870064
1972,4385136,3250832
1973,3809968,2648352
1974,3439408,3353696
1975,3380864,2836384
1976,3819536,3457360
1977,3992608,3184656
1978,3853216,2982656
1979,4157888,2667664
1980,3676960,2743888
1981,3474304,3240768
1982,3461792,2619232
1983,3832256,3385120
1984,3281056,2993456
1985,3963984,3020336
1986,3410608,2996800
1987,4087296,2679184
1988,3780752,3241936
1989,3540736,3557872
1990,3331904,2710784
1991,3410576,3042176
1992,3905136,2865856
1993,3281200,0
1994,3951488,0
1995,3539984,0
1996,3653680,0
1997,3562752,0
1998,3318192,0
1999,3871824,0
===CSV_END===
=========================================
HI_NET_PING_DONE run=2
