HICOM_PING_START run=6
Messages: 2000  |  Payload: 64 B  |  Channel: hicom (HI-only)
Progress: 100/2000 (lost: 0)
WARNING: timeout at seq 147
Progress: 200/2000 (lost: 1)
Progress: 300/2000 (lost: 1)
Progress: 400/2000 (lost: 1)
WARNING: timeout at seq 442
Progress: 500/2000 (lost: 2)
Progress: 600/2000 (lost: 2)
Progress: 700/2000 (lost: 2)
WARNING: timeout at seq 746
Progress: 800/2000 (lost: 3)
Progress: 900/2000 (lost: 3)
Progress: 1000/2000 (lost: 3)
Progress: 1100/2000 (lost: 3)
Progress: 1200/2000 (lost: 3)
Progress: 1300/2000 (lost: 3)
Progress: 1400/2000 (lost: 3)
Progress: 1500/2000 (lost: 3)
Progress: 1600/2000 (lost: 3)
Progress: 1700/2000 (lost: 3)
Progress: 1800/2000 (lost: 3)
Progress: 1900/2000 (lost: 3)
Progress: 2000/2000 (lost: 3)
========== SHM PING-PONG RESULTS ==========
Messages sent:    2000
Messages lost:    3 (0.150%)
RTL (us):
Mean:   2774.441    Std dev: 1347.481
Min:     272.496    Max:     10815.552
P50:    2568.720    P95:     5160.064
P99:    7335.824    P99.9:   9287.312
Throughput: 360 msg/s
============================================
===CSV_START===
Seq,RTT_ns
1,4938016
2,4585632
3,3505072
4,2010832
5,2967024
6,4215328
7,2864928
8,2408736
9,2410496
10,5328928
11,615200
12,2413920
13,6164736
14,2844112
15,8687600
16,6056416
17,1999536
18,2160640
19,4862112
20,2410848
21,356960
22,7154096
23,1999728
24,2772912
25,4545504
26,4323360
27,3248976
28,2865024
29,1974448
30,3486976
31,2365024
32,3415648
33,3351760
34,5458000
35,3927152
36,3850592
37,1597776
38,5370432
39,433120
40,2613584
41,4682800
42,943072
43,636112
44,2909504
45,750048
46,1782352
47,1346400
48,3302560
49,4097104
50,4253408
51,8269520
52,431984
53,1945872
54,1231888
55,3841664
56,3544784
57,5680144
58,5537840
59,5607360
60,376928
61,2162720
62,3239424
63,4825136
64,6755872
65,7538288
66,4038176
67,541984
68,2972224
69,515184
70,3584752
71,2569776
72,4444992
73,3139840
74,4291344
75,681280
76,2905760
77,2899904
78,3982272
79,4745248
80,2905952
81,3929328
82,550992
83,2913536
84,3853728
85,3178544
86,2237504
87,2517072
88,2749184
89,4387456
90,3024416
91,1962784
92,4137056
93,2588240
94,3951584
95,2357280
96,2857808
97,2533072
98,4051920
99,3915680
100,4054896
101,3092048
102,3568288
103,2633920
104,3554288
105,4548528
106,432736
107,3799168
108,1782720
109,3169584
110,2588096
111,3665504
112,1887120
113,3558496
114,3685808
115,3485056
116,4005696
117,450128
118,2826288
119,3884544
120,759472
121,3115120
122,2842336
123,2353824
124,4396176
125,473168
126,2444640
127,2350688
128,2110368
129,1445856
130,3558608
131,4263392
132,3111920
133,3895792
134,3501872
135,3570048
136,3738144
137,3880272
138,3291360
139,3294848
140,2641424
141,2528096
142,3884048
143,4923200
144,3097344
145,3246752
146,4279216
147,3473344
148,8086752
149,1869776
150,2207600
151,5026912
152,4039920
153,3962976
154,2087648
155,3191760
156,3644048
157,2204192
158,3963376
159,367040
160,4001792
161,2715792
162,310848
163,4161632
164,3952240
165,3790352
166,353616
167,2269856
168,2634480
169,4915216
170,368704
171,6618240
172,489968
173,3357856
174,482736
175,3458752
176,2357824
177,1610416
178,2549152
179,1954880
180,1974608
181,1431280
182,2302832
183,3091104
184,365632
185,2647888
186,2541216
187,2242416
188,3714032
189,2376784
190,3383280
191,2830016
192,2347952
193,2710688
194,2779504
195,1935504
196,1436320
197,2268560
198,1245728
199,2522624
200,2150400
201,3229792
202,2785536
203,2297376
204,626432
205,2085808
206,1958288
207,403648
208,1152976
209,2800336
210,2824112
211,2188960
212,2442112
213,2036752
214,2477296
215,3614400
216,3201328
217,1926160
218,5925776
219,4678848
220,2876368
221,1854784
222,7272368
223,2428112
224,2689712
225,2819248
226,495328
227,3494784
228,413424
229,2639888
230,3898560
231,457872
232,2817136
233,2714288
234,1296720
235,2599008
236,2124896
237,1402224
238,2362112
239,1440592
240,2300400
241,598016
242,2855920
243,1928784
244,2016128
245,3487280
246,2267664
247,1580432
248,2223328
249,2429520
250,5442880
251,1980416
252,3050240
253,2656272
254,2830224
255,2067024
256,3995024
257,1321584
258,2143792
259,3547744
260,3176656
261,2523360
262,2162768
263,2567760
264,2148448
265,2447872
266,2707824
267,621152
268,2064912
269,2157440
270,2390992
271,2136336
272,603088
273,3194128
274,2374736
275,1400864
276,1931904
277,3601200
278,3676016
279,2966144
280,2427808
281,1984960
282,1431424
283,2119504
284,3305968
285,465056
286,2465184
287,3056096
288,2074896
289,431024
290,2611888
291,6193488
292,3489392
293,2139520
294,2003328
295,3215824
296,4662496
297,2837504
298,3906272
299,3899200
300,3089136
301,4259904
302,2874560
303,2973744
304,4573072
305,3564960
306,4502848
307,7335824
308,4019008
309,3570032
310,5144064
311,447840
312,3311200
313,2170000
314,2988016
315,2511344
316,2425888
317,3376320
318,3800128
319,2583216
320,3786272
321,4620688
322,3907120
323,3853088
324,2440752
325,4314992
326,2235424
327,2427008
328,3146864
329,429104
330,2000048
331,3721536
332,393104
333,1991440
334,3768592
335,3545968
336,2246688
337,3668816
338,4433824
339,2133248
340,3034384
341,2362352
342,320528
343,4482368
344,3311744
345,2240192
346,4138704
347,3760160
348,4071856
349,8231424
350,4190768
351,4499920
352,3254560
353,7308176
354,678768
355,3573248
356,2596160
357,4073328
358,3332512
359,3346208
360,2868416
361,615536
362,3259904
363,3803424
364,2367056
365,2143584
366,1629664
367,2097520
368,2303200
369,1537744
370,2133968
371,2683088
372,1866272
373,3630672
374,3327488
375,2163360
376,3155232
377,2452096
378,3541344
379,2035120
380,2834688
381,2679648
382,358480
383,3559760
384,2706800
385,2674944
386,2615984
387,2505312
388,2226352
389,3444208
390,3529408
391,536736
392,1661856
393,3629856
394,3586880
395,2342176
396,3936752
397,3680928
398,1998944
399,3113440
400,3289344
401,439968
402,3469648
403,3344528
404,2275024
405,3630160
406,2071296
407,3469120
408,1375248
409,2781216
410,2447248
411,3688880
412,1450784
413,2307008
414,2187824
415,3281136
416,4862048
417,2500240
418,4338432
419,394528
420,2821024
421,2620960
422,2101312
423,3630016
424,2493360
425,3183504
426,425056
427,2731488
428,3647824
429,4372496
430,488688
431,2522512
432,2313488
433,2600688
434,4080272
435,2244928
436,1596400
437,4116848
438,386368
439,2275664
440,8348576
441,3420416
442,2924816
443,3705392
444,2538864
445,2043152
446,2502816
447,3366816
448,2040432
449,1934656
450,3706032
451,2002640
452,2669920
453,3162896
454,4216512
455,1473136
456,2156608
457,3561280
458,1372960
459,5752224
460,5759776
461,3646064
462,4402048
463,5435424
464,3802784
465,3741136
466,3883056
467,322144
468,6742736
469,515632
470,2100512
471,4711760
472,3420000
473,2782192
474,1095520
475,1438528
476,8681168
477,4023456
478,605168
479,5512512
480,4949200
481,3540112
482,3409840
483,2671648
484,980096
485,4201584
486,2810672
487,10815552
488,3463152
489,4605552
490,3210848
491,4345744
492,3995632
493,6033808
494,3777536
495,4482016
496,2543280
497,3808400
498,5832992
499,2200288
500,9287312
501,3335872
502,3568512
503,4016336
504,2848080
505,1127536
506,4388512
507,3728192
508,3328720
509,3731360
510,6114640
511,2421216
512,2728752
513,7239680
514,2175952
515,1668176
516,2259728
517,2781024
518,1997776
519,4114944
520,460752
521,4617280
522,3380256
523,7259344
524,405344
525,4156304
526,2873696
527,617120
528,4435872
529,2839696
530,4888816
531,5342416
532,1996448
533,4201856
534,4240208
535,3005328
536,4177040
537,4287120
538,2948320
539,3992000
540,4015136
541,3870176
542,3243792
543,2321360
544,394768
545,2784784
546,4053376
547,1818656
548,2885456
549,2154992
550,2323760
551,2925968
552,2786704
553,1822416
554,2174272
555,3211504
556,1855312
557,4630000
558,2022704
559,2013088
560,2208080
561,4177120
562,1855104
563,2929472
564,3906192
565,2069744
566,2162464
567,3014624
568,2176960
569,2146400
570,2806496
571,4212160
572,2250528
573,1988704
574,3022128
575,2391600
576,3555024
577,1997328
578,7158192
579,2293824
580,7048352
581,2723056
582,2470352
583,2496672
584,3564736
585,3866272
586,3321664
587,3232240
588,3687824
589,4000432
590,3199328
591,719728
592,2273952
593,518448
594,7173424
595,3760832
596,4254448
597,4901856
598,1356912
599,3838912
600,2590160
601,328864
602,2575616
603,5956352
604,3067568
605,5694800
606,4374240
607,4496672
608,4601776
609,2250256
610,4032464
611,2261840
612,4036864
613,4659360
614,1371120
615,4965520
616,4798048
617,2692912
618,1107104
619,3565152
620,3506896
621,2041760
622,3362832
623,4216416
624,4032784
625,3960672
626,4069808
627,3340208
628,3589568
629,3092528
630,4079232
631,2164944
632,1988992
633,306864
634,2237792
635,3514912
636,2697424
637,2932320
638,2445616
639,3082800
640,1805936
641,2608176
642,3160352
643,2415680
644,1925552
645,3573648
646,2747760
647,2961104
648,4111408
649,2118512
650,2191504
651,1928272
652,1760480
653,3529392
654,2232064
655,3279376
656,2047584
657,364976
658,563216
659,2852992
660,2303536
661,3587728
662,3070176
663,2871104
664,2882128
665,595616
666,2984576
667,2540704
668,2716688
669,2596528
670,2099328
671,3137152
672,584720
673,3517840
674,2241424
675,1518576
676,2369344
677,443232
678,3372384
679,3610176
680,3984736
681,2027024
682,1732912
683,1939984
684,2716432
685,2933808
686,2213936
687,3745312
688,3318880
689,2613920
690,2113040
691,2920240
692,2819952
693,2137520
694,2995808
695,1976736
696,2545440
697,1224992
698,2361440
699,3186752
700,2984432
701,1633728
702,1711712
703,2128704
704,5932480
705,3370544
706,2145280
707,2304000
708,3295824
709,4439888
710,5394960
711,2027296
712,3044128
713,2294800
714,3590432
715,4616448
716,3885472
717,4039712
718,2108288
719,3473280
720,4225376
721,1850912
722,967600
723,2609344
724,4404912
725,6518832
726,1463056
727,386496
728,1313168
729,3399040
730,1219488
731,2955472
732,450592
733,6455936
734,3582032
735,7431344
736,1645632
737,938640
738,7029728
739,1964080
740,315008
741,3174416
742,8252944
743,3670208
744,3585024
745,5894704
746,1828128
747,837056
748,711888
749,2528336
750,6111376
751,3878032
752,4425456
753,481872
754,8545904
755,6046608
756,377776
757,3274608
758,745328
759,3504496
760,6019200
761,3723904
762,5049088
763,1448256
764,5392176
765,3713632
766,2192816
767,1999952
768,3051008
769,2596144
770,2161120
771,5821568
772,4805200
773,2417264
774,3605072
775,5859648
776,4264336
777,5280288
778,2713648
779,3008048
780,3983840
781,2474848
782,469296
783,2031616
784,3341952
785,580048
786,2120912
787,2369264
788,1905216
789,3783872
790,4768512
791,4566752
792,3020352
793,4257616
794,692032
795,6168720
796,4642512
797,4149104
798,6985696
799,3234704
800,4068080
801,3616384
802,4580624
803,6381424
804,3713040
805,4686784
806,3370400
807,8207632
808,2692400
809,3933968
810,3566416
811,4452096
812,6777232
813,2023072
814,2033056
815,5540816
816,542704
817,2068272
818,2041504
819,3193008
820,2291488
821,2425584
822,3024368
823,2201728
824,489424
825,2396336
826,2213312
827,1336976
828,2614944
829,2662048
830,3429280
831,4397504
832,3653264
833,2372320
834,4037168
835,2259792
836,3355792
837,2631696
838,2697168
839,2153520
840,2257696
841,3027680
842,2364048
843,3201504
844,646272
845,614912
846,2766800
847,2444128
848,3237152
849,2480416
850,3182480
851,2379056
852,2641376
853,1339152
854,2377344
855,2305648
856,3346848
857,2828560
858,2648800
859,1938960
860,2451936
861,3549008
862,2258752
863,3146736
864,2533952
865,2917968
866,4203936
867,3622752
868,3541808
869,2507728
870,3782736
871,1460128
872,3927536
873,3772592
874,275824
875,2450192
876,2009552
877,3072080
878,2682896
879,1743344
880,3172848
881,393072
882,3411232
883,3769456
884,3741104
885,504544
886,2919232
887,2552672
888,400608
889,2584256
890,2313520
891,3466688
892,1575232
893,2006656
894,3110800
895,1897344
896,2264080
897,3092608
898,3226048
899,2365648
900,3115696
901,2547456
902,3550624
903,1564432
904,3764448
905,3932576
906,3355776
907,4039856
908,3167712
909,2572432
910,3196480
911,2724400
912,612144
913,2149408
914,2188880
915,2530624
916,1378960
917,2196560
918,3360672
919,465792
920,2353472
921,1776336
922,4924512
923,2746688
924,6153472
925,3972992
926,2452048
927,4448880
928,5470704
929,2162912
930,621776
931,3480128
932,7078864
933,3674400
934,3659568
935,5654736
936,5121840
937,3866384
938,3283744
939,560704
940,3207488
941,4954640
942,5394080
943,2336864
944,921920
945,3812576
946,3859296
947,2240896
948,1627888
949,1321664
950,2954960
951,2425680
952,1921632
953,2607920
954,2115664
955,2649568
956,3391632
957,3080848
958,417216
959,1282704
960,2029888
961,3296160
962,4834816
963,2199408
964,2780432
965,449136
966,2918496
967,2254432
968,441344
969,3498048
970,2261104
971,2146288
972,506144
973,2168848
974,512192
975,4031344
976,2993840
977,1952304
978,2777168
979,2965168
980,2808688
981,2238720
982,2518928
983,568704
984,2230352
985,2392816
986,2795744
987,2850992
988,2916288
989,2506064
990,1826144
991,3175248
992,723152
993,1960560
994,2735040
995,2371296
996,3098880
997,2957328
998,2506736
999,3559408
1000,3279904
1001,2056736
1002,470736
1003,1364448
1004,2373360
1005,1913680
1006,2691344
1007,3333952
1008,2431648
1009,2315488
1010,2141872
1011,3212592
1012,1951072
1013,2061696
1014,2033728
1015,2063280
1016,2592304
1017,3433808
1018,3987776
1019,349648
1020,3124992
1021,2660816
1022,2386288
1023,2946448
1024,3127328
1025,3037424
1026,2394944
1027,2092640
1028,2420912
1029,3371520
1030,2264016
1031,3167968
1032,2280816
1033,2002384
1034,2437472
1035,3048448
1036,2581760
1037,2080080
1038,2127696
1039,2396464
1040,3746304
1041,1774784
1042,5322832
1043,517424
1044,1798512
1045,3769536
1046,2488016
1047,3892816
1048,1685120
1049,2341312
1050,2270704
1051,2077936
1052,2042096
1053,2179536
1054,2277104
1055,1820096
1056,1944288
1057,3492528
1058,3216560
1059,2151520
1060,3491872
1061,2131088
1062,2189520
1063,532784
1064,1802368
1065,3706912
1066,3904096
1067,3784704
1068,2983120
1069,3497760
1070,1818912
1071,1903040
1072,2362400
1073,1607920
1074,1923008
1075,3142224
1076,2564240
1077,476048
1078,2333152
1079,2202352
1080,2822160
1081,2966960
1082,3960880
1083,466768
1084,2742192
1085,2176800
1086,1412656
1087,2042704
1088,1299056
1089,2187600
1090,1194832
1091,2178640
1092,3574464
1093,2332688
1094,2031200
1095,2130240
1096,3899200
1097,3249152
1098,3505328
1099,2074000
1100,3070336
1101,2633360
1102,2956992
1103,2023648
1104,2301920
1105,2965984
1106,2103632
1107,3038112
1108,2123280
1109,2076912
1110,1373792
1111,3572768
1112,2037072
1113,3042736
1114,2063120
1115,2384464
1116,1313504
1117,1910304
1118,2478656
1119,3880080
1120,448768
1121,2410496
1122,3878656
1123,2119776
1124,3012960
1125,2689008
1126,3330560
1127,2149184
1128,3565952
1129,3255824
1130,1935120
1131,2079808
1132,1417584
1133,2129728
1134,3030368
1135,2547104
1136,2052576
1137,2068096
1138,2404656
1139,2952416
1140,2235520
1141,3053760
1142,2082544
1143,4491472
1144,1805664
1145,2909616
1146,2218128
1147,3693680
1148,1985472
1149,3549744
1150,3114784
1151,2601584
1152,547776
1153,3187312
1154,2130864
1155,360864
1156,1694720
1157,3105456
1158,2409152
1159,366464
1160,3282704
1161,2223392
1162,2183744
1163,585360
1164,2755072
1165,3405376
1166,2034096
1167,2020960
1168,1564592
1169,1981712
1170,2803824
1171,4146560
1172,1732496
1173,2189872
1174,2089424
1175,1975648
1176,2111040
1177,1122112
1178,2608576
1179,3607488
1180,2954352
1181,2107088
1182,2232640
1183,2662672
1184,4463952
1185,3542704
1186,2505744
1187,466592
1188,2608512
1189,2129552
1190,1915184
1191,2258992
1192,2438416
1193,1411232
1194,2016528
1195,3329776
1196,2117984
1197,1884656
1198,3343600
1199,3174912
1200,2159408
1201,3117216
1202,2206880
1203,2046864
1204,3418384
1205,3819888
1206,2091744
1207,2193520
1208,2381248
1209,2096592
1210,2058320
1211,1930880
1212,2661984
1213,2900000
1214,2679984
1215,1404128
1216,2123776
1217,1481168
1218,2230528
1219,2371152
1220,3174928
1221,3370608
1222,2465376
1223,1781264
1224,3385616
1225,429408
1226,1226256
1227,2427312
1228,3150080
1229,2024240
1230,2460976
1231,2909232
1232,2529312
1233,3587536
1234,2254000
1235,2467952
1236,1330576
1237,2043568
1238,3284496
1239,2065488
1240,2342368
1241,2149136
1242,1897184
1243,2291504
1244,2855184
1245,3255920
1246,2253744
1247,1924960
1248,3131568
1249,1993520
1250,1959552
1251,3141296
1252,2469408
1253,1980784
1254,1109120
1255,2702400
1256,2097408
1257,1871712
1258,2173648
1259,302400
1260,352192
1261,2298768
1262,2022064
1263,2181616
1264,2130320
1265,3090736
1266,1999120
1267,1855296
1268,3788016
1269,3250368
1270,2375568
1271,418992
1272,2831824
1273,2367072
1274,3415376
1275,3204080
1276,2335184
1277,1767696
1278,3038816
1279,4485232
1280,2315856
1281,3414592
1282,409696
1283,3043600
1284,2291824
1285,2175904
1286,2246640
1287,3128528
1288,2194688
1289,2941760
1290,2109184
1291,2427264
1292,3825696
1293,3665136
1294,2942592
1295,2160064
1296,2311328
1297,1290304
1298,2575872
1299,1879696
1300,1837520
1301,1697824
1302,2184000
1303,1838624
1304,2649632
1305,454528
1306,2176864
1307,2384448
1308,1416000
1309,2314560
1310,1510128
1311,3446880
1312,1688544
1313,1328992
1314,2526912
1315,1407952
1316,3672576
1317,2110880
1318,3328320
1319,2959344
1320,2006592
1321,2267168
1322,4266752
1323,2871648
1324,1997328
1325,2021488
1326,2146768
1327,2285760
1328,3238688
1329,1866848
1330,1968192
1331,3893712
1332,3808432
1333,3293408
1334,2181536
1335,1904512
1336,419680
1337,2528416
1338,3296848
1339,2819824
1340,2946496
1341,3277744
1342,2223552
1343,5843120
1344,3319776
1345,459488
1346,1920064
1347,3758560
1348,1879024
1349,2248016
1350,2065120
1351,2343616
1352,2080256
1353,1789120
1354,5248480
1355,2181760
1356,1302288
1357,2554304
1358,5774032
1359,2069888
1360,4453776
1361,3096704
1362,3912272
1363,1932832
1364,3219440
1365,3609840
1366,2921776
1367,3986048
1368,3597984
1369,7224320
1370,6686160
1371,3829712
1372,2003856
1373,3054256
1374,2609824
1375,4222928
1376,2232496
1377,2225376
1378,4133280
1379,1590512
1380,3193408
1381,2463968
1382,3382368
1383,2028880
1384,2092592
1385,3017408
1386,2205248
1387,1985696
1388,1285632
1389,2136464
1390,1433104
1391,2057184
1392,2189440
1393,1963856
1394,1666112
1395,2545024
1396,2060608
1397,3108608
1398,5385376
1399,2284512
1400,3476896
1401,2518656
1402,3117008
1403,2260464
1404,1637968
1405,2279360
1406,3278592
1407,2271520
1408,3058224
1409,2135888
1410,2283488
1411,3120336
1412,4616304
1413,2590592
1414,4086736
1415,2953472
1416,1934064
1417,329600
1418,2082592
1419,429888
1420,1991008
1421,2958672
1422,2368496
1423,1861904
1424,2796320
1425,2112512
1426,2171456
1427,2926784
1428,371104
1429,3169872
1430,2785040
1431,314432
1432,2680736
1433,2351760
1434,1379920
1435,2398240
1436,3892752
1437,2137888
1438,2239104
1439,2017152
1440,2621056
1441,3222192
1442,2264864
1443,3444256
1444,3340448
1445,1946816
1446,1978592
1447,2056320
1448,1289536
1449,1864176
1450,6966896
1451,7273472
1452,3196096
1453,3969136
1454,2654192
1455,4071808
1456,654384
1457,4119376
1458,3258320
1459,3856944
1460,7935648
1461,1675296
1462,3916480
1463,869520
1464,5394288
1465,319312
1466,2042032
1467,2345232
1468,2085024
1469,1653408
1470,2318192
1471,3172768
1472,3530000
1473,2420032
1474,3519952
1475,3722896
1476,2122448
1477,384448
1478,3136592
1479,3217008
1480,2399696
1481,1451088
1482,1995584
1483,3369136
1484,3228336
1485,2354832
1486,4367136
1487,2869568
1488,2303904
1489,3055536
1490,2114848
1491,2482896
1492,2200448
1493,3065872
1494,404384
1495,2044896
1496,2201360
1497,2474736
1498,2187248
1499,2316160
1500,1463232
1501,2353088
1502,3912336
1503,2294848
1504,3204368
1505,2475472
1506,3758256
1507,3662960
1508,1654144
1509,2840320
1510,2043216
1511,2000560
1512,277936
1513,3322560
1514,1841568
1515,3782288
1516,1934944
1517,2411616
1518,1900160
1519,4134944
1520,2123760
1521,1292176
1522,2266368
1523,1672720
1524,3347616
1525,3754352
1526,2245248
1527,2620768
1528,1343536
1529,2214832
1530,1749936
1531,3141232
1532,559040
1533,1758816
1534,3767536
1535,3247472
1536,2588464
1537,2833536
1538,2307968
1539,2969136
1540,2304960
1541,1986752
1542,3522592
1543,1801168
1544,3968752
1545,1981760
1546,3204160
1547,2493104
1548,1815008
1549,1219328
1550,2108624
1551,3230384
1552,2317328
1553,3428688
1554,2263184
1555,1351376
1556,3681104
1557,2426960
1558,2104864
1559,2803504
1560,3542128
1561,3017376
1562,2293936
1563,3014736
1564,2079504
1565,2287616
1566,1761696
1567,365584
1568,2514704
1569,2205216
1570,1795120
1571,2233904
1572,435968
1573,2239040
1574,1774144
1575,1884368
1576,2108528
1577,6217680
1578,1506208
1579,1196784
1580,612944
1581,3178528
1582,1481616
1583,2977664
1584,3801648
1585,3773488
1586,4351248
1587,2955024
1588,3464544
1589,2822464
1590,3759984
1591,3176304
1592,1373328
1593,667952
1594,2801136
1595,1523232
1596,2045408
1597,3094672
1598,5704528
1599,4651728
1600,6652112
1601,4425120
1602,3642240
1603,2911584
1604,2124240
1605,2697216
1606,1231824
1607,6067776
1608,431936
1609,3583392
1610,3394224
1611,5160064
1612,3083296
1613,1112064
1614,2136240
1615,4360352
1616,4456480
1617,337840
1618,3283488
1619,673984
1620,2733856
1621,280240
1622,2379024
1623,2082752
1624,3738976
1625,1984544
1626,3146992
1627,2695632
1628,2906208
1629,1861184
1630,1922576
1631,1835472
1632,1335888
1633,2398624
1634,1397120
1635,3701408
1636,3415200
1637,522944
1638,3278416
1639,487344
1640,2936864
1641,2056896
1642,2731472
1643,2590304
1644,2687712
1645,3287584
1646,1565120
1647,2137840
1648,1873424
1649,1746800
1650,2928816
1651,2360656
1652,2065984
1653,1652160
1654,3301696
1655,2608880
1656,2336064
1657,3009200
1658,3030512
1659,3268688
1660,2075328
1661,742848
1662,3284384
1663,1944432
1664,3085760
1665,2846384
1666,2127968
1667,2181920
1668,2044992
1669,2399168
1670,2065200
1671,2304016
1672,2202256
1673,1994144
1674,424864
1675,2178688
1676,3233968
1677,3442352
1678,2788048
1679,2450384
1680,1925584
1681,515376
1682,1381392
1683,2222848
1684,2792176
1685,484208
1686,3004048
1687,2294704
1688,2170272
1689,1953104
1690,2530768
1691,277200
1692,2946032
1693,2025488
1694,1452448
1695,2081520
1696,3729056
1697,2033888
1698,2266080
1699,2311120
1700,2273808
1701,1773984
1702,2241680
1703,3966064
1704,3538864
1705,4307248
1706,7491280
1707,3289520
1708,494080
1709,4617408
1710,5037744
1711,4878528
1712,3739584
1713,2855392
1714,4445920
1715,2962272
1716,4655680
1717,1872368
1718,7318000
1719,5408928
1720,2662752
1721,3327904
1722,3258416
1723,2117168
1724,3017760
1725,4685312
1726,4119312
1727,3366160
1728,3528432
1729,5149200
1730,7731616
1731,323408
1732,7323824
1733,1844544
1734,2242640
1735,4406464
1736,272496
1737,2704784
1738,6140352
1739,1109104
1740,304240
1741,4592448
1742,3336672
1743,2610480
1744,756512
1745,2805968
1746,792656
1747,474496
1748,2053264
1749,3335136
1750,638384
1751,2931520
1752,4413792
1753,3022928
1754,5124368
1755,2463904
1756,4091184
1757,1139056
1758,6162672
1759,1108704
1760,6334608
1761,667280
1762,3027888
1763,1019552
1764,2066752
1765,3125008
1766,3939888
1767,4590656
1768,1874080
1769,3862064
1770,7551856
1771,3214400
1772,417584
1773,3260720
1774,339792
1775,3944144
1776,2651168
1777,1709888
1778,2240000
1779,4037776
1780,3621568
1781,2132224
1782,3758960
1783,2778592
1784,3376800
1785,2141232
1786,1434208
1787,2526992
1788,2584528
1789,1823776
1790,3295168
1791,2119392
1792,1894832
1793,2987472
1794,3734096
1795,2376672
1796,2314912
1797,3048128
1798,5271696
1799,2306912
1800,3637248
1801,2935248
1802,4161888
1803,2022416
1804,2162784
1805,346928
1806,4598864
1807,1739552
1808,2540784
1809,1704736
1810,2128560
1811,2931952
1812,2262496
1813,3483776
1814,2396176
1815,4020992
1816,2197072
1817,1290592
1818,5787408
1819,2957072
1820,2211936
1821,5245648
1822,4619776
1823,2456144
1824,1310800
1825,2109232
1826,2096512
1827,1910128
1828,3718224
1829,3138288
1830,2568720
1831,2713536
1832,348752
1833,5310880
1834,3856896
1835,2506816
1836,4491904
1837,2874800
1838,2033760
1839,1221328
1840,2141552
1841,2221424
1842,2446224
1843,2913664
1844,2096832
1845,2390688
1846,1911760
1847,3284464
1848,2172640
1849,1613072
1850,3077296
1851,2350368
1852,2363232
1853,2147600
1854,2958256
1855,2402784
1856,3838272
1857,2039936
1858,1751696
1859,2342976
1860,2164272
1861,3242816
1862,1892016
1863,2854560
1864,2144656
1865,483600
1866,477232
1867,3103776
1868,1942336
1869,2945168
1870,2452304
1871,2303840
1872,2078448
1873,2161696
1874,2192496
1875,1855424
1876,2447984
1877,3142352
1878,2142160
1879,2305984
1880,3121728
1881,2315360
1882,1478992
1883,1852192
1884,1472544
1885,3352048
1886,2422480
1887,2427984
1888,3189456
1889,2887664
1890,3122320
1891,3271024
1892,2202800
1893,1312032
1894,2449792
1895,1266816
1896,2292496
1897,3146192
1898,2128432
1899,2223104
1900,2045328
1901,3200224
1902,2333520
1903,3157136
1904,2161056
1905,2164288
1906,3314272
1907,1715328
1908,2151152
1909,2939392
1910,2315104
1911,2289616
1912,2509024
1913,3098704
1914,499456
1915,1191728
1916,2373776
1917,1975088
1918,3217792
1919,1758976
1920,2380256
1921,2939072
1922,2717760
1923,1834576
1924,1872608
1925,2906480
1926,520752
1927,1643104
1928,1719808
1929,3020624
1930,2173456
1931,2303056
1932,1452192
1933,2351824
1934,2228704
1935,2924192
1936,2473760
1937,486128
1938,3086256
1939,1953184
1940,428192
1941,1460976
1942,2435504
1943,442240
1944,3173392
1945,2043376
1946,7507824
1947,8566720
1948,4007152
1949,4046800
1950,3475600
1951,3884320
1952,3403776
1953,3273888
1954,3594160
1955,2661904
1956,393840
1957,2164944
1958,2770112
1959,2944288
1960,2006880
1961,2433824
1962,2957424
1963,2039744
1964,2104560
1965,505088
1966,422832
1967,2011440
1968,3000288
1969,2347568
1970,2201408
1971,3017472
1972,2157904
1973,1759168
1974,3568656
1975,1276032
1976,3658464
1977,593904
1978,3069824
1979,2096272
1980,2303728
1981,1896592
1982,2619440
1983,2195232
1984,2540496
1985,1447072
1986,2134416
1987,3237984
1988,2478624
1989,3436320
1990,3172000
1991,1855904
1992,2708944
1993,2754400
1994,1917824
1995,2030480
1996,2400720
1997,2112656
===CSV_END===
HICOM_PING_DONE run=6
