HI_NET_PING_START run=5
Probes: 2000  |  Protocol: UDP  |  Period: 1 ms  |  Msg: 64 B
hi_net_ping: sending HELLO to 127.0.0.1:5002 (protocol=UDP)...
[echo] HELLO — protocol=UDP  n_probes=2000
[echo] HELLO_ACK sent
hi_net_ping: HELLO_ACK received
[echo] run #5 — echoing probes
hi_net_ping: starting ping-echo loop (2000 probes at 1 ms)...
========== HI_NET_PING RESULTS ==========
Probes sent:        2000
Echoes received:    2000
Lost (no echo):        7 (0.350%)
RTL (us):
Mean: 3846.843    Std dev: 892.449
Min:  2496.128    Max:     27397.664
P50:  3734.016    P95:     4507.280
P99:  7322.576    P99.9:   15088.768
IAJ (us):
Mean: 3231.408    Std dev: 633.542
Min:  1776.496    Max:     10850.288
P50:  3116.384    P95:     4002.480
P99:  6066.272    P99.9:   9236.848
===CSV_START===
index,rtl_ns,iaj_ns
0,4391136,3724544
1,4188016,5476048
2,5948112,3259632
3,3875040,3128320
4,3829632,2990128
5,3605440,3612208
6,4311104,3387024
7,3950400,3532992
8,4146832,3337552
9,3978704,3107712
10,3797600,3304048
11,4014592,4188144
12,4702560,3214352
13,3847088,3189232
14,3900736,3481376
15,4174704,3673440
16,4175472,3411488
17,4021312,2590176
18,3266960,3256624
19,3867264,2743168
20,3332464,3559120
21,4180256,2741792
22,3440032,3146288
23,3755552,2847872
24,3452752,3300480
25,3986944,3145488
26,3736192,3037024
27,3774832,4623984
28,5167232,3175872
29,3687792,3183936
30,3826256,3860960
31,4498128,3301680
32,3934032,3425392
33,4076832,3298384
34,3865792,3042768
35,3721728,3002592
36,3633104,3005312
37,3663264,2778896
38,3516048,2975840
39,3517408,2558080
40,3247312,2787152
41,3384640,3556224
42,4180864,2743904
43,3396768,3214720
44,3762544,2885632
45,3437584,2911744
46,3418448,3094096
47,3602384,2807152
48,3358368,3461584
49,3896144,3085376
50,3697040,3152032
51,3734016,3397680
52,4012208,3312368
53,4003664,3343600
54,4038816,3608336
55,3813600,2747520
56,3374336,3276224
57,3922864,3002288
58,3696864,3108464
59,3737920,3157488
60,3764960,3033680
61,3727968,2979664
62,3699552,3266992
63,3877152,3476256
64,4143872,3395632
65,3885152,3171888
66,3775440,3857552
67,4493920,3405328
68,4115216,3245712
69,3901248,3180400
70,3293360,3816752
71,3887952,2988912
72,3656336,2721680
73,3292736,3234160
74,3884688,3201024
75,3751136,3212160
76,3848192,2789824
77,3501408,2776144
78,3412800,3263328
79,3779280,3790928
80,4426880,3487072
81,4030624,3457408
82,4112960,2621104
83,3283856,2918576
84,3509888,3155168
85,3814832,3357440
86,4001360,2914240
87,3504208,2674464
88,3169824,3225312
89,3877072,2577136
90,3162464,3363680
91,4004848,3043984
92,3568832,2687280
93,3314448,3211424
94,3826352,3392512
95,3983360,3061152
96,3750656,3332656
97,3975984,3047616
98,3748512,3053440
99,3757056,3296880
100,3983872,3303792
101,3959312,3046160
102,3208016,3436992
103,3698000,2687968
104,3416416,3495792
105,3651040,2931472
106,3599344,3183232
107,3865968,2846864
108,3452864,3254176
109,3881472,2746688
110,3435920,3091280
111,3754400,3032032
112,3667488,2839328
113,3429136,2917344
114,3407568,3276944
115,3914704,3079248
116,3691232,2836896
117,3479152,2846480
118,3506144,3244112
119,3899792,3427808
120,3945952,2899376
121,3570720,2716864
122,3416384,3019152
123,3693120,2728848
124,3329024,3343504
125,3932064,2921600
126,3593536,2795968
127,3497856,3122272
128,3705648,3227504
129,3821600,2920336
130,3609008,3343552
131,3913088,3081456
132,3750576,2704544
133,3407808,2806768
134,3505568,2996608
135,3577760,3241536
136,3880304,2753424
137,3369504,3027072
138,3684416,2837104
139,3444816,2764768
140,3341248,2684240
141,3356624,3318352
142,3416384,2703280
143,3413728,4143264
144,4273120,3452816
145,4157488,3402864
146,3994160,3349296
147,3968208,3366352
148,4005760,2985328
149,3587904,3286320
150,3850112,3397408
151,4058672,4441552
152,5081360,2836592
153,3564752,2937600
154,3622320,3093488
155,3723376,3294672
156,3885888,2884016
157,3578928,3048624
158,3703712,2796544
159,3412288,3197760
160,3809360,2907456
161,3532688,2997248
162,3722784,2545616
163,3260240,2514416
164,3186448,3830240
165,3839952,2937856
166,3641472,2996816
167,3619424,2772240
168,3403600,3514080
169,4115584,4205552
170,4908656,3295360
171,3918448,2630208
172,3304720,3224768
173,3856256,3345728
174,3928560,3329504
175,3921904,2999904
176,3685568,3421744
177,4104064,3204880
178,3881296,3934448
179,3988480,3106880
180,3692912,3185648
181,3831120,3105424
182,3777952,3226032
183,3785888,3598464
184,4309904,3349040
185,3920704,3190848
186,3839904,2846960
187,3533040,3333680
188,3928640,2708208
189,3361904,3152240
190,3732496,3377648
191,4068416,2719360
192,3305472,3139120
193,3668448,2663312
194,3345952,2753840
195,3348560,3521984
196,4165760,2934256
197,3534288,3333936
198,3900704,2861568
199,3539248,3025936
200,3620784,3107280
201,3779056,2912144
202,3576528,2779184
203,3398096,2666928
204,3174512,3290592
205,3848272,2882000
206,3476448,3755168
207,4388656,3031584
208,3725632,3194384
209,3872496,3320704
210,4032336,4183152
211,4259984,2734896
212,3413056,3377824
213,4029408,3083344
214,3814272,2672016
215,3352016,2847072
216,3534704,3051392
217,3481264,3429664
218,4046480,2939088
219,3598848,3043632
220,3680688,3102160
221,3764160,3072256
222,3780192,2817216
223,3513536,3018048
224,3641712,2853344
225,3556496,3106896
226,3786704,3615520
227,4261984,3488000
228,4067792,3330224
229,3980288,2801664
230,3379568,3585136
231,4232160,2885536
232,3531792,3207904
233,3794816,3266064
234,3933760,3036096
235,3741920,3320144
236,4010560,3112064
237,3759280,3251920
238,3938064,3719136
239,3730720,3129296
240,3762608,3048240
241,3621552,3329312
242,3967264,3048976
243,3733360,2815984
244,3479024,3067056
245,3690624,2825568
246,3358112,3124256
247,3720576,3156544
248,3758368,2826848
249,3517776,2961552
250,3589136,3048160
251,3728976,3193328
252,3885568,2882048
253,3559648,3135664
254,3831904,3515056
255,4195920,3932656
256,4453040,2369056
257,3067264,4320496
258,4850416,3392048
259,4082800,3851488
260,3926944,3062464
261,3730256,3077408
262,3702560,3024176
263,3705424,2730000
264,3332432,3193456
265,3761072,2957680
266,3532224,2823488
267,3476576,3136784
268,3707088,3227840
269,3795408,2622848
270,3292736,2560128
271,3244912,3413552
272,3480768,3079424
273,3740880,3320032
274,3977920,3601424
275,4232128,2720832
276,3317664,3139184
277,3831488,3638496
278,4320384,3782016
279,4359328,3440880
280,3954800,2772912
281,3464800,3019632
282,3614752,3041760
283,3589840,2700464
284,3384432,3035008
285,3636560,2878352
286,3558880,2954736
287,3549152,2984416
288,3538464,3039248
289,3585184,2967920
290,3580256,2704384
291,3335280,3207936
292,3823952,2623968
293,3215648,3427952
294,4065152,2648128
295,3272992,3112576
296,3744848,3271600
297,3867984,3442128
298,4043744,3160656
299,3783424,2941824
300,3637968,3812688
301,4488304,3715024
302,3813760,2797632
303,3431264,2670816
304,3289040,3424656
305,3557920,2913856
306,3453216,3095232
307,3605904,3445760
308,4032128,3028256
309,3768416,3002960
310,3621680,2961024
311,3584416,3009152
312,3636736,3085056
313,3753856,3073152
314,3770096,3308464
315,3976480,3329712
316,4002944,3685632
317,4215056,2607040
318,3197936,3467344
319,4067760,2468160
320,3075760,3160528
321,3812000,4004064
322,4640112,2948176
323,3661040,3098096
324,3811552,3599024
325,4300704,3133808
326,3340576,3937984
327,4126112,2658416
328,3338448,3682336
329,4307776,2777136
330,3447840,3686624
331,4360896,3538592
332,4121488,3519600
333,4097312,2973136
334,3569088,2950928
335,3578720,2529280
336,3202624,3543344
337,4189488,2967248
338,3526768,2827872
339,3425456,2569104
340,3224864,3600384
341,4229776,3152160
342,3826272,2951360
343,3569760,3208816
344,3882192,3181232
345,3856352,3292672
346,3981888,3461024
347,4105728,3402848
348,3440752,2566992
349,3244544,3575888
350,3587136,3175152
351,3757856,3045584
352,3655504,3168160
353,3832576,2778048
354,3478672,2852000
355,3485296,2933584
356,3537088,2370816
357,3053280,3157584
358,3325168,3842272
359,3943136,3095744
360,3832336,2782016
361,3507280,2710672
362,3309392,3284832
363,3950704,3204832
364,3715680,3149568
365,3835024,2900672
366,3562704,2820544
367,3466416,2657536
368,3274096,2529552
369,3176576,3639232
370,3803264,3483360
371,4166416,3167312
372,3877616,3540240
373,4241280,3685888
374,4063328,2712336
375,3264720,3599232
376,4123600,3066640
377,3726512,2873952
378,3569040,2918064
379,3596544,3050048
380,3574640,2844784
381,3443280,2555696
382,3155504,3451680
383,4047648,2803312
384,3439520,2887968
385,3584912,3154400
386,3699200,2711616
387,3175056,3083856
388,3736512,3251648
389,3896160,3550336
390,4176880,2616208
391,3354976,3004464
392,3539536,3322560
393,3855184,2798272
394,3437168,2653120
395,3319552,3813056
396,4366784,3165104
397,3874848,3012896
398,3708096,3248176
399,3941088,3403456
400,4087952,3462240
401,3509216,3289440
402,3835984,2899008
403,3569840,2949120
404,3561040,3197472
405,3742272,2933024
406,3611952,3239728
407,3898320,3514528
408,4175936,3715312
409,4176608,2876480
410,3457856,3086256
411,3680128,3032256
412,3666560,3420992
413,4011056,2898384
414,3484736,2814480
415,3446960,2765184
416,3278032,3740704
417,4275712,3323424
418,3984960,2957344
419,3660000,2736640
420,3447376,2967344
421,3702560,3306000
422,4025136,3106992
423,3796640,2904160
424,3619328,3146896
425,3858304,3084144
426,3788384,3124416
427,3861856,4016144
428,4632880,2849776
429,3527360,3286256
430,4015520,3109280
431,3683520,2581728
432,3243952,2453472
433,3149472,3136400
434,3272464,3822560
435,4077408,2941296
436,3499568,2957792
437,3575216,2919456
438,3542064,3580496
439,4147712,2985552
440,3682560,2821488
441,3523056,2794624
442,3463472,8409952
443,9051760,2550432
444,3141328,3758928
445,4487856,3095488
446,3600560,2734784
447,3377296,3926384
448,4578112,2994544
449,3660016,4492240
450,5204512,2607152
451,3271600,4000720
452,4680736,5064336
453,10189776,4006672
454,4928944,3274720
455,4682176,3080176
456,3858432,3130912
457,3757904,3057200
458,3744752,3640816
459,3734112,3283232
460,4319824,3745952
461,3842608,2997600
462,4385632,2823168
463,3609616,2686400
464,3463680,2821216
465,3375376,3271648
466,3456848,2707744
467,3920656,3469520
468,3267504,2612288
469,4101936,3149904
470,3266080,3161024
471,3738432,3067840
472,3878624,2653808
473,3638432,2875328
474,3218640,3228528
475,3302160,3034560
476,3895184,2860144
477,3716192,2869232
478,3565344,3432160
479,3416656,2952528
480,4124448,3059904
481,3579696,2783744
482,3684768,3373968
483,3420096,2897520
484,4056544,2501008
485,3571248,3116032
486,3169008,3432608
487,3771632,3104672
488,4101296,2777360
489,3659376,2782752
490,3452800,3198208
491,3389152,2941056
492,3837648,3161568
493,3587728,2603072
494,3772880,3284464
495,3193056,2653440
496,3871888,3385904
497,3223824,2492464
498,3917760,3153120
499,3104192,3800384
500,3779888,2634912
501,4351760,2503488
502,3365968,3085552
503,3159120,3892288
504,3710224,3090144
505,4453408,3382160
506,3794000,3417536
507,4078160,3373840
508,4079648,3002560
509,3454320,3285600
510,3709360,3337488
511,3907792,3090384
512,3951504,2911888
513,3677184,3790192
514,3572720,2984464
515,4440400,3555312
516,3583600,3465616
517,3981840,2922064
518,4134624,2886128
519,3541424,2565600
520,3436192,3112000
521,3243392,3414048
522,3752320,3093040
523,4017920,3079984
524,3703856,3004576
525,3761440,2854784
526,3639632,3308320
527,3528672,2987088
528,3827312,3000016
529,3658288,3160368
530,3692336,3032608
531,3806400,2935568
532,3740592,3014368
533,3621824,3127152
534,3726704,4307616
535,3832880,2844624
536,5003040,3110976
537,3515648,2957728
538,3713616,2825248
539,3559856,2558784
540,3467856,3701888
541,3263488,3134960
542,3959264,3242096
543,3764032,2993360
544,3865632,3078320
545,3629952,3148704
546,3720416,2856272
547,3860976,2934064
548,3558704,2971408
549,3635232,2942032
550,3617104,2988992
551,3578160,3737440
552,3702672,3511504
553,4436256,3290160
554,3956992,3069056
555,3843712,2719296
556,3625168,3755696
557,3340416,3114032
558,4370688,3030480
559,3782272,3054560
560,3743744,3438320
561,3756384,5133856
562,4131184,3413904
563,5790768,3303056
564,3881472,2851856
565,3951744,3369552
566,3465760,5235248
567,3998320,2813616
568,5898912,3006240
569,3497536,3167184
570,3690352,3051824
571,3780768,3193600
572,3778944,3587376
573,3872048,3359120
574,4280096,3266720
575,3775776,3287952
576,3906288,2866784
577,3881888,2519488
578,3474272,3202912
579,3083168,3343712
580,3827136,3371216
581,3774448,2545552
582,4000992,2666608
583,3283504,3983648
584,3179296,2973040
585,4557872,3237472
586,3677312,3099360
587,3938768,3553504
588,3837360,3762128
589,4133232,2724576
590,3985024,3252704
591,3404608,2973552
592,3866080,3153440
593,3647456,2841968
594,3705920,2967840
595,3546688,2790864
596,3623440,3253280
597,3432176,2762816
598,3840080,3039920
599,3439280,2980096
600,3654272,2954432
601,3502208,2501008
602,3558496,3675488
603,3190208,3133296
604,3720960,3072048
605,3761088,2790480
606,3705664,2961296
607,3472624,3272800
608,3570640,3332688
609,3814992,3447008
610,3974512,3639792
611,4111680,3188624
612,4229792,2630224
613,3838272,3328336
614,3198032,3150896
615,3963664,2732288
616,3704368,3410320
617,3403344,2876352
618,4087088,2914096
619,3552800,2782192
620,3544496,2899328
621,3406336,3335264
622,3488768,3120448
623,4009872,2992976
624,3723760,2732928
625,3576400,3116384
626,3410720,3091120
627,3712400,2559520
628,3666160,3945152
629,3211120,2956112
630,4592432,2653744
631,3670544,3438896
632,3366672,2852624
633,4050768,3060496
634,3554752,3080864
635,3712912,3386096
636,3784208,3501824
637,4078752,4338000
638,4140352,3842000
639,4464752,2894176
640,4567936,3099312
641,3454688,3632176
642,3747056,2500240
643,4188592,3080128
644,3195280,3192176
645,3792320,2837056
646,3682640,3045200
647,3493936,2666128
648,3551744,3563280
649,3270672,2858608
650,4122944,3084832
651,3393568,2649312
652,3688592,3045984
653,3243984,3875728
654,3688032,3344592
655,4544064,3044784
656,3948944,3256608
657,3697216,3024256
658,3291264,3496208
659,3247104,3283584
660,3650032,2924896
661,3937232,2793184
662,3533456,3184080
663,3418560,3055376
664,3821856,2778544
665,3635104,3321680
666,3410336,3193136
667,3969872,3076256
668,3880096,2861520
669,3785712,2645088
670,3539968,2978352
671,3343792,3548928
672,3521968,3000048
673,4184544,2929568
674,3651760,3005776
675,3585216,2781104
676,3658704,2969984
677,3395584,3044496
678,3530640,2650176
679,3599472,2628848
680,3343552,3498528
681,3277904,3189248
682,3499280,2990144
683,3741248,2619088
684,3621184,3397392
685,3236848,3280880
686,4053472,3118736
687,3845856,2881680
688,3792224,2701712
689,3566080,2736592
690,3376896,3136160
691,3390832,3313024
692,3729184,2912384
693,3979872,3361792
694,3622480,3134528
695,3984336,3830144
696,3812800,3193424
697,4532896,3118672
698,3854784,2925408
699,3673952,2926784
700,3488896,3113792
701,3392880,3176000
702,3817040,3348352
703,3736304,2793264
704,3938224,2940624
705,3454240,2849184
706,3595344,2623920
707,3460528,3246224
708,3292400,2776864
709,3880144,3407808
710,3411472,2654768
711,4019952,2751920
712,3301264,3652480
713,3343744,2549952
714,4289376,3535616
715,3198256,3375904
716,4142512,3103232
717,3973088,3553664
718,3793424,3010880
719,4178704,3729456
720,3176304,3095408
721,3846848,2966672
722,3704272,3207088
723,3648496,3068160
724,3892640,3040800
725,3783936,3799136
726,3727456,3635568
727,4420288,3512480
728,4134112,2759632
729,4147616,2529744
730,3442256,3487104
731,3197040,3142432
732,4193040,3374848
733,3826672,2783648
734,3949136,2986960
735,3496624,3104048
736,3615952,2842752
737,3758816,2667504
738,3532736,2487632
739,3393968,3203680
740,3136896,2994272
741,3894384,3420544
742,3636000,3138032
743,3974816,3011648
744,3722160,2808832
745,3644784,2734080
746,3461792,2726032
747,3360112,3327744
748,3376592,2681856
749,3848752,3455472
750,3386000,3107200
751,4139680,3609216
752,3680032,3063968
753,4235472,3281632
754,3738416,3203200
755,3973600,4021952
756,3863344,2841008
757,4038160,3111248
758,3568784,3296416
759,3717184,2931392
760,3779936,3366224
761,3593728,2685920
762,4053328,3575488
763,3414960,3424992
764,4286976,3310720
765,3952160,2671312
766,3930032,3171536
767,3346752,3351840
768,3827168,2606560
769,3973696,3078096
770,3229184,3843488
771,3717056,2926688
772,4464512,3035840
773,3619200,2680576
774,3683472,3183280
775,3378432,2915392
776,3793616,2895360
777,3613296,3369296
778,3576784,3224960
779,3607744,3069040
780,3905936,3543632
781,3784400,3705312
782,4273136,2812336
783,3894336,3337360
784,3484688,3011408
785,3857024,2937056
786,3663680,2927264
787,3623536,3143248
788,3611936,3230048
789,3735424,3133552
790,3867056,2916880
791,3831888,2821264
792,3560960,2742032
793,3515008,3351232
794,3447360,3034720
795,4001776,3012944
796,3699104,3262896
797,3658352,3359952
798,3949456,3377328
799,4067616,3247664
800,3839376,3945616
801,3869120,3666080
802,4576080,4322640
803,4355600,2984320
804,4188336,2805408
805,3594208,3708544
806,3509712,3461616
807,4377264,3288384
808,4013040,3086176
809,3937184,2999376
810,3733136,2640352
811,3490336,3321536
812,3246032,2995344
813,3890368,2808576
814,3662512,3388160
815,3448720,2899424
816,4044656,3573280
817,3467680,2826528
818,4249168,2923584
819,3534656,2721440
820,3567456,3157728
821,3408176,2776048
822,3709808,2661424
823,3462672,3568160
824,3228992,3010464
825,4175312,2790432
826,3718480,3107024
827,3458176,3030048
828,3763616,2956608
829,3688144,3353904
830,3576912,3040096
831,3885136,3112640
832,3711312,2988496
833,3825632,3274352
834,3686416,3277552
835,3988960,3611824
836,3955008,2732800
837,3632464,3579648
838,3369536,3084656
839,3768608,3140160
840,3764848,2975680
841,3733376,2648048
842,3581120,3132288
843,3318304,3098784
844,3625712,3090992
845,3704864,2931856
846,3649488,2938528
847,3621824,3043744
848,3554304,3029408
849,3726464,3201408
850,3636704,3715040
851,3807120,3326192
852,4353072,3323520
853,3831392,2992080
854,3964560,3310064
855,3566112,2614736
856,3957904,3261104
857,3295840,3160944
858,3867216,3127504
859,3671648,2513728
860,3753920,3112608
861,3241984,2795424
862,3780464,3432560
863,3380944,3148704
864,4063232,3224224
865,3724848,3203632
866,3887136,3256752
867,3907872,3254448
868,3935696,3559968
869,3904528,2505520
870,3664960,3991616
871,3236576,3163616
872,3967840,3030192
873,3892720,3102944
874,3615488,2863392
875,3806336,2929840
876,3525264,2831584
877,3534960,3169808
878,3553824,2804224
879,3713824,2668784
880,3535680,2673872
881,3301328,3633616
882,3368512,3627648
883,3678432,3660640
884,4283232,3438544
885,4331920,2654384
886,4095024,3554640
887,3223008,3521712
888,4212960,3043792
889,4013888,3421488
890,3743584,3283920
891,4076256,3729264
892,3963968,3146912
893,3925072,2873936
894,3692336,3088032
895,3462912,2751712
896,3675504,3446720
897,3428448,3087568
898,4034672,3813552
899,3803296,3844592
900,4477744,3481520
901,4269776,3243024
902,4021312,4347008
903,3931440,2961888
904,5078592,3011600
905,3612672,2967328
906,3653264,2803520
907,3507568,3285728
908,3453232,3182240
909,3903440,2673168
910,3852832,3009920
911,3377056,2869296
912,3522944,3183920
913,3487920,4453408
914,3790528,3518096
915,5048992,2959568
916,4025680,2734352
917,3633952,3065216
918,3420000,3219904
919,3756800,2574048
920,3864448,3443808
921,3232416,3025344
922,3994320,3016736
923,3617040,3093920
924,3599888,3170032
925,3753168,2665232
926,3792976,2670576
927,3401264,3475072
928,3318928,3092512
929,4121392,2831472
930,3646928,3405264
931,3494592,3250112
932,4046064,3525168
933,3952304,3098800
934,4254320,3423248
935,3207424,3203936
936,3614160,8562304
937,3876032,3466976
938,9234576,3208464
939,4099008,3428720
940,3812992,4374880
941,4084000,3312912
942,5065424,3763984
943,3936608,3654592
944,4394896,3038624
945,4192144,3019056
946,3715712,3249040
947,3469088,6010592
948,3330192,8361744
949,6122336,9236848
950,12165328,3274496
951,8340464,3053040
952,10821328,3062832
953,9218144,3097936
954,3882960,3344784
955,3691776,3632448
956,3674720,3629296
957,3800336,3164016
958,4042848,3190032
959,4297248,3125872
960,4245968,2757472
961,3841920,3110992
962,3881856,3232416
963,3794208,3086032
964,3460896,3633184
965,3691120,3517136
966,3885728,3236432
967,3825568,3401776
968,4322768,2736672
969,3757600,2758096
970,3860544,3050480
971,4043184,2575776
972,3443488,2461232
973,3490432,3219584
974,3733264,3714656
975,3256992,2876928
976,3145072,2845840
977,3394928,2620240
978,3543952,3909120
979,3540800,3001888
980,3464304,3012992
981,3329056,3062656
982,4031024,3000976
983,3655648,3597552
984,3678768,3657744
985,3700096,3836368
986,3659568,3008288
987,4234832,3017184
988,4112048,3140832
989,4408304,3358768
990,3712784,3374224
991,3731312,3463472
992,3837280,3305376
993,4069008,3255776
994,3524912,2908384
995,3549856,2753248
996,3914960,3645216
997,3995632,3666128
998,3618864,3180528
999,3434384,3448448
1000,4264464,3058416
1001,4378800,3236208
1002,3827280,2939088
1003,4077248,2922992
1004,3663872,2933264
1005,3839408,2943136
1006,3674288,3848384
1007,3595568,3363120
1008,3628480,3087248
1009,3589728,3714128
1010,4457168,3195424
1011,3959568,2786000
1012,3323872,2826768
1013,3825424,3565520
1014,3842976,3712256
1015,3459376,3682688
1016,3434800,3025728
1017,4202064,3108160
1018,4362944,2782784
1019,4154304,2748320
1020,3605680,3276592
1021,3682176,2717840
1022,3433472,3537344
1023,3421632,3015280
1024,3902944,2941984
1025,3329520,2985744
1026,4154048,2803264
1027,3637616,3717280
1028,3647632,3099136
1029,3506544,3361888
1030,3468544,3450240
1031,4323488,3698032
1032,3795232,3217872
1033,4025600,3083584
1034,4124544,2653904
1035,3858400,3291936
1036,3858624,3034496
1037,3744128,3091456
1038,3349184,2759088
1039,3919872,2725200
1040,3683360,3101808
1041,3676896,2719088
1042,3450256,2365712
1043,3425888,3762880
1044,3666496,2856880
1045,3318848,3431888
1046,3045936,2809280
1047,3409088,3276464
1048,3465760,3107024
1049,4082272,3014128
1050,3463728,3159728
1051,3907392,2965216
1052,3832992,2798432
1053,3702192,2900800
1054,3855744,2863824
1055,3664336,3901504
1056,3483360,3488288
1057,3553840,3191760
1058,3540496,2744912
1059,4021424,3549664
1060,4028640,3134592
1061,3801152,2900896
1062,3385072,3607344
1063,4191152,3445408
1064,3667872,3180080
1065,3546624,3544544
1066,4193856,3302752
1067,4045904,2642384
1068,3250080,2399776
1069,3676192,3750784
1070,3906640,2834928
1071,3273424,2531488
1072,3137184,2888240
1073,3921648,3968224
1074,3451056,3130032
1075,3244128,3045008
1076,3104352,3086864
1077,4131584,3029168
1078,3829968,3054544
1079,3707264,2897760
1080,3783024,3087712
1081,3674208,3093536
1082,3738752,3124384
1083,3603824,2732624
1084,3720032,3171840
1085,3737920,2948368
1086,3829856,2884944
1087,3445456,3073104
1088,3839056,3054416
1089,3635392,3910336
1090,3599024,3799328
1091,3757648,2845120
1092,3719728,2750240
1093,4579248,2891024
1094,4357680,2871264
1095,3519216,3213488
1096,3349808,2699088
1097,3451920,3104256
1098,3496160,3225296
1099,3810416,3568336
1100,3231856,3080016
1101,3722704,2994960
1102,3805744,3016240
1103,4234928,2873152
1104,3786992,3078368
1105,3711504,3097376
1106,3692320,3389696
1107,3570080,3434416
1108,3736736,3581392
1109,3774800,2749344
1110,4088864,2604048
1111,4085904,3127392
1112,3666000,3352368
1113,3356544,2510160
1114,3288064,3635744
1115,3318784,2883392
1116,3507664,2610112
1117,3187488,3001888
1118,3841104,3530928
1119,3535744,3169392
1120,3295824,3637456
1121,3119984,2641664
1122,3524624,2968416
1123,3728816,3060512
1124,4328992,2914304
1125,3357968,3200336
1126,3651648,3732912
1127,3695120,3507232
1128,3592256,2821680
1129,3854576,3762096
1130,4428432,3064976
1131,4040464,2855408
1132,3380080,3222288
1133,4309120,2989216
1134,3702016,3098832
1135,3563376,3544400
1136,3792928,3832896
1137,3694704,3135856
1138,3811024,2988048
1139,4206608,3004896
1140,3945936,2690864
1141,3767328,3362768
1142,3560896,3100176
1143,3660224,3305744
1144,3328512,3100080
1145,3949072,3813232
1146,3803472,3104256
1147,3984320,3884752
1148,3741312,3106320
1149,4467056,2784176
1150,3730832,3225520
1151,4471408,2923264
1152,3820944,3165520
1153,3499408,3348240
1154,3964080,3125008
1155,3620464,3105264
1156,3820368,3183872
1157,4055392,3526432
1158,3305344,2933200
1159,3272624,2913520
1160,3347120,3217568
1161,3458592,3139600
1162,3536992,2824560
1163,3564432,2839728
1164,3850608,2921024
1165,3715520,2615840
1166,3483472,3519776
1167,3472384,2978816
1168,3466928,3138512
1169,3354720,2715648
1170,3628832,2526448
1171,3623008,3728176
1172,3774512,2753136
1173,3397664,3335632
1174,3249392,3064992
1175,3887872,3302176
1176,3403456,2851744
1177,3994112,3055520
1178,3715456,3109632
1179,3885840,2783056
1180,3512784,2868288
1181,3763520,2906752
1182,3749008,3218976
1183,3455440,3001888
1184,3568016,2902224
1185,3561520,2948576
1186,3831744,2994304
1187,3674432,3032272
1188,3545520,3577328
1189,3544400,3738032
1190,3676384,3264464
1191,3678672,3116880
1192,4242912,2511728
1193,4102032,3853872
1194,3932176,2942848
1195,3760368,2823040
1196,3042880,3521664
1197,4209824,3018480
1198,3603824,3057776
1199,3418736,3013024
1200,4037200,3172144
1201,3693488,3461984
1202,3770688,3720000
1203,3699056,2819328
1204,3878400,2545104
1205,4145136,3715536
1206,3916480,3103888
1207,3416224,3068672
1208,3147440,3156352
1209,3812640,2719952
1210,3781952,2937312
1211,3667648,3339440
1212,3861104,2842048
1213,3436288,2934592
1214,3567936,2839840
1215,3960160,3321680
1216,3532752,3153696
1217,3514992,2954880
1218,3441616,3289248
1219,3953376,2785872
1220,3832752,2650720
1221,3618656,3200592
1222,3923808,3296576
1223,3479456,3080752
1224,3355936,2662752
1225,3843808,3064592
1226,3988480,3883024
1227,3765920,3600592
1228,3352848,3163952
1229,3712416,3261488
1230,4517328,3233952
1231,4010656,4491712
1232,3696272,4552656
1233,3925856,3680048
1234,3904560,2814816
1235,5194656,2822560
1236,5126928,2955024
1237,4237488,2715936
1238,3493328,3448592
1239,3461152,3782336
1240,3552768,3478864
1241,3344608,3562768
1242,3987936,3129760
1243,4436448,2769136
1244,4118208,2628064
1245,3623392,3434608
1246,3743088,2600768
1247,3346416,3750512
1248,3266336,3257472
1249,3526160,4050144
1250,3249536,3551840
1251,3865440,3251328
1252,3941408,3267792
1253,4759008,3278928
1254,4111968,3236480
1255,3922768,4064768
1256,3844816,3302416
1257,3984144,3749984
1258,3894976,3868400
1259,4154160,3296496
1260,3910272,3290432
1261,4424528,2755312
1262,4436368,3221696
1263,3746448,3597392
1264,3969440,3184352
1265,3426464,3885552
1266,3873904,1776496
1267,4301776,3274752
1268,3361168,3709840
1269,3972560,2852400
1270,2496128,2961504
1271,3419888,3535616
1272,3837648,3153920
1273,3513648,2989424
1274,3553568,3001840
1275,4124928,2603200
1276,3816912,2712768
1277,3619200,2971696
1278,3680912,3727904
1279,3273728,2834960
1280,3408032,2962112
1281,3573616,2914656
1282,4379888,2820720
1283,3527216,3006944
1284,3640656,2722256
1285,3585728,3172320
1286,3515040,3110800
1287,3663632,2885520
1288,3355616,2869664
1289,3821392,2607280
1290,3737472,3744768
1291,3530416,3141504
1292,3443808,3127408
1293,3201968,3105952
1294,3905392,3009776
1295,3793952,2547920
1296,3753696,3266608
1297,3760944,2843536
1298,3667440,2869728
1299,3259824,3061504
1300,3880624,3370016
1301,3512288,2881936
1302,3540544,2708112
1303,3664288,2935216
1304,3989616,2896160
1305,3588176,3078880
1306,3370992,2708656
1307,3536560,2555280
1308,3548960,3156864
1309,3652656,4027888
1310,3311776,2959632
1311,3174288,3012736
1312,3263792,3190320
1313,3978672,2774736
1314,3636576,3063184
1315,3687888,3168448
1316,3883472,3064368
1317,3461936,3482288
1318,3764704,4075200
1319,3821888,3341984
1320,3759840,3335376
1321,4129344,3023072
1322,4696848,3125808
1323,3959632,3060032
1324,4000576,3080304
1325,3696448,2920288
1326,3774096,3011920
1327,3274448,3127520
1328,3223920,3017136
1329,3014656,2897824
1330,3051920,2949712
1331,3319488,3110160
1332,3269808,3780736
1333,3059664,3058880
1334,3069712,3033152
1335,3264384,2955920
1336,3904528,2665936
1337,3634880,2582752
1338,3664144,3683552
1339,3600096,2858688
1340,3323824,2792224
1341,3204672,3321104
1342,3840944,3064336
1343,3437280,2789808
1344,3405696,2583792
1345,4039920,3270608
1346,3701216,2674976
1347,3421248,3476400
1348,3204096,3571536
1349,3415232,3228240
1350,3373504,2772864
1351,3566272,3155520
1352,4148816,2863504
1353,3917984,3520640
1354,3410048,3563888
1355,3836080,3266864
1356,3561888,3546256
1357,4199744,3016064
1358,3985328,3331056
1359,3920960,3404544
1360,4148656,3228512
1361,3678656,4012544
1362,3972800,3204128
1363,4101504,3113568
1364,3431664,3845760
1365,4020672,3210160
1366,3849264,3589168
1367,3798480,3940192
1368,4521760,3582304
1369,3856112,3398912
1370,4194576,3005856
1371,4597632,3121456
1372,3546784,2752400
1373,3959952,2842208
1374,3557840,3727888
1375,3684448,2854032
1376,3395920,3098080
1377,3373152,3040160
1378,4260080,2881376
1379,3533680,2995136
1380,3761728,3247840
1381,3707296,3428704
1382,3536448,3640576
1383,3674352,2886528
1384,3946304,2713312
1385,3938384,3107408
1386,4105248,3476128
1387,3384624,2873328
1388,3269680,2792768
1389,3684288,2852336
1390,4012352,3172704
1391,3414352,3289360
1392,3402176,2860048
1393,3507136,3022224
1394,3817824,2645760
1395,3913632,2986016
1396,3438704,3630496
1397,3624944,2578160
1398,3212288,2948304
1399,3624880,3170000
1400,4167600,2705216
1401,3212080,3099504
1402,3532032,3032960
1403,3750672,2857376
1404,3254448,3162992
1405,3733088,6514160
1406,3685008,3464976
1407,3428144,2981856
1408,3797072,2962880
1409,7047408,3489696
1410,3969200,3144896
1411,3642016,2568144
1412,3536592,2720736
1413,4128528,3268800
1414,3707072,3431312
1415,3142656,3139600
1416,3332640,3306736
1417,3897984,3505360
1418,3956000,3883456
1419,3740016,3036096
1420,3926800,3290928
1421,4210496,3264080
1422,3893872,2804832
1423,3638352,3043760
1424,3791424,3087056
1425,3927872,2615968
1426,3499232,3023024
1427,3736400,3305616
1428,3760752,3142224
1429,3293568,3075312
1430,3598464,3563280
1431,3845504,3808832
1432,3835904,3661936
1433,3711328,3777456
1434,4071440,5013856
1435,10627840,3107632
1436,4534624,7543984
1437,4183360,4646736
1438,4361712,5765536
1439,5700080,5655504
1440,3819616,3581200
1441,27397664,4299328
1442,7936880,9117856
1443,4839456,5029200
1444,6437440,3622400
1445,6253552,5887392
1446,4147344,3552752
1447,4922144,7778752
1448,9621328,4001920
1449,4631184,3053984
1450,4100848,3170400
1451,5689792,2970608
1452,4171424,2648544
1453,8517744,2993136
1454,4589696,3290544
1455,3654448,2971920
1456,3729376,3098768
1457,3531456,2918480
1458,3296432,3223216
1459,3580096,2922480
1460,3904048,3105456
1461,3573616,2901200
1462,3663072,3249792
1463,3496304,3044384
1464,3807376,3554496
1465,3563168,3251104
1466,3714160,3379920
1467,3442912,2775600
1468,3811680,3333264
1469,3719744,2670384
1470,4163296,3710608
1471,3699008,3102896
1472,3884384,2885424
1473,3369488,3486160
1474,3946160,3552960
1475,3267920,3792256
1476,4352512,3160768
1477,3671392,3044240
1478,3465232,3093648
1479,4077360,3320640
1480,4184928,2965152
1481,3797344,3083184
1482,3665600,3948448
1483,3608752,3007776
1484,3636528,3432672
1485,3903440,2727232
1486,3643360,2778704
1487,3749440,2906560
1488,4423456,3260144
1489,3541776,2959488
1490,4075184,3043312
1491,3299760,2934928
1492,3370912,2852368
1493,3340752,3189392
1494,3905440,2722144
1495,3604800,3079104
1496,3523504,4234960
1497,3516544,3272192
1498,3337808,3934512
1499,3764400,2908288
1500,3255072,3213856
1501,3687472,3177344
1502,4784240,2951920
1503,3846000,3352688
1504,4021984,3104768
1505,3517856,3551184
1506,3757744,3465536
1507,3751792,2763344
1508,3550432,4035696
1509,3945904,2721216
1510,3735344,3032512
1511,4206592,2943344
1512,3865568,3052368
1513,3376832,3043200
1514,4686720,2834944
1515,3412368,2987760
1516,3584400,3132608
1517,3507008,2971552
1518,3627632,2766544
1519,3613920,2857888
1520,3480112,2677056
1521,3576112,3227376
1522,3709136,2586480
1523,3508288,3762384
1524,3321648,2887840
1525,3428528,2878240
1526,3259472,2639696
1527,3900128,3235456
1528,3185376,2959616
1529,4234992,2798736
1530,3444720,3131056
1531,3400928,3346128
1532,3239952,2714928
1533,3753840,2892544
1534,3513424,3243104
1535,3387808,2859568
1536,3743632,3645216
1537,3852416,2665872
1538,3200240,2508720
1539,3362224,3134160
1540,3729248,3132752
1541,3296672,2820464
1542,4243744,3576736
1543,3287808,3099248
1544,3033168,3208144
1545,3803072,3191840
1546,3806160,3095776
1547,3332656,3470208
1548,4228112,3705888
1549,3625728,3206848
1550,3763648,2913920
1551,3873712,3145408
1552,3799664,3249696
1553,4130384,3077536
1554,3703952,3156800
1555,3781616,3745696
1556,3457104,4221520
1557,3577936,3388016
1558,3806688,3226544
1559,3732400,3064512
1560,3859040,3575536
1561,4402720,3176352
1562,4668960,3049408
1563,4082128,3365552
1564,3239232,2957600
1565,3171632,2700960
1566,3695520,2902384
1567,3776208,3364512
1568,3627408,2843632
1569,3866064,3035888
1570,3641120,3038016
1571,3365024,3157856
1572,3466800,2936496
1573,3922384,3061408
1574,3518112,3215520
1575,3579424,3561936
1576,3639008,3711744
1577,3761344,2723632
1578,3627728,2761712
1579,3745488,3322064
1580,3889056,2580512
1581,4207360,3734896
1582,4281216,2989920
1583,3220976,3023632
1584,3269040,2593824
1585,3934464,2876192
1586,3174928,3255216
1587,4190000,2698080
1588,3588160,3724432
1589,3615280,3426848
1590,3218848,3592272
1591,3484048,3683248
1592,3900480,3553440
1593,3177408,2785456
1594,4310480,3011744
1595,4008752,3146864
1596,4262432,3720256
1597,3778688,3455136
1598,4165520,2575280
1599,3412160,3257728
1600,3589664,3360576
1601,3732512,2694400
1602,4419424,3492368
1603,4027040,2502112
1604,3215840,3306752
1605,3818000,2822384
1606,3998672,3031360
1607,3296368,2782512
1608,4086256,3247616
1609,3043056,3785408
1610,3921056,2735936
1611,3336896,2988640
1612,3688208,3159792
1613,3381808,2887808
1614,3871184,2945376
1615,4395872,2785456
1616,3441488,2815616
1617,3570480,2545520
1618,3684640,3331440
1619,3540416,2732880
1620,3567408,3655904
1621,3339872,2764784
1622,3352016,3131488
1623,3146512,3199328
1624,3922576,3450960
1625,3295552,3421504
1626,4205680,3978624
1627,3360288,3191600
1628,3636832,2857472
1629,3719168,3259248
1630,3974800,2933040
1631,4094320,3144960
1632,3990736,3200624
1633,3774464,2859440
1634,3439136,2858560
1635,3757536,2751744
1636,3542656,2919536
1637,3749648,2949648
1638,3876800,3355184
1639,3437632,3293328
1640,3529040,2610880
1641,3393584,2989744
1642,3486784,4271200
1643,3522960,4593472
1644,3906368,4017920
1645,3897744,3116384
1646,3299584,3504400
1647,3494960,3806464
1648,4838544,3610256
1649,5244832,3415888
1650,3994384,3156560
1651,3608400,3501216
1652,4088432,4723696
1653,4376976,3578304
1654,4201152,3804192
1655,4012768,3705744
1656,3823968,4039472
1657,4167872,3280720
1658,4620400,2797904
1659,4009088,3507440
1660,4374864,3502368
1661,4314704,2998432
1662,4109520,4456208
1663,3888512,4324144
1664,3394640,3406928
1665,4040368,2708752
1666,4142624,3453088
1667,3560080,3019296
1668,4995440,2959824
1669,4764128,3181760
1670,4020112,4034544
1671,3334800,3083744
1672,4022480,2760224
1673,3685200,3310208
1674,3663472,2824992
1675,3766960,2803984
1676,4687280,3174416
1677,3662160,2944528
1678,3325584,3562512
1679,3967248,4002480
1680,3189488,4274160
1681,3360672,2802224
1682,3778384,2965328
1683,3590736,3298688
1684,4153728,3984400
1685,4507280,4197040
1686,3836160,3510336
1687,3457152,4712768
1688,3539392,3466144
1689,3872000,3588592
1690,4591136,3190800
1691,4757456,3491408
1692,4165824,3560912
1693,4381280,4033520
1694,3890784,3282400
1695,4091504,3187488
1696,3612128,3645840
1697,4055328,3523248
1698,4242736,3329264
1699,3862672,3235040
1700,3821264,3783408
1701,3877360,5316976
1702,4092736,3429552
1703,4105520,3663232
1704,3816336,3120160
1705,3738240,4270864
1706,4459760,3033936
1707,4581472,3713856
1708,4011856,3452720
1709,4083792,3307136
1710,3825376,3581136
1711,4791616,2899136
1712,3590560,2828992
1713,4312752,2846528
1714,4025808,2085984
1715,3856560,3673984
1716,4291104,3878640
1717,3427424,3406688
1718,3360672,4078896
1719,3412912,3202768
1720,2617312,3164224
1721,4005536,3024256
1722,4484336,3171792
1723,4069936,2834704
1724,4734016,4164784
1725,3762512,3504960
1726,3760736,3194704
1727,3518544,3118992
1728,3835376,3255024
1729,3521120,6288448
1730,4876944,3239632
1731,4067072,3192528
1732,3643616,3382320
1733,3637232,4583952
1734,3945840,3189504
1735,6748736,3571232
1736,3813808,4537488
1737,3722496,2813216
1738,4021568,3602432
1739,5164608,3329616
1740,3837392,3571040
1741,4264192,3343888
1742,4839136,3424432
1743,3517232,2908624
1744,4263776,3107344
1745,3969232,2928480
1746,3636480,2837904
1747,3998784,5794976
1748,4067824,6448464
1749,3575568,5110816
1750,3773872,7989408
1751,3643920,4542848
1752,3516496,5272496
1753,4404016,6765600
1754,5919552,3489392
1755,5725504,4077024
1756,8673456,4654464
1757,5016752,3368448
1758,4819232,4982816
1759,7180192,4227872
1760,4006704,3416656
1761,4560640,3009616
1762,5269936,3497904
1763,4025040,3540080
1764,5315216,2932640
1765,4027120,4226000
1766,3978432,7499168
1767,3693888,6527680
1768,4210896,6632912
1769,4049696,3084304
1770,3548128,6066272
1771,4795360,3935072
1772,7866800,2932928
1773,6001232,3440896
1774,7322576,3182016
1775,3770048,5014096
1776,6733712,3676352
1777,4494112,3222144
1778,3595008,2692112
1779,3955136,3076736
1780,3800016,2815648
1781,5690256,3541232
1782,4118896,2549312
1783,3884032,2985248
1784,3318512,3124560
1785,3712848,3323232
1786,3379552,3588832
1787,4217776,2991584
1788,3229600,2843712
1789,3601808,2989584
1790,3715808,2772656
1791,3860128,2829584
1792,4268320,2580880
1793,3707408,3515344
1794,3557568,3055552
1795,3692832,3142688
1796,3470864,3264000
1797,3492176,2981760
1798,3166528,2990624
1799,4112848,3007136
1800,3573152,3411664
1801,3768944,3329792
1802,3963056,3885152
1803,3697216,2679840
1804,3695248,3789232
1805,3704752,2751312
1806,4127136,3031280
1807,4016448,3067168
1808,3876208,2809008
1809,3344096,3036368
1810,4397568,2927200
1811,3434480,3000192
1812,3698304,3166240
1813,3737056,3406560
1814,3505424,3227296
1815,3669280,3433056
1816,3564240,3363168
1817,3614640,2759232
1818,3718832,3259296
1819,4065984,3335920
1820,3861440,3280096
1821,3969776,3159520
1822,4004368,3376336
1823,3347040,3297760
1824,3873920,3492832
1825,3729696,3358816
1826,3913088,3313072
1827,3847488,3171936
1828,4082480,3517392
1829,3346448,4023216
1830,3513760,2851712
1831,4051568,3351696
1832,3926768,3104272
1833,3823184,3213712
1834,4197520,3442176
1835,4621024,2940928
1836,3500608,3746960
1837,3848368,2987296
1838,3808592,2969232
1839,3898272,2890128
1840,4149776,3011776
1841,3097568,2316000
1842,3849776,4093904
1843,3589120,3213888
1844,3620800,3300976
1845,3566192,3619040
1846,3730144,3438288
1847,3034464,2938896
1848,4030112,2880528
1849,3873264,3326656
1850,3921648,2672368
1851,4321792,3614112
1852,3917904,3101520
1853,3450768,3258256
1854,3531696,3071616
1855,3856496,2967632
1856,3330224,3013008
1857,4131728,3412528
1858,3778400,3189744
1859,3916304,4068352
1860,3764416,3537072
1861,3670336,3639312
1862,3705856,3646400
1863,4118528,3422816
1864,3858800,3170656
1865,4092192,3492960
1866,4198224,4114240
1867,4215392,3010480
1868,4225136,3072384
1869,3990176,3232336
1870,3866496,3545184
1871,4198544,3589200
1872,4199136,3299104
1873,3679280,2970944
1874,3654656,2760224
1875,3889728,3302736
1876,4247824,2843008
1877,4092512,2934208
1878,3813488,2972752
1879,3510544,2815856
1880,3387008,3350320
1881,3792080,2760752
1882,3436464,2732976
1883,3563088,3376688
1884,3498960,2771680
1885,3313888,3319024
1886,3926000,3232528
1887,3303776,3027248
1888,3267248,3030064
1889,4032752,2877728
1890,3324976,3047472
1891,3910976,3057136
1892,3791344,3271088
1893,3641632,3072144
1894,3674112,8507024
1895,3527008,3194352
1896,3550896,3310544
1897,3636256,6525520
1898,3854496,4269776
1899,3775312,3898928
1900,10342240,4377568
1901,9252096,4403808
1902,3803888,8932000
1903,4042928,10850288
1904,5977968,4800064
1905,4904688,3393088
1906,4329568,4118512
1907,4582400,2999488
1908,15088768,2576080
1909,4472544,3214896
1910,8096432,3148864
1911,9866400,2839408
1912,4786576,2925968
1913,4111728,3025712
1914,4224880,3164368
1915,3672336,2738624
1916,3254704,3462192
1917,3899568,3068864
1918,3776672,2763888
1919,3578736,2907184
1920,3574416,2982784
1921,3679632,3343264
1922,3842144,2942144
1923,3426032,3054496
1924,4060816,3140624
1925,3694304,2998832
1926,3459360,3370768
1927,3535200,3601440
1928,3641520,3045952
1929,4017600,3140656
1930,3597840,3320736
1931,3676944,2710016
1932,3814240,3005776
1933,3681376,3060032
1934,4036400,3539504
1935,4089808,2929712
1936,3668096,2928000
1937,3769296,2817936
1938,3927680,2769728
1939,3373536,3154256
1940,3443168,3516080
1941,3721568,2981584
1942,4162320,3258480
1943,3664064,3342672
1944,3628704,3427696
1945,3501808,3254816
1946,3390496,2559664
1947,3791200,3602544
1948,4209504,3078608
1949,3670800,2824624
1950,3966608,2521312
1951,4054016,4668464
1952,3546704,3365904
1953,3461984,3642096
1954,3261360,3031088
1955,3642000,2935744
1956,3777552,2997488
1957,3505264,2919408
1958,3229104,2564016
1959,4254384,3120464
1960,3984832,2965200
1961,4216576,2956032
1962,3679648,3131120
1963,3540512,3320480
1964,3464416,2479728
1965,3549680,3826384
1966,3202288,3215136
1967,3794272,3039792
1968,3566112,3077872
1969,3578096,3029056
1970,3775056,4583360
1971,3893200,2898832
1972,3140016,2892368
1973,4433760,3059008
1974,3881616,2903296
1975,3708848,3180576
1976,3779984,3174656
1977,3722352,3039344
1978,4075232,3021376
1979,3609744,2771328
1980,3567584,2816384
1981,3703808,3530128
1982,3568976,3207584
1983,3709744,3387824
1984,3888416,3301712
1985,3741536,3126464
1986,3658848,3259424
1987,3459168,3102800
1988,3490800,2714208
1989,4199776,3468000
1990,3915088,2713024
1991,4055040,3698352
1992,3788016,4102480
1993,3815728,3998272
1994,3944512,3715168
1995,3707072,3577536
1996,3298016,0
1997,4010016,0
1998,3265360,0
1999,4411408,0
===CSV_END===
=========================================
HI_NET_PING_DONE run=5
