HI_NET_PING_START run=11
Probes: 2000  |  Protocol: UDP  |  Period: 1 ms  |  Msg: 64 B
hi_net_ping: sending HELLO to 127.0.0.1:5002 (protocol=UDP)...
[echo] HELLO — protocol=UDP  n_probes=2000
[echo] HELLO_ACK sent
hi_net_ping: HELLO_ACK received
[echo] run #11 — echoing probes
hi_net_ping: starting ping-echo loop (2000 probes at 1 ms)...
========== HI_NET_PING RESULTS ==========
Probes sent:        2000
Echoes received:    2000
Lost (no echo):        2 (0.100%)
RTL (us):
Mean: 3664.005    Std dev: 647.865
Min:  2094.064    Max:     21683.792
P50:  3634.032    P95:     4310.848
P99:  5510.064    P99.9:   10222.544
IAJ (us):
Mean: 3094.506    Std dev: 564.064
Min:  1445.712    Max:     12266.928
P50:  3025.952    P95:     3833.232
P99:  5279.840    P99.9:   9854.096
===CSV_START===
index,rtl_ns,iaj_ns
0,5306416,3395824
1,3848704,3356688
2,3945520,2726576
3,3453760,2556096
4,3248512,2807744
5,3307040,3407056
6,4060096,2628048
7,3311040,3201008
8,3884928,3035616
9,3720368,3704096
10,4330928,2773856
11,3490000,3079616
12,3708016,2698976
13,3369408,2741072
14,3325504,3862000
15,4525264,3168752
16,3905888,3125616
17,3821040,2979728
18,3681248,2993104
19,3665136,3000832
20,3712816,3072240
21,3782160,3122832
22,3835712,3002000
23,3109312,2955424
24,3126656,3038672
25,3753440,3195072
26,3205520,3647472
27,3817712,3300336
28,3990656,4216656
29,4695216,2976752
30,3684736,3353968
31,3976896,3050960
32,3593600,2551536
33,3226720,3417472
34,4125488,2559312
35,3132816,3297984
36,3929456,2830784
37,3513744,3502128
38,4154800,2400272
39,3098624,3240384
40,3884560,3056048
41,3639584,3025472
42,3626304,3192816
43,3744080,2520160
44,3174560,3179648
45,3855232,2906048
46,3564608,3004864
47,3627248,2985312
48,3590160,3097088
49,3694176,3392384
50,4005904,2556480
51,3260960,2975904
52,3638688,2977248
53,3616592,2954640
54,3523040,3161920
55,3826496,2563152
56,3058912,2874896
57,3506656,3277120
58,3931392,3013504
59,3702848,3426480
60,4096128,2675488
61,3228768,3551920
62,4224176,2913552
63,3520800,2760960
64,3410560,2886560
65,3587136,3318304
66,3969952,2622480
67,3203840,3109968
68,3780976,2990992
69,3617728,3360544
70,4000112,2893088
71,3391552,2672672
72,3304608,3025856
73,3641184,3084032
74,3688720,3068928
75,3745296,2611168
76,3176080,2935808
77,3652352,3023296
78,3572064,3350432
79,3959936,2643328
80,3164432,3356480
81,3948208,2708144
82,3201568,3051584
83,3742112,3146448
84,3748960,2828432
85,3410992,3011136
86,3707360,3091712
87,3770592,3420080
88,3901344,2757712
89,3350528,2682304
90,3174704,3551968
91,4140688,2485632
92,3148864,3118544
93,3803024,3022816
94,3693344,3322816
95,3974992,2509776
96,3130016,3154256
97,3809936,3059984
98,3715392,3250176
99,3915024,2575584
100,3205536,3108624
101,3808224,3143808
102,3798528,3041184
103,3639184,2614752
104,3193760,3397360
105,4005776,2790080
106,3401456,3369696
107,4021520,2641104
108,3239680,3059264
109,3729440,2764816
110,3462304,3136192
111,3787392,3038960
112,3742192,3417488
113,3996720,2921808
114,3589712,2865280
115,3344992,2972448
116,3530304,2795200
117,3410912,3510528
118,4177984,2685552
119,3269696,3105312
120,3746592,2510608
121,3148560,3234144
122,3879616,3151200
123,3835840,3019952
124,3699136,3141024
125,3851264,2649648
126,3305616,3358944
127,4029856,3379968
128,4009728,2754480
129,3432464,2588336
130,3221104,2932320
131,3577248,3166352
132,3808352,2943584
133,3623360,3364512
134,3901856,2798576
135,3495792,2564592
136,3195856,3389472
137,3989712,2548736
138,3060256,2884720
139,3504832,3350512
140,3884592,3397104
141,4056000,3240640
142,3889280,2634944
143,3357952,2466496
144,3042224,3257504
145,3859744,3198528
146,3876864,3010784
147,3736768,2844480
148,3548080,2825344
149,3304432,3315376
150,3961760,3166944
151,3792416,2871696
152,3517088,2625312
153,3150176,3030656
154,3699568,3189648
155,3773328,2875888
156,3510240,3098512
157,3719904,3313776
158,3899936,2432464
159,3098224,3159424
160,3798928,3191728
161,3849104,3143296
162,3726640,3168112
163,3828832,3267152
164,3908896,2627472
165,3309712,2415632
166,3096496,3252864
167,3853408,2964768
168,3659440,3229776
169,3875696,2988560
170,3586512,3748592
171,4341344,2895536
172,3617504,2969904
173,3660816,2506432
174,3223888,2965392
175,3623920,3519184
176,4151856,2864176
177,3546976,2948624
178,3617264,2797664
179,3490064,2523360
180,3179120,3219856
181,3903376,2888560
182,3599136,4214624
183,4836672,3204288
184,3861680,2839520
185,2917904,3138832
186,3813744,3245440
187,3953264,3037728
188,3250016,3094864
189,3202624,2758896
190,2955936,2954048
191,3088240,2924112
192,3606544,3066880
193,3083360,2934992
194,3120432,2992112
195,3702768,2971936
196,3682864,3152768
197,3856752,3124752
198,3236768,2998512
199,3226944,3066000
200,3300256,2966640
201,3144912,3016016
202,3202880,3044432
203,3100192,3034096
204,3202864,3340192
205,3484528,2524592
206,3249952,3019376
207,3101024,3537392
208,3483536,2356048
209,3016400,2987200
210,3098784,3159472
211,3146080,3040192
212,3161216,2951152
213,3183040,2979376
214,3104512,3154576
215,3241152,3756272
216,3868592,2810080
217,3514320,3425696
218,4069824,2920320
219,3612544,2929184
220,3623952,2569920
221,3303072,3329168
222,3917568,2914992
223,3634896,2591536
224,3251168,3265520
225,3983600,3144576
226,3815760,2843568
227,3490800,3060720
228,3652960,2857536
229,3452192,2561280
230,3271600,3744992
231,3847040,2646832
232,3271744,2613264
233,3320704,3601328
234,3783824,2999472
235,3596992,2869936
236,3510576,2524784
237,3098592,3589312
238,3748176,3353952
239,4048144,4447216
240,5122928,2776528
241,3361888,3115088
242,3707392,3024800
243,3616464,4092256
244,4493904,3465120
245,4143232,3867872
246,4001936,2950832
247,3567232,3156944
248,3862608,2762416
249,3463360,2825216
250,3433840,3126240
251,3746192,3052912
252,3714720,3269552
253,3974944,3054784
254,3767040,2573920
255,3245680,2972064
256,3635808,2978256
257,3639984,2284752
258,2940144,3175824
259,3302576,3530848
260,3549792,2566000
261,3244976,3750736
262,3882272,2676320
263,3418704,3133104
264,3769056,2874288
265,3462880,3322496
266,3928864,2824656
267,3552896,3166704
268,3790128,2798464
269,3506912,2972160
270,3610400,3077024
271,3757952,2948048
272,3618800,3053136
273,3726720,3402656
274,4107872,2924848
275,3617824,2749104
276,3370368,2785184
277,3406032,3232608
278,3857408,2696640
279,3363824,3173824
280,3868752,2313216
281,2994752,2994592
282,3114896,3420192
283,3531984,2248528
284,2958240,3388864
285,4080448,2839152
286,3060080,2878448
287,3036656,3177296
288,3189664,3086016
289,3306800,2767344
290,2932176,3155360
291,3825376,3722032
292,3761408,3037376
293,3645824,2853888
294,3455360,2835232
295,3452784,2438240
296,3123632,9854096
297,9959072,2696224
298,3385840,3558256
299,4195072,5078736
300,5789808,3739488
301,4394480,3678192
302,4228768,2815328
303,3320336,4565952
304,5208544,7053216
305,21683792,5781984
306,7031696,3025840
307,6171296,2975328
308,3739072,3646640
309,3690000,2985792
310,4332640,3056864
311,3640800,3069984
312,3664976,3317328
313,3728224,3085376
314,3909376,2902752
315,3702384,2987312
316,3589808,3440512
317,3666112,2559328
318,3975072,3854672
319,3251600,3032000
320,4476224,3089616
321,3741296,3081968
322,3800448,3396304
323,3784240,4095840
324,4052480,3295888
325,4807408,2934752
326,3821392,2935184
327,3630560,2956784
328,3600176,2615536
329,3591456,3179232
330,3312016,2957088
331,3822080,2897872
332,3608768,2876240
333,3574976,2657408
334,3556496,3439696
335,3317520,3381600
336,3468864,2562000
337,4095456,2611664
338,3285904,3380688
339,3287616,2583040
340,3533072,2864880
341,3243552,2931520
342,3094240,2980160
343,3193168,2866720
344,3039232,3221632
345,3051312,3794496
346,3920432,2647776
347,3836096,2339408
348,3296208,3170416
349,3073952,3135568
350,3248480,3071792
351,3298128,3399968
352,3241024,2459344
353,3512896,2861104
354,3132000,2854144
355,2993888,2907456
356,3049776,3400288
357,3608832,3075120
358,4113152,2725824
359,3158832,2904864
360,2904192,3022432
361,3143664,3237264
362,3725984,2896208
363,3946656,2966064
364,2958240,3015168
365,3098288,4623136
366,3152944,3706144
367,4636592,3083920
368,4450224,3408800
369,3718288,2907344
370,4068512,2543232
371,3525008,2997520
372,3092192,3212288
373,3680016,2891168
374,3874672,3254080
375,3433584,2948960
376,3923968,3396720
377,3590576,2566032
378,4076800,3481888
379,3229120,2651952
380,4118016,3087296
381,3333936,2836352
382,3721712,3243616
383,3343520,2822832
384,3898368,2649376
385,3488912,3334656
386,3166304,2788496
387,3969456,3171328
388,3241120,3304032
389,3686336,2848336
390,3937328,3211936
391,3411232,2679952
392,3676768,3077328
393,3350096,2874112
394,3607024,3679456
395,3376848,2887488
396,4227824,2768464
397,3547488,3029216
398,3517616,3492656
399,3625472,2877632
400,4046016,2717104
401,3584896,2496112
402,3442560,3334256
403,3153744,2829920
404,3942800,2979136
405,3428912,2975696
406,3563968,3425088
407,3462128,3218736
408,4052464,2997648
409,3910512,2539232
410,3701616,2621328
411,3250464,2820512
412,3254272,3191296
413,3404848,3133920
414,3805536,3112192
415,3782640,3667408
416,3678224,2701648
417,4324592,2619056
418,3430960,2746480
419,3296800,3245344
420,3343616,3097424
421,3844144,2607616
422,3725888,3057952
423,3246176,3183632
424,3700432,3079216
425,3827984,2291968
426,3706432,3275056
427,2888176,3172016
428,3830672,3215936
429,3828768,2780256
430,3807152,3080496
431,3359712,3003184
432,3683648,3002288
433,3690128,2965392
434,3694448,3144912
435,3615152,3475024
436,3778896,2966208
437,4119360,3217392
438,3680256,3091584
439,3926496,2489408
440,3794896,2705856
441,3211088,2794704
442,3261200,3033920
443,3360352,3200096
444,3691776,3119392
445,3870736,2532288
446,3686256,3107168
447,3167648,3051664
448,3790528,2983840
449,3682800,3154800
450,3582208,3002384
451,3830096,3331984
452,3557408,2702096
453,3919184,2778080
454,3332608,3265536
455,3291520,2812512
456,3912752,3109088
457,3284128,2930096
458,3749872,3071104
459,3622000,3080496
460,3743008,3152368
461,3765408,3669792
462,3672768,2748320
463,4265936,2869792
464,3476816,2352160
465,3530512,3004416
466,3006576,3105152
467,3580464,3184288
468,3719328,3063392
469,3858800,3768384
470,3685648,3016368
471,4421408,3060208
472,3749424,3360096
473,3789920,3128624
474,4016000,2989904
475,3282480,3836416
476,3155424,2585952
477,3871792,2459328
478,3215728,3955088
479,3155504,2895536
480,3784384,2731936
481,3581120,2294576
482,3401136,3184336
483,3040880,2976208
484,3899200,3085472
485,3073120,3979392
486,3227456,2856480
487,4127488,2691312
488,3584416,2543568
489,3348816,2920304
490,3119904,3715968
491,3141008,2747312
492,3848528,2565136
493,3441008,3406896
494,3304752,2558544
495,3413680,3680896
496,3314128,3174224
497,3771296,2648496
498,3857056,2651504
499,3330272,3648640
500,3296080,2653184
501,3792784,3233776
502,3283808,3323040
503,3978352,2841632
504,3954848,2943488
505,3519520,2907792
506,3559168,2846608
507,3537408,2585232
508,3533664,2845184
509,3230016,3960352
510,3062160,2942368
511,3679040,2861120
512,3650592,2782864
513,3450720,2321792
514,3350176,2781168
515,2991136,3218864
516,2889456,3318944
517,3931808,3561008
518,3236208,2889904
519,3757008,3098992
520,3552672,3085392
521,3688304,2896784
522,3756416,3456624
523,3545536,2630640
524,4083440,2913024
525,3299952,3332896
526,3568064,2614992
527,3998640,2440880
528,3338608,3666048
529,3140528,2819056
530,3850368,2303760
531,3434000,3167152
532,3009312,2985184
533,3331984,2974496
534,3103776,3086384
535,3097936,3646048
536,3321360,3174688
537,3728368,2505728
538,3818544,2455184
539,3250176,2872080
540,3149760,2939088
541,3046096,3059840
542,3633008,3013312
543,3766304,3060000
544,3718352,3281104
545,3132912,3353312
546,3387744,2404688
547,3470176,2758400
548,3123808,3076464
549,3470640,3050608
550,3782160,3306432
551,3744480,3664528
552,4018880,3126624
553,3781312,2908384
554,3827552,2926960
555,3552016,3001552
556,3549152,2996880
557,3682032,3695952
558,3646800,2743520
559,4352720,2557808
560,3494944,2713456
561,3264064,2455504
562,3266624,3028464
563,3130928,2876432
564,3707760,3164576
565,3003968,3082000
566,3328368,3746640
567,3244064,2786272
568,3686592,2589200
569,3368448,3454560
570,3243440,2582800
571,3631392,4152592
572,3149344,3276656
573,4301056,3109472
574,3414336,3472912
575,3772192,2913968
576,4019696,3420240
577,3546656,3267664
578,4042736,2954160
579,3945552,2958736
580,3630576,3324640
581,3635568,2436960
582,3958576,2996784
583,3159712,3751904
584,3674256,3089728
585,4425680,3000992
586,3781520,2859184
587,3706032,2870160
588,3555424,2452608
589,3568448,3189632
590,3115136,2660352
591,3819520,3206800
592,3224048,2919568
593,3757248,3057632
594,3566560,2542096
595,3759792,3131728
596,3034576,3603520
597,3801664,2746752
598,4270400,3011744
599,3373520,3700240
600,3629088,3047360
601,4348512,2654144
602,3774208,2552288
603,3373280,2800896
604,3218464,3244256
605,3522304,3159760
606,3823072,2710672
607,3754976,3037120
608,3338752,3143776
609,3736880,2540736
610,3799312,2994128
611,3120144,3386576
612,3624816,2683632
613,4017072,3656720
614,3229008,2453408
615,4277536,3059216
616,3079792,3325536
617,3667248,2584288
618,3920128,3135392
619,3243888,3579824
620,3795248,2832816
621,4139632,2896800
622,3462960,2471616
623,3447952,3264288
624,3141776,3253360
625,3893248,2711408
626,3937792,3194272
627,3385504,3002704
628,3812032,2914688
629,3674576,2998560
630,3593968,3232336
631,3646368,2731344
632,3572816,3032256
633,3223760,3210736
634,3716848,2676480
635,3864304,3150800
636,3247728,2896592
637,3773488,3114608
638,3484064,2704304
639,3782032,3223184
640,3296912,2758384
641,3794144,3028224
642,3284240,3190896
643,3559168,3172048
644,3751200,2797472
645,3867728,3283104
646,3438096,2380992
647,3963568,3577296
648,3052576,2357504
649,4193248,3118800
650,2992112,3168896
651,3751024,2931936
652,3837632,3072544
653,3572336,3267312
654,3763088,2827232
655,3849232,2804352
656,3452432,3067648
657,3321952,2934560
658,3774128,3090496
659,3515120,2777728
660,3730336,3201168
661,3300032,3326768
662,3814752,2260144
663,3964752,3045504
664,2864816,3242960
665,3603536,3113408
666,3770720,2980992
667,3806176,3034976
668,3561840,3401616
669,3606080,2422640
670,3952176,3045872
671,3065456,3452208
672,3720848,2500592
673,4130944,3156896
674,3068944,2873760
675,3820400,3075024
676,3562592,3506512
677,3748304,2793152
678,3990768,2918832
679,3493040,3028240
680,3550800,2843376
681,3640544,3247856
682,3413408,2816704
683,3892768,3087312
684,3400144,3382480
685,3736944,2684976
686,3971408,2712144
687,3304512,3234384
688,3319904,2810672
689,3880880,3360592
690,3343664,2646432
691,3974160,3409248
692,3254864,2956416
693,4032416,2601792
694,3561488,3116304
695,3197472,2777552
696,3649664,3087824
697,3423728,3050928
698,3735600,3114944
699,3688848,3320992
700,3738400,2390768
701,4020432,3113792
702,3078768,3053264
703,3794784,3235312
704,3609264,2410080
705,3880864,3156544
706,3055904,3204752
707,3695888,3102640
708,3807920,3046960
709,3740960,3067248
710,3717280,2748240
711,3746016,3337808
712,3285872,2867744
713,3924880,2696992
714,3565344,3144192
715,3280768,3128128
716,3839024,3181920
717,3697456,2598128
718,3847312,3011712
719,3140400,2986528
720,3690848,3016032
721,3666848,3452240
722,3676880,2502816
723,4075008,3020080
724,3165760,3153792
725,3736080,3145136
726,3829984,3128096
727,3771280,2684720
728,3710064,3007328
729,3386560,3310160
730,3635328,2950512
731,3903792,3652928
732,3587408,2770752
733,4310848,2817600
734,3485680,2640080
735,3500992,3102496
736,3225504,2649168
737,3724208,3003792
738,3292512,3025312
739,3708512,3106928
740,3720448,2928240
741,3763360,3111168
742,3529872,2969952
743,3688720,3590752
744,3626288,3114784
745,4181888,2691248
746,3759504,2823504
747,3408256,2749408
748,3435824,3327888
749,3423088,2635920
750,3969216,3075568
751,3244400,3136016
752,3763104,2979104
753,3770992,3254224
754,3608752,2654688
755,3877536,3362048
756,3334896,2902480
757,4009024,2937952
758,3610016,2905104
759,3567168,3029856
760,3579392,2538480
761,3628288,3642336
762,3140336,2579344
763,4263216,3671696
764,3270784,2824224
765,4249728,2654704
766,3530176,3241696
767,3295152,2927280
768,3933936,2598864
769,3473488,3088720
770,3227008,3127520
771,3686560,3199120
772,3683056,3245408
773,3856144,2719840
774,3889824,3461536
775,3381840,2376640
776,4108368,3685184
777,3063312,3494992
778,4201584,3069904
779,4178976,3043632
780,3710576,2979168
781,3741648,2991008
782,3667328,2919536
783,3688496,3111712
784,3587296,3318048
785,3772608,2926032
786,3376960,3065568
787,3157536,3634784
788,3195600,2998848
789,3828560,3057296
790,3601920,2670800
791,3626432,2557504
792,3382944,3118624
793,3255440,2789472
794,3208288,2818016
795,3018896,3043232
796,3032816,2997360
797,3699280,4091328
798,3065056,3409712
799,4780720,2856352
800,4031072,2775168
801,3563024,2686544
802,3475952,2603360
803,3304912,2879456
804,3247472,2685440
805,10222544,3206352
806,3549888,3454368
807,3384688,4212128
808,3768928,3021904
809,4072576,3007008
810,4869568,3061408
811,3594672,3258864
812,3624000,3178224
813,3609360,3977232
814,3912144,4325344
815,3815904,12266928
816,4151408,6150528
817,4803680,6471552
818,9038784,6145776
819,5446640,6852240
820,4935536,4634512
821,6850704,3713328
822,7478800,3005696
823,5296032,2709264
824,3676944,3002608
825,3584544,2558864
826,3285200,3649920
827,3666064,3141744
828,3205696,2932112
829,3717520,2757808
830,3741552,2416288
831,3510080,3778928
832,3320624,3632544
833,3037376,2753552
834,3833392,2978048
835,4229024,2764512
836,3450320,2689408
837,3585936,3253072
838,3396480,2863152
839,3284320,3279168
840,3851760,2631472
841,3431328,3418240
842,3806960,2884032
843,3227456,3485360
844,4020592,3051248
845,3504912,4150768
846,3992752,2697088
847,3718832,3215424
848,4749584,2914896
849,3275664,3043952
850,3865040,3013984
851,3542736,2893520
852,3685376,3369328
853,3705936,2582208
854,3564928,3275152
855,4080928,2545616
856,3155120,2737408
857,3851712,2973600
858,3161584,3431920
859,3380864,3323248
860,3453520,2537232
861,3835632,3432144
862,3946816,3452400
863,3163440,2769552
864,3941680,2537872
865,3454640,2990112
866,3345936,3203056
867,3071184,3516144
868,3633152,2865216
869,3800720,2354368
870,4140256,2980992
871,3408064,3234112
872,2983120,2666560
873,3628624,3649952
874,3865552,2931104
875,3237632,2594976
876,4081472,3070592
877,3511728,2907808
878,3186448,3145680
879,3728560,3184320
880,3563984,2659776
881,3801600,3108624
882,3771072,3103952
883,3249744,2747376
884,3777008,2864448
885,3782160,3115024
886,3215856,3183936
887,3538416,3590736
888,3663520,2700144
889,3654064,2683824
890,4206880,3047136
891,3228640,2983584
892,3251088,2964144
893,3714704,2876800
894,3543760,3054800
895,3657072,2977792
896,3562848,3331952
897,3670016,2679328
898,3657648,3152880
899,3990560,3007872
900,3297072,2528784
901,3812784,3274800
902,3575728,2997888
903,3107904,2808800
904,3828848,2770832
905,3659504,3390912
906,3452896,3068608
907,3342064,3146352
908,3776736,3080464
909,3711888,2633808
910,3797264,2901504
911,3666480,3265408
912,3194224,2946000
913,3543616,3138336
914,3787952,2884624
915,3518720,2916544
916,3817600,3271904
917,3531744,3327808
918,3516112,2538464
919,3906016,3072976
920,3947024,3313520
921,3079616,2664768
922,3782480,4125008
923,3979888,4209696
924,3234992,3114400
925,4807376,2821168
926,4865104,3405728
927,3659040,2910272
928,3397232,2607920
929,4015936,3497024
930,3555456,2894944
931,3221216,2513888
932,4105440,2587488
933,3514560,3620960
934,3121616,3007440
935,3258304,2877104
936,3713088,2528672
937,3613168,3743888
938,3463120,3114608
939,3126448,2887408
940,3856224,3117712
941,3708352,2624016
942,3488448,3259360
943,3732032,2881728
944,3215328,3174928
945,3886304,2656848
946,3490128,3108560
947,3691568,3049120
948,3284336,3242736
949,3735184,2520144
950,3679520,2573712
951,3862480,3047792
952,3126896,3857872
953,3221952,2868112
954,3121056,3012544
955,3980208,2650336
956,3467152,2564128
957,3570160,3721792
958,3254544,3009376
959,3232608,3012992
960,3718656,3581744
961,3594896,2719968
962,3614896,2800736
963,4159888,2648576
964,3416848,3402704
965,3449568,2836240
966,3294160,2875488
967,3986624,2412672
968,3432096,3591088
969,3412080,3402000
970,3038896,2657648
971,3691664,2952128
972,3987104,3018928
973,3296416,3386432
974,3489424,2713136
975,3648160,2713088
976,4004320,3312576
977,3359040,3399168
978,3257904,3007280
979,3977040,3029296
980,3975648,2871424
981,3695120,2758656
982,3727712,3300896
983,3552176,2518752
984,3381680,3361952
985,3827376,2743328
986,3211392,3078112
987,3985904,2942720
988,3393600,3069600
989,3613328,2606864
990,3585584,3269312
991,3653920,2747760
992,3250064,3130896
993,3950704,3242608
994,3345632,2866832
995,3760800,3470480
996,3855680,2615984
997,3509504,2994960
998,4026480,2868896
999,3300272,2358752
1000,3576208,3598784
1001,3384928,2857344
1002,2977328,3317520
1003,3600352,2674448
1004,3469488,2568016
1005,3929952,3601056
1006,3264800,3117136
1007,3198240,2765920
1008,3630752,3671568
1009,3703360,3034464
1010,3347280,2694288
1011,4275184,3172864
1012,3725808,2670496
1013,3347072,3002496
1014,3757952,3067104
1015,3357664,3239920
1016,3562080,2646608
1017,3635568,2989888
1018,3867152,3014352
1019,3318768,2849760
1020,3572240,3208064
1021,3593632,2699072
1022,3429360,3304016
1023,3792224,3003616
1024,3293872,3054256
1025,3916560,2639616
1026,3610480,3182656
1027,3651152,2773968
1028,3258032,3345184
1029,3777888,2865072
1030,3283904,3088880
1031,3981056,3163296
1032,3444688,2701408
1033,3693744,3005088
1034,3747088,3609408
1035,3310704,2775728
1036,3531120,3293552
1037,4234896,3118064
1038,3493120,3730688
1039,3948976,3190160
1040,3755200,3064768
1041,4349424,3010048
1042,3809600,2888816
1043,3705952,2724480
1044,3643584,2737936
1045,3514784,3149344
1046,3177120,3010112
1047,3397360,3388864
1048,3684176,3196944
1049,3513056,2726192
1050,3845904,3091120
1051,3877536,3630912
1052,3302112,2800592
1053,3772992,2601504
1054,4305936,3095408
1055,3377920,2693280
1056,3181696,3062160
1057,3761600,2997760
1058,3259952,3093168
1059,3734224,3422080
1060,3658336,2847392
1061,3751392,2632304
1062,4023856,3170096
1063,3367856,2958688
1064,3132560,3358000
1065,3750064,2784432
1066,3584624,2720640
1067,4031616,3220768
1068,3244064,2494992
1069,3346864,3537920
1070,3857792,2474272
1071,3079552,3361808
1072,4070080,2897840
1073,3008464,3118656
1074,3846832,3034816
1075,3495472,3461536
1076,3797504,2635392
1077,3659136,2639504
1078,4109968,3160384
1079,3230000,2910560
1080,3249776,3172176
1081,3701008,3412304
1082,3564336,2804720
1083,3767696,2215536
1084,4019920,2927792
1085,3380512,3069984
1086,2818656,2902080
1087,3446656,3683040
1088,3519520,2895872
1089,3405360,3237536
1090,4138688,2740976
1091,3542192,3205632
1092,3848736,3104816
1093,3372256,3514832
1094,3784496,2442672
1095,3836848,3037632
1096,4159424,2431280
1097,3149456,3267712
1098,3520496,3102768
1099,3098096,3203840
1100,3963216,2853872
1101,3767680,3716624
1102,3812704,3053280
1103,3386128,3043088
1104,4368512,2503232
1105,3763648,2622176
1106,3744848,3218704
1107,3224976,2591328
1108,3301008,3396000
1109,3844288,3808832
1110,3147632,3063536
1111,4036080,2991728
1112,4370240,2402048
1113,3786256,2484288
1114,3708656,3011440
1115,3155536,3064656
1116,3106240,3125024
1117,3712880,2692304
1118,3706960,3095664
1119,3798800,3080368
1120,3216240,3100656
1121,3703872,2870544
1122,3706720,3234416
1123,3770288,2684256
1124,3506656,3260592
1125,3878400,3860896
1126,3258912,2931776
1127,3962160,2613008
1128,4417024,2442112
1129,3631792,3212608
1130,3356848,2826736
1131,3191072,2503696
1132,3907616,3110288
1133,3456480,3118064
1134,3018560,3108160
1135,3712272,3191664
1136,3845712,3126400
1137,3823952,2608160
1138,3878336,3189504
1139,3685696,2984192
1140,3181888,3005760
1141,3837488,3030080
1142,3649104,3897872
1143,3659040,3143312
1144,3679968,3134208
1145,4487584,3291536
1146,3845792,2969888
1147,3840784,4496640
1148,3973792,2590336
1149,2990752,2591456
1150,4593152,3288288
1151,3334496,2778288
1152,3290112,2318672
1153,3903904,2992656
1154,3420944,2920288
1155,3039408,3018160
1156,3204704,3143888
1157,2967472,3174368
1158,3166896,3717408
1159,3273664,2891216
1160,3295728,2712480
1161,3835280,2386784
1162,3598688,2994912
1163,3324080,2904208
1164,3117808,3089712
1165,3707792,2989024
1166,3008128,3294672
1167,3269232,3293632
1168,3187552,2330576
1169,3366752,3085904
1170,3428192,3084912
1171,3057008,2830624
1172,3801904,3224736
1173,3076432,3710112
1174,3049408,3106352
1175,3305984,2616928
1176,3782736,2340048
1177,3694592,3064144
1178,3240832,3034208
1179,3001632,3094944
1180,3196256,2905424
1181,3136736,2980128
1182,3213856,3053648
1183,3152928,2988624
1184,3072544,2956320
1185,3213760,2926528
1186,3039056,3092336
1187,3150128,3033248
1188,3094400,3815936
1189,3136768,3314880
1190,3168496,2682960
1191,3851968,2975936
1192,3977392,3281024
1193,3417744,2720832
1194,3656400,2993904
1195,3940864,2850096
1196,3371520,3091952
1197,3535296,2259504
1198,3443248,2927472
1199,3756928,3033424
1200,2962384,3095264
1201,3067744,2919280
1202,3723568,2990192
1203,3193296,3016672
1204,3001424,2964752
1205,3123360,3106464
1206,3161872,3065680
1207,3153520,3831072
1208,3184800,2753968
1209,3148672,3401760
1210,3915008,2897504
1211,3427088,2631936
1212,4001424,3162880
1213,3556368,2765104
1214,3304992,2308720
1215,3827728,2985104
1216,3420032,4001968
1217,3020512,3347600
1218,3123616,2705600
1219,3585216,2710896
1220,3987280,3224160
1221,3449472,2919472
1222,3377024,3273312
1223,3834144,2824816
1224,3612032,4516128
1225,3903280,3647424
1226,3576960,2718416
1227,5191264,2469776
1228,4294832,2987360
1229,3391200,2986944
1230,3089072,2789520
1231,3664096,3183872
1232,3695888,3508672
1233,3459408,2737456
1234,3722304,3321552
1235,4081792,2711312
1236,3390240,3115888
1237,3895408,3012624
1238,3362208,3338672
1239,3701376,2742912
1240,3693872,3223696
1241,3965424,2504400
1242,3359664,2839328
1243,3836032,3026384
1244,3183104,3463808
1245,3517840,2523072
1246,3661664,3312768
1247,4127232,2917936
1248,3069856,2719632
1249,3936992,3997280
1250,3550272,3048080
1251,3380816,3093408
1252,4578112,3055552
1253,3620288,3045408
1254,3765696,2930624
1255,3759184,2667040
1256,3777808,2577488
1257,3675488,3267520
1258,3411152,2491712
1259,3246304,3339040
1260,3868112,3565984
1261,3169328,2644272
1262,4011040,2783648
1263,4205408,4347024
1264,3368720,4761344
1265,3376416,3177744
1266,4956720,3336960
1267,3768096,2844832
1268,3676528,3107792
1269,3823328,3112416
1270,3516768,2855696
1271,3808064,3291248
1272,3793952,2926784
1273,3504368,3143376
1274,3931488,3032432
1275,3553328,2526048
1276,3820816,3339376
1277,3711232,2885888
1278,3076016,3241712
1279,3929280,3059696
1280,3517968,3317488
1281,3922800,2578384
1282,3696064,2755072
1283,3975536,3079376
1284,3221456,3265072
1285,3471024,2962160
1286,3761648,2644016
1287,3964816,3159056
1288,3567120,3119584
1289,3089232,3356080
1290,3862816,2788496
1291,3834944,2844992
1292,4046944,3168256
1293,3358944,2734576
1294,3460576,2927856
1295,3852816,2940160
1296,3350432,2884288
1297,3644624,3102960
1298,3583328,3122976
1299,3596240,3148368
1300,3756000,2870992
1301,3832800,2989424
1302,3787088,2915744
1303,3565280,2886992
1304,3635552,3057328
1305,3609856,3108800
1306,3510368,3134832
1307,3756528,3369456
1308,3763776,2678720
1309,3719152,2912432
1310,3975184,3311936
1311,3258080,3437904
1312,3560848,2317392
1313,3975424,3356016
1314,3678272,2413152
1315,3036656,3044448
1316,4012944,3250128
1317,3102416,4222800
1318,3653392,5541744
1319,3857728,3709728
1320,4824864,3287504
1321,6191744,8401312
1322,4384960,3875584
1323,3951376,4752224
1324,9087248,3841072
1325,4554672,5499552
1326,4704336,3962880
1327,4534768,5125824
1328,5608544,3508304
1329,4706272,3200112
1330,5765488,3132032
1331,4120928,2562528
1332,3809232,3131232
1333,3783360,3139376
1334,3141840,2980000
1335,3801360,2910832
1336,3844224,2935072
1337,3615520,2967904
1338,3579248,3178736
1339,3642736,3042416
1340,3588336,3188800
1341,3732544,2784864
1342,3730320,2832736
1343,3756064,3113424
1344,3353808,3461664
1345,3430032,2477168
1346,3719648,2984832
1347,4098240,3359376
1348,3048832,2808384
1349,3648816,3174704
1350,3919648,2866832
1351,3285920,3294224
1352,3820896,2935312
1353,3423088,2657504
1354,3840304,3071728
1355,3471936,3007008
1356,3145376,3033840
1357,3722784,2660688
1358,3611184,3214544
1359,3675088,2937776
1360,3173728,3106096
1361,3820208,3074416
1362,3595440,3239792
1363,3758512,2589952
1364,3736352,3046928
1365,3868048,2907008
1366,3155376,2882176
1367,3704128,3166688
1368,3570016,3085376
1369,3569920,2916144
1370,3540528,3183024
1371,3704016,3513088
1372,3617216,5086128
1373,3853440,2718000
1374,4067680,3011872
1375,5644560,2880576
1376,3355072,2899280
1377,3565440,2474416
1378,3471712,3675616
1379,3509344,3221568
1380,3090272,3122336
1381,3687424,2684576
1382,3847728,2758320
1383,3699008,2554592
1384,3294000,3590528
1385,3311264,3279824
1386,3233456,2574512
1387,3618944,3331120
1388,3878592,2811376
1389,3182816,3150288
1390,4012208,2845632
1391,3419456,2895392
1392,3737808,3518576
1393,3432320,2753840
1394,3510896,2972048
1395,4108640,2990976
1396,3400784,2936096
1397,3527520,2967728
1398,3582528,3123808
1399,3512624,2905632
1400,3495840,3513920
1401,3737664,2704192
1402,3513520,2717696
1403,4054336,3142000
1404,3409648,3140848
1405,3353280,2915072
1406,3738496,2789952
1407,3718384,3199744
1408,3523504,3005680
1409,3381056,3075648
1410,3798736,2648352
1411,3623088,3401680
1412,3690240,3084352
1413,3244640,2895280
1414,4026128,2763408
1415,3680112,3065408
1416,3528352,3681392
1417,3356000,3023120
1418,3679888,3222752
1419,4277392,3237120
1420,3520832,3138928
1421,3864480,3345360
1422,3712560,2542896
1423,3692288,3277808
1424,3937104,2926272
1425,3197920,3045840
1426,3804832,3334288
1427,3607744,2276176
1428,3710016,3388032
1429,3824384,2902528
1430,2890288,3097040
1431,3807024,3318144
1432,3537664,2802928
1433,3700096,3118320
1434,3976512,2647456
1435,3383008,3373824
1436,3755536,3372944
1437,3310256,2412336
1438,3990752,3186096
1439,3990208,2774960
1440,3037072,2992928
1441,3834560,3200240
1442,3473200,3254288
1443,3641168,2563968
1444,3846528,2977872
1445,3872368,3033728
1446,3148624,2708496
1447,3588896,2832672
1448,3678304,3300272
1449,3374720,3220112
1450,3351088,3186192
1451,3669504,2500656
1452,3908368,3119536
1453,3723952,3455968
1454,3108912,3711760
1455,3792400,2847248
1456,4114128,3128016
1457,4359872,3007344
1458,3590976,3231104
1459,3800480,2983600
1460,3726848,2982672
1461,3919488,3113936
1462,3660896,3262304
1463,3736752,2905504
1464,3857904,2880160
1465,3894432,4128816
1466,2990352,3039856
1467,2619968,2759904
1468,4777440,2524816
1469,3695184,3711520
1470,3329104,2757424
1471,3132768,3101104
1472,3826592,3241680
1473,3307664,2686976
1474,3695632,3072592
1475,3860400,3776656
1476,3331856,2658784
1477,3689280,2709536
1478,4377584,3137824
1479,3375104,2636256
1480,3358336,3193984
1481,3691856,2768080
1482,3230992,2531120
1483,3808880,3732768
1484,3347520,2647648
1485,3143568,2368560
1486,3871904,3025952
1487,3241616,4001888
1488,3032928,2991472
1489,3071424,2741648
1490,4056912,3232640
1491,3579904,2655104
1492,3292720,2345808
1493,3784320,4243776
1494,3223648,2795776
1495,3017536,2822048
1496,4236560,3413328
1497,3412432,2846672
1498,3379040,2885360
1499,4019920,3179440
1500,3474256,3375248
1501,3444864,2889264
1502,3739872,3015824
1503,3926832,2919824
1504,3588128,2874048
1505,3706448,3020288
1506,3521776,2970000
1507,3522208,2679920
1508,3641360,2943168
1509,3634784,3118848
1510,3325568,3062720
1511,3485632,2805072
1512,3746384,3382000
1513,3614176,2759616
1514,3405760,3267936
1515,3990880,2910480
1516,3398160,2509456
1517,3866160,3164400
1518,3566464,3024832
1519,3109600,3277504
1520,3822272,2599424
1521,3652256,2485504
1522,3868400,3611680
1523,3173856,2783536
1524,3088368,2604656
1525,3628224,3745392
1526,3376432,2885280
1527,3259888,3091360
1528,3763872,2892448
1529,3474272,3149168
1530,3703808,3103696
1531,3332480,3030736
1532,3757072,3112224
1533,3672592,2745840
1534,3676832,3081408
1535,3689232,3488096
1536,3395504,3056688
1537,3694992,3597248
1538,4087872,3187056
1539,3762896,3028336
1540,4237680,2943168
1541,3684960,3092928
1542,3697872,2952064
1543,3602912,2962000
1544,3741376,2897888
1545,3550896,3139440
1546,3565808,3276784
1547,3584608,2348944
1548,3741120,3221008
1549,3916240,3153040
1550,2976752,3160032
1551,3610688,3833232
1552,3763728,2366496
1553,3834848,2374176
1554,4445152,3295328
1555,3081296,3729392
1556,2989824,2981520
1557,3809504,2944416
1558,4365952,2553552
1559,3560032,3705936
1560,3540928,2848144
1561,3174640,2551344
1562,4280288,2805360
1563,3527568,3072672
1564,3149408,3877648
1565,3282240,2531872
1566,3745328,2481696
1567,4491680,3173584
1568,3283952,3464000
1569,3087808,2922640
1570,3848512,2673424
1571,4079824,2963792
1572,3514192,2644832
1573,3238784,2971376
1574,3589088,3178256
1575,3241280,3635536
1576,3585360,2449296
1577,3807280,2940768
1578,4249456,2893360
1579,3053456,3334384
1580,3601920,2636160
1581,3528560,3187872
1582,3925360,3148544
1583,3143376,2398864
1584,3828288,3409296
1585,3713792,3003984
1586,2978592,3108352
1587,3929552,2777248
1588,3655472,3003312
1589,3544208,3070464
1590,3317200,2921648
1591,3667616,4078208
1592,3720144,3451984
1593,3558128,3700656
1594,4727136,3214128
1595,4063648,3143728
1596,3729520,2948128
1597,3870272,2749904
1598,3757232,3010928
1599,3543840,3412992
1600,3421472,3136352
1601,3586912,2797056
1602,3991456,2639456
1603,3733376,3306560
1604,3387456,2989392
1605,3276672,3004448
1606,3930160,3097264
1607,3604400,3143520
1608,3602704,2732416
1609,3656608,3167504
1610,3722320,2947856
1611,3367744,2839568
1612,3764208,3165248
1613,3559472,2896800
1614,3437872,2904144
1615,3694048,3078800
1616,3547680,3151984
1617,3462736,2997936
1618,3589600,2841456
1619,3746928,2713072
1620,3576864,3328912
1621,3404704,2940384
1622,3303296,2870000
1623,4001440,3280384
1624,3540400,2567696
1625,3398944,2472400
1626,3814256,3095152
1627,3156448,3720560
1628,3150560,2776112
1629,3228544,3189408
1630,3841760,2908352
1631,3366528,2866784
1632,3800848,3429344
1633,3413664,2719984
1634,3422656,3010448
1635,4033808,3171344
1636,3312768,2630896
1637,3593744,2475312
1638,3746464,2944192
1639,3247872,4065296
1640,3157600,2989568
1641,3005104,2980880
1642,4146768,2900576
1643,3584128,3024480
1644,3576544,2678032
1645,3461392,3116000
1646,3615056,3220032
1647,3293504,2912288
1648,3723376,3088752
1649,3838640,3005280
1650,3464464,2545184
1651,3673840,2651744
1652,3661376,3555920
1653,3196096,3022992
1654,3336656,3116016
1655,3600688,3182608
1656,3690448,2729536
1657,3728320,3137888
1658,3793008,2684464
1659,3318928,3309712
1660,3731328,2713008
1661,3303936,2514272
1662,3895696,3866208
1663,3326544,2900752
1664,3150656,2876128
1665,3891776,2827136
1666,3556512,3522848
1667,3469696,3018096
1668,3289568,2968624
1669,4087648,2859408
1670,3667104,2578784
1671,3576272,2583696
1672,3465984,2990336
1673,3091344,3779040
1674,3246608,2989392
1675,3050752,3653232
1676,3862880,2782400
1677,3594960,3009936
1678,4244544,2933280
1679,3425504,2772720
1680,3684912,2867872
1681,3624224,2676016
1682,3428672,3238992
1683,3407328,3070096
1684,3254000,2974384
1685,3921088,2725232
1686,3716240,3305568
1687,3580640,2986080
1688,3276240,2839008
1689,3978032,3267024
1690,3579312,2640448
1691,3435344,2416656
1692,3921568,3073648
1693,3197024,3844672
1694,3027728,2649840
1695,3230112,3393760
1696,3929184,2861344
1697,3292832,3026176
1698,3984976,2734112
1699,3463088,3257744
1700,3631552,2693520
1701,3309808,2436416
1702,3870592,3716880
1703,3256752,3024288
1704,3113280,2394976
1705,3842784,3023904
1706,3650544,4220624
1707,3006592,2660704
1708,3153168,2853696
1709,4283008,3372192
1710,3411728,3164272
1711,3342032,2960864
1712,3958896,2899552
1713,3853408,3108896
1714,3584368,3772128
1715,3589440,3157680
1716,3680240,3169600
1717,4462480,3022128
1718,3673184,4085168
1719,3825744,3495488
1720,3601648,3478656
1721,4687504,3170864
1722,4098688,3835248
1723,3538016,4920240
1724,3760272,3259584
1725,4432736,4384800
1726,5312000,2792912
1727,3922944,2743920
1728,3972128,3189968
1729,3390080,2805632
1730,3285952,2420304
1731,3723696,4754080
1732,3396992,3361904
1733,3084832,2944288
1734,4670672,3900624
1735,3837744,1553872
1736,3604432,3376368
1737,4511392,3318096
1738,2151840,3432128
1739,3687088,2857200
1740,3744912,2684272
1741,4058032,3274800
1742,3353728,3439984
1743,3268400,3234400
1744,3903088,3333808
1745,4022208,4013296
1746,3742752,3676992
1747,4047664,2874368
1748,4625904,3010256
1749,4261712,2866640
1750,3557648,2858064
1751,3617840,2978672
1752,3495456,2840704
1753,3371136,3242256
1754,3469680,5613568
1755,3441376,4440992
1756,3877040,2773936
1757,5004128,3200768
1758,4984544,3023488
1759,3379696,2726624
1760,3804976,3573200
1761,3681424,3170992
1762,3331552,3004656
1763,4177024,4110944
1764,3861280,2495760
1765,3689680,3069456
1766,4751872,3461024
1767,3047792,2900688
1768,3588960,2685088
1769,4074624,3110992
1770,3452528,3296880
1771,3191728,3281552
1772,3728512,3060848
1773,3981904,3067312
1774,3886464,3025104
1775,3684624,2716496
1776,3597504,2769440
1777,3619360,3105952
1778,3300160,3943248
1779,3369024,3530976
1780,3743056,4579728
1781,4486016,4292496
1782,4201008,2453584
1783,4411840,3591872
1784,4733584,2510176
1785,3077040,2708416
1786,4250992,3508864
1787,3053936,2569568
1788,3256816,3196544
1789,4118624,2497136
1790,3153024,3152816
1791,3827104,3377328
1792,3061360,3434576
1793,3668000,2803424
1794,3899696,2791008
1795,4049376,3003216
1796,3349616,2858992
1797,3372400,3136432
1798,3568064,3165808
1799,3456352,3408592
1800,3807536,3176768
1801,3706352,2738928
1802,3974096,3471024
1803,3816416,3218704
1804,3456240,3270848
1805,4046080,4010432
1806,3761888,2973408
1807,3866384,3509456
1808,4013088,3903904
1809,3555616,3024976
1810,3875904,3053792
1811,4505040,2793904
1812,3656480,3524576
1813,3672320,2844512
1814,3353200,3391856
1815,4188592,3144688
1816,3351680,3843824
1817,3866352,3505248
1818,3709888,2573200
1819,4270992,4061600
1820,3425584,2847440
1821,3195968,3100688
1822,3843760,3460784
1823,3460176,4014960
1824,3691664,3191632
1825,4067024,2052640
1826,4507680,3463760
1827,3612464,3596944
1828,2423136,5279840
1829,3837936,5457296
1830,4127296,6851728
1831,5816832,3277456
1832,6047040,5806800
1833,6185472,4156416
1834,3778080,3416192
1835,4859104,4473616
1836,4599904,3542416
1837,3993808,4678672
1838,4361408,6783440
1839,3903568,5770256
1840,5234528,3899728
1841,5871088,3280352
1842,5510064,3170432
1843,4336992,4710608
1844,3685568,2975424
1845,3720000,2827072
1846,3948240,3358144
1847,3668048,3256688
1848,3378256,3395072
1849,4018112,3390256
1850,3740064,2340096
1851,3941648,3385744
1852,4036688,3221216
1853,2924624,2646320
1854,3832816,4518368
1855,3841648,6963008
1856,3238368,3781456
1857,5133632,4962048
1858,5541888,2786640
1859,4383312,4708096
1860,5396544,6387616
1861,3138048,5279568
1862,5311472,4433024
1863,5181440,3390784
1864,4653680,3570352
1865,4606304,4070784
1866,3906368,2541168
1867,4278352,3113952
1868,3852640,3221328
1869,3183232,2897728
1870,3734352,2756992
1871,3824800,3475888
1872,3493600,2421616
1873,3355712,2576800
1874,4083776,3763520
1875,3063456,3087232
1876,3220448,2954352
1877,3842272,2942576
1878,3675840,2850208
1879,3602176,2414208
1880,3506016,3972576
1881,3396432,2746256
1882,3038912,3103808
1883,4004352,3028272
1884,3380608,2861248
1885,3733952,3006528
1886,3679696,3023904
1887,3516432,2707872
1888,3597856,3298064
1889,3617264,3436320
1890,3297120,2830192
1891,3884064,2950784
1892,4043312,2952352
1893,3535888,2991968
1894,3606560,3933248
1895,3545184,3328160
1896,3588320,3012960
1897,4463872,3000880
1898,3794912,3313520
1899,3668128,2700496
1900,3664544,3069312
1901,3986624,3467968
1902,3215904,2741264
1903,3721856,2696560
1904,4026240,3094800
1905,3304240,2946320
1906,3276368,3180048
1907,3711760,2369440
1908,3618352,3083856
1909,3709344,2919280
1910,2946848,3441648
1911,3555632,3344496
1912,3446048,2714752
1913,3922016,3123056
1914,3944944,3445136
1915,3333584,2490928
1916,3771328,2576112
1917,4023840,3754240
1918,3121776,2477552
1919,3196048,3277552
1920,4177984,2691664
1921,2991344,3164288
1922,3941792,2932672
1923,3183008,2987040
1924,3811952,3141104
1925,3634032,3639808
1926,3648688,1445712
1927,3806784,2483056
1928,4274128,2573312
1929,2094064,2535920
1930,3144752,3753936
1931,3139664,3545648
1932,3157920,2597040
1933,3852496,2711888
1934,4129744,3009104
1935,3310160,2402064
1936,3264464,3599984
1937,3495696,3114704
1938,3000896,2876560
1939,3597872,3250944
1940,3704688,2585328
1941,3490192,3407872
1942,3850064,2772464
1943,3172832,3095248
1944,4000928,2829616
1945,3370912,3552512
1946,3709552,2921568
1947,3431584,2960304
1948,4198288,2744672
1949,3597424,2858512
1950,3574992,3251472
1951,3405184,3042672
1952,3427456,2708256
1953,3824080,3024064
1954,3682464,3145904
1955,3317536,2634272
1956,3616864,2616816
1957,3742176,3813872
1958,3227200,3044096
1959,3280160,2771376
1960,3871760,2994640
1961,3677760,3193216
1962,3358448,2867296
1963,3525472,3038576
1964,3734016,2696512
1965,3502464,3257296
1966,3640752,2924624
1967,3307728,3116832
1968,3880640,2735728
1969,3582496,2596064
1970,3711744,3626560
1971,3333568,2927248
1972,3224208,3109696
1973,3712096,3134960
1974,3536656,2793216
1975,3716848,2975808
1976,3746448,3188000
1977,3404864,3365760
1978,3489504,2795200
1979,3710512,2786368
1980,3984528,3505984
1981,3489184,2844048
1982,3407664,2603568
1983,4109408,2725840
1984,3522256,3192336
1985,3251632,3209216
1986,3304336,2905520
1987,3765968,2699808
1988,3814304,2563472
1989,3560768,3734080
1990,3153296,2876064
1991,3154800,2744144
1992,3780640,2582768
1993,3451056,3794816
1994,3340432,2961440
1995,3244464,2849232
1996,3869296,3194352
1997,3564368,0
1998,3411120,0
1999,3777904,0
===CSV_END===
=========================================
HI_NET_PING_DONE run=11
