========================================
Signal Sender Workload (Synchronized)
========================================
Initializing shared memory...
Waiting for speedometer to register...
Found speedometer in shared memory!
Sending START command to speedometer: START: 15;5;20

Running workload signal period for 15 seconds...

Workload signal period completed.
Sending STOP command to speedometer...
Waiting for statistics from speedometer...

Stress workload terminated.
===VMSTAT_START===
procs -----------memory---------- ---swap-- -----io---- -system-- ------cpu-----
 r  b   swpd   free   buff  cache   si   so    bi    bo   in   cs us sy id wa st
 4  0      0 133152   9596  33316    0    0    22    10  254  143 88 10  1  0  0
 4  0      0 133152   9596  33320    0    0     0     0  508  254 100  0  0  0  0
 4  0      0 133152   9596  33320    0    0     0     0  509  267 100  0  0  0  0
 4  0      0 133152   9604  33312    0    0     0   124  510  271 99  1  0  0  0
 5  0      0 133152   9604  33320    0    0     0     0  506  253 100  0  0  0  0
 4  0      0 133152   9604  33320    0    0     0     0  503  261 100  0  0  0  0
 4  0      0 133152   9604  33320    0    0     0     0  507  263 100  0  0  0  0
 4  0      0 133152   9604  33320    0    0     0     0  506  265 100  0  0  0  0
 5  0      0 133152   9604  33320    0    0     0     0  504  259 100  0  0  0  0
 4  0      0 133152   9604  33320    0    0     0     0  506  263 100  0  0  0  0
 4  0      0 133152   9604  33320    0    0     0     0  507  263 100  0  0  0  0
 4  0      0 133152   9604  33320    0    0     0     0  506  262 100  0  0  0  0
 4  0      0 133152   9604  33320    0    0     0     0  507  261 100  0  0  0  0
 4  0      0 133152   9604  33320    0    0     0     0  505  262 100  0  0  0  0
 4  0      0 133152   9604  33320    0    0     0     0  507  265 100  0  0  0  0
 4  0      0 133152   9604  33320    0    0     0     0  507  264 99  1  0  0  0
 4  0      0 133152   9604  33320    0    0     0     0  521  274 97  3  0  0  0
===VMSTAT_END===
========== SPEEDOMETER RT APPLICATION RESULTS ==========
Test Configuration:
Period: 50.000 ms
Deadline: 5.000 ms
RT Priority: 99 (SCHED_FIFO)
Execution Statistics:
Total cycles: 299
Deadline misses: 1 (0.334%)
Execution Time (μs):
Mean: 195.538
Min: 125.856
Max: 1366.176
50th percentile: 167.264
95th percentile: 239.840
99th percentile: 1201.088
99.9th percentile: 1366.176
Jitter (μs):
Mean: 1878.191
Min: 1503.712
Max: 7385.984
Response Time (μs):
Mean: 2073.729
Min: 1680.480
Max: 7603.360
50th percentile: 1997.040
95th percentile: 2968.096
99th percentile: 3528.352
99.9th percentile: 7603.360
========================================================
[  659.353643] SDK:handler_do_el0_svc_pre: syscall __NR_futex (98) is not allowed
[  659.611903] SDK:handler_do_el0_svc_pre: syscall __NR_munmap (215) is not allowed
[  659.621636] SDK:handler_do_el0_svc_pre: syscall __NR_wait4 (260) is not allowed
[  659.631289] SDK:handler_do_el0_svc_pre: syscall __NR_munmap (215) is not allowed
[  659.641083] SDK:handler_do_el0_svc_pre: syscall __NR_rt_sigprocmask (135) is not allowed
[  659.651867] SDK:handler_do_el0_svc_pre: syscall __NR_futex (98) is not allowed
[  659.661680] SDK:handler_do_el0_svc_pre: syscall __NR_exit (93) is not allowed
[  659.664491] SDK:handler_do_el0_svc_pre: syscall __NR_futex (98) is not allowed
[  659.677028] SDK:handler_do_el0_svc_pre: syscall __NR_munmap (215) is not allowed
===VMSTAT_START===
procs -----------memory---------- ---swap-- -----io---- -system-- ------cpu-----
r  b   swpd   free   buff  cache   si   so    bi    bo   in   cs us sy id wa st
0  0      0  68664    512   9824    0    0     0     0   59   55  0  5 95  0  0
2  0      0  68556    512   9824    0    0     0     0   57   61  0  2 98  0  0
0  0      0  68556    512   9824    0    0     0     0   52   54  0  2 98  0  0
0  0      0  68556    512   9824    0    0     0     0   52   56  2  1 98  0  0
0  0      0  68556    512   9824    0    0     0     0   52   57  0  2 98  0  0
0  0      0  68556    512   9824    0    0     0     0   52   58  0  2 98  0  0
0  0      0  68556    512   9824    0    0     0     0   56   61  1  1 98  0  0
2  0      0  68556    512   9824    0    0     0     0   57   56  1  1 98  0  0
1  0      0  68556    512   9824    0    0     0     0   50   59  0  2 98  0  0
0  0      0  68556    512   9824    0    0     0     0   44   58  1  1 98  0  0
0  0      0  68556    512   9824    0    0     0     0   53   62  2  1 98  0  0
0  0      0  68556    512   9824    0    0     0     0   49   55  1  1 98  0  0
0  0      0  68556    512   9824    0    0     0     0   49   59  1  1 98  0  0
0  0      0  68556    512   9824    0    0     0     0   48   58  1  1 98  0  0
0  0      0  68556    512   9824    0    0     0     0   58   59  1  2 97  0  0
0  0      0  68556    512   9824    0    0     0     0  147   41  1  7 92  0  0
===VMSTAT_END===
===CSV_START===
cycle,timestamp_s,execution_time_us,jitter_us,response_time_us,deadline_miss
1,0.051612,179.792,1611.968,1791.760,0
2,0.103147,171.120,3146.960,3318.080,0
3,0.152148,316.160,2148.240,2464.400,0
4,0.201865,141.040,1865.104,2006.144,0
5,0.251566,234.000,1566.272,1800.272,0
6,0.301773,126.848,1772.704,1899.552,0
7,0.352793,148.352,2792.512,2940.864,0
8,0.402130,1036.480,2129.792,3166.272,0
9,0.451562,177.424,1562.048,1739.472,0
10,0.502002,160.432,2001.568,2162.000,0
11,0.551528,179.744,1527.792,1707.536,0
12,0.601968,136.128,1967.824,2103.952,0
13,0.651575,201.872,1574.896,1776.768,0
14,0.701906,137.232,1905.536,2042.768,0
15,0.751568,167.264,1568.448,1735.712,0
16,0.802003,153.344,2003.072,2156.416,0
17,0.851541,164.544,1540.656,1705.200,0
18,0.901976,126.272,1975.584,2101.856,0
19,0.951579,179.568,1578.560,1758.128,0
20,1.002004,173.232,2004.448,2177.680,0
21,1.051628,199.552,1628.080,1827.632,0
22,1.101890,127.248,1890.240,2017.488,0
23,1.151543,187.216,1543.088,1730.304,0
24,1.201907,146.368,1907.104,2053.472,0
25,1.251596,185.424,1595.888,1781.312,0
26,1.301924,126.192,1924.368,2050.560,0
27,1.351584,163.888,1583.776,1747.664,0
28,1.401855,126.784,1855.440,1982.224,0
29,1.452583,277.632,2582.512,2860.144,0
30,1.501758,137.392,1758.112,1895.504,0
31,1.552547,283.200,2546.704,2829.904,0
32,1.601823,138.928,1822.784,1961.712,0
33,1.651629,218.416,1629.344,1847.760,0
34,1.701981,125.904,1981.408,2107.312,0
35,1.751569,212.608,1568.704,1781.312,0
36,1.802005,158.976,2004.832,2163.808,0
37,1.851629,181.904,1628.576,1810.480,0
38,1.902014,154.080,2013.808,2167.888,0
39,1.952683,285.216,2682.880,2968.096,0
40,2.001937,127.264,1937.312,2064.576,0
41,2.051628,228.592,1627.936,1856.528,0
42,2.101939,126.080,1938.720,2064.800,0
43,2.151552,202.000,1551.536,1753.536,0
44,2.202132,1030.736,2131.632,3162.368,0
45,2.251594,147.024,1593.824,1740.848,0
46,2.301894,137.136,1893.808,2030.944,0
47,2.351551,174.320,1550.720,1725.040,0
48,2.402004,167.392,2004.112,2171.504,0
49,2.451642,208.816,1642.000,1850.816,0
50,2.502034,165.872,2034.320,2200.192,0
51,2.551544,215.248,1543.872,1759.120,0
52,2.601982,136.624,1982.208,2118.832,0
53,2.651619,183.088,1619.456,1802.544,0
54,2.701842,137.696,1842.384,1980.080,0
55,2.751776,179.712,1776.272,1955.984,0
56,2.801985,170.416,1984.768,2155.184,0
57,2.851553,180.208,1553.248,1733.456,0
58,2.902031,166.400,2030.608,2197.008,0
59,2.951580,219.296,1579.904,1799.200,0
60,3.002019,166.080,2018.560,2184.640,0
61,3.051571,171.904,1571.040,1742.944,0
62,3.102027,164.704,2026.832,2191.536,0
63,3.151682,153.360,1681.696,1835.056,0
64,3.202008,167.056,2007.584,2174.640,0
65,3.251723,138.480,1723.328,1861.808,0
66,3.301944,126.112,1944.112,2070.224,0
67,3.351539,155.440,1538.784,1694.224,0
68,3.402009,166.000,2009.360,2175.360,0
69,3.451575,160.000,1575.264,1735.264,0
70,3.502078,195.024,2077.936,2272.960,0
71,3.551583,174.336,1582.576,1756.912,0
72,3.602004,172.512,2003.632,2176.144,0
73,3.651583,181.472,1583.248,1764.720,0
74,3.702075,153.904,2074.848,2228.752,0
75,3.751574,192.960,1573.728,1766.688,0
76,3.802023,171.136,2022.720,2193.856,0
77,3.851562,160.544,1561.968,1722.512,0
78,3.902082,167.952,2081.632,2249.584,0
79,3.951690,161.200,1690.320,1851.520,0
80,4.001932,135.760,1932.016,2067.776,0
81,4.051627,212.992,1626.784,1839.776,0
82,4.102052,171.696,2052.016,2223.712,0
83,4.151628,176.544,1627.904,1804.448,0
84,4.201998,126.720,1997.808,2124.528,0
85,4.251574,221.440,1573.840,1795.280,0
86,4.301768,130.208,1767.824,1898.032,0
87,4.351555,181.152,1555.024,1736.176,0
88,4.402127,1081.344,2126.720,3208.064,0
89,4.451750,138.992,1749.824,1888.816,0
90,4.502069,177.264,2069.488,2246.752,0
91,4.551599,176.384,1599.392,1775.776,0
92,4.602074,166.704,2073.600,2240.304,0
93,4.651551,169.520,1551.136,1720.656,0
94,4.701893,127.104,1893.264,2020.368,0
95,4.751554,202.048,1553.680,1755.728,0
96,4.801847,129.104,1847.440,1976.544,0
97,4.851540,181.664,1539.568,1721.232,0
98,4.901933,126.496,1933.216,2059.712,0
99,4.951590,169.696,1589.632,1759.328,0
100,5.001866,127.392,1865.600,1992.992,0
101,5.051539,166.752,1538.704,1705.456,0
102,5.102082,177.536,2081.824,2259.360,0
103,5.151587,190.528,1587.072,1777.600,0
104,5.201937,126.448,1937.216,2063.664,0
105,5.251714,176.224,1714.192,1890.416,0
106,5.301985,125.888,1985.424,2111.312,0
107,5.351572,157.952,1571.744,1729.696,0
108,5.401932,136.496,1931.744,2068.240,0
109,5.451504,176.768,1503.712,1680.480,0
110,5.502197,1166.544,2197.312,3363.856,0
111,5.551553,176.352,1553.008,1729.360,0
112,5.602031,180.112,2031.424,2211.536,0
113,5.651582,204.864,1582.144,1787.008,0
114,5.701889,127.536,1888.896,2016.432,0
115,5.751584,189.584,1583.696,1773.280,0
116,5.802080,166.256,2080.240,2246.496,0
117,5.851544,162.624,1544.336,1706.960,0
118,5.902033,161.936,2032.816,2194.752,0
119,5.952521,230.320,2520.912,2751.232,0
120,6.001984,179.136,1984.080,2163.216,0
121,6.051570,224.272,1570.368,1794.640,0
122,6.101880,146.720,1879.840,2026.560,0
123,6.151533,175.008,1532.960,1707.968,0
124,6.201982,125.856,1981.920,2107.776,0
125,6.252247,182.512,2246.832,2429.344,0
126,6.301914,126.144,1913.648,2039.792,0
127,6.351522,178.144,1521.504,1699.648,0
128,6.402022,161.136,2022.304,2183.440,0
129,6.451827,130.400,1826.512,1956.912,0
130,6.502093,169.040,2093.168,2262.208,0
131,6.551553,186.224,1552.848,1739.072,0
132,6.602064,170.912,2063.888,2234.800,0
133,6.651605,202.160,1604.768,1806.928,0
134,6.702032,179.904,2031.920,2211.824,0
135,6.751580,221.072,1580.336,1801.408,0
136,6.802024,164.416,2024.256,2188.672,0
137,6.851590,161.760,1590.496,1752.256,0
138,6.901930,125.936,1929.920,2055.856,0
139,6.951631,166.912,1631.152,1798.064,0
140,7.001929,135.680,1928.624,2064.304,0
141,7.051537,154.992,1536.752,1691.744,0
142,7.101999,126.000,1998.560,2124.560,0
143,7.151632,158.608,1632.480,1791.088,0
144,7.202004,164.992,2003.680,2168.672,0
145,7.252908,213.696,2907.872,3121.568,0
146,7.302682,178.256,2681.648,2859.904,0
147,7.351526,219.808,1526.448,1746.256,0
148,7.402570,221.728,2569.776,2791.504,0
149,7.451619,182.832,1618.512,1801.344,0
150,7.502071,187.104,2071.200,2258.304,0
151,7.551684,162.496,1684.496,1846.992,0
152,7.601991,158.240,1991.264,2149.504,0
153,7.651741,138.848,1740.832,1879.680,0
154,7.701939,126.800,1938.608,2065.408,0
155,7.751737,130.896,1736.976,1867.872,0
156,7.801916,136.880,1916.048,2052.928,0
157,7.851612,140.624,1611.616,1752.240,0
158,7.902068,175.344,2068.272,2243.616,0
159,7.951549,177.472,1549.088,1726.560,0
160,8.001991,182.080,1991.376,2173.456,0
161,8.051748,138.528,1747.744,1886.272,0
162,8.102073,166.096,2073.328,2239.424,0
163,8.151696,167.936,1695.936,1863.872,0
164,8.202087,174.192,2086.752,2260.944,0
165,8.251554,181.952,1554.080,1736.032,0
166,8.302066,176.864,2065.920,2242.784,0
167,8.351606,220.640,1606.368,1827.008,0
168,8.402560,189.056,2559.840,2748.896,0
169,8.451571,178.576,1570.576,1749.152,0
170,8.502245,1366.176,2244.512,3610.688,0
171,8.551695,143.520,1694.896,1838.416,0
172,8.602187,1201.088,2187.280,3388.368,0
173,8.651577,188.064,1577.440,1765.504,0
174,8.701837,128.192,1837.152,1965.344,0
175,8.751630,148.080,1630.016,1778.096,0
176,8.802098,137.696,2097.536,2235.232,0
177,8.851621,173.472,1621.136,1794.608,0
178,8.901848,128.960,1848.368,1977.328,0
179,8.951543,190.864,1542.768,1733.632,0
180,9.002777,138.400,2776.512,2914.912,0
181,9.051767,144.080,1766.608,1910.688,0
182,9.102732,139.056,2732.192,2871.248,0
183,9.151610,176.192,1609.984,1786.176,0
184,9.202852,129.088,2851.872,2980.960,0
185,9.251610,178.016,1610.480,1788.496,0
186,9.302051,168.784,2051.280,2220.064,0
187,9.351612,142.224,1611.696,1753.920,0
188,9.402719,139.536,2718.768,2858.304,0
189,9.451756,145.760,1756.032,1901.792,0
190,9.502108,136.768,2107.776,2244.544,0
191,9.551582,204.512,1581.536,1786.048,0
192,9.602003,171.968,2002.592,2174.560,0
193,9.651737,138.368,1737.168,1875.536,0
194,9.701942,126.672,1942.096,2068.768,0
195,9.751555,179.328,1554.992,1734.320,0
196,9.803301,212.496,3300.944,3513.440,0
197,9.851582,179.248,1582.048,1761.296,0
198,9.901925,126.368,1924.672,2051.040,0
199,9.951882,127.744,1881.904,2009.648,0
200,10.001943,126.272,1942.672,2068.944,0
201,10.051629,139.424,1628.928,1768.352,0
202,10.101908,136.944,1908.384,2045.328,0
203,10.151605,139.568,1605.296,1744.864,0
204,10.201915,144.512,1914.704,2059.216,0
205,10.251750,138.208,1749.984,1888.192,0
206,10.301889,127.056,1888.704,2015.760,0
207,10.351595,141.632,1594.592,1736.224,0
208,10.401945,128.560,1944.992,2073.552,0
209,10.451566,172.080,1565.504,1737.584,0
210,10.507386,217.376,7385.984,7603.360,1
211,10.551677,171.104,1677.184,1848.288,0
212,10.602047,187.984,2047.120,2235.104,0
213,10.651778,138.560,1777.840,1916.400,0
214,10.701870,126.640,1870.400,1997.040,0
215,10.751568,181.536,1567.552,1749.088,0
216,10.802313,197.232,2313.216,2510.448,0
217,10.851596,133.296,1596.352,1729.648,0
218,10.902063,179.872,2063.296,2243.168,0
219,10.951710,128.912,1709.872,1838.784,0
220,11.002033,179.872,2032.544,2212.416,0
221,11.051560,205.152,1559.824,1764.976,0
222,11.102000,126.672,2000.000,2126.672,0
223,11.151694,139.584,1694.016,1833.600,0
224,11.201931,126.560,1930.688,2057.248,0
225,11.251560,219.728,1559.632,1779.360,0
226,11.302008,161.408,2008.208,2169.616,0
227,11.351527,206.112,1526.928,1733.040,0
228,11.402718,153.376,2718.080,2871.456,0
229,11.451739,138.432,1738.832,1877.264,0
230,11.502061,174.896,2061.280,2236.176,0
231,11.551557,180.128,1556.848,1736.976,0
232,11.601918,136.976,1917.616,2054.592,0
233,11.651737,138.480,1737.104,1875.584,0
234,11.701902,136.528,1902.336,2038.864,0
235,11.751729,138.560,1728.864,1867.424,0
236,11.801931,136.656,1931.472,2068.128,0
237,11.851603,140.544,1602.912,1743.456,0
238,11.902003,176.128,2003.456,2179.584,0
239,11.951732,139.088,1732.112,1871.200,0
240,12.001978,176.832,1977.840,2154.672,0
241,12.051506,210.016,1506.320,1716.336,0
242,12.102606,165.808,2606.192,2772.000,0
243,12.151593,239.840,1592.896,1832.736,0
244,12.202185,954.592,2185.472,3140.064,0
245,12.251618,184.112,1618.176,1802.288,0
246,12.301861,138.480,1860.944,1999.424,0
247,12.351586,143.600,1586.496,1730.096,0
248,12.401889,127.376,1889.136,2016.512,0
249,12.451593,224.816,1592.560,1817.376,0
250,12.501948,136.400,1948.096,2084.496,0
251,12.551896,139.792,1895.504,2035.296,0
252,12.602078,139.728,2077.568,2217.296,0
253,12.651583,190.000,1583.280,1773.280,0
254,12.702002,173.008,2001.984,2174.992,0
255,12.751686,175.632,1686.160,1861.792,0
256,12.802065,166.240,2064.624,2230.864,0
257,12.851561,177.424,1561.056,1738.480,0
258,12.901927,136.960,1927.488,2064.448,0
259,12.951622,170.432,1622.048,1792.480,0
260,13.002209,1318.928,2209.424,3528.352,0
261,13.051631,141.728,1631.424,1773.152,0
262,13.101987,171.296,1986.848,2158.144,0
263,13.151706,145.280,1705.552,1850.832,0
264,13.202050,186.848,2049.536,2236.384,0
265,13.251687,164.064,1687.328,1851.392,0
266,13.302108,973.648,2108.192,3081.840,0
267,13.351618,242.864,1617.504,1860.368,0
268,13.401946,136.688,1946.496,2083.184,0
269,13.451635,230.544,1634.768,1865.312,0
270,13.501929,137.088,1929.392,2066.480,0
271,13.551624,165.040,1624.416,1789.456,0
272,13.601888,137.664,1888.128,2025.792,0
273,13.651751,138.064,1750.736,1888.800,0
274,13.702071,174.672,2071.232,2245.904,0
275,13.751636,198.176,1636.000,1834.176,0
276,13.802047,174.416,2047.392,2221.808,0
277,13.851677,139.712,1676.976,1816.688,0
278,13.902011,181.808,2010.688,2192.496,0
279,13.952401,148.384,2400.944,2549.328,0
280,14.002003,182.992,2002.528,2185.520,0
281,14.051584,197.328,1584.000,1781.328,0
282,14.101974,170.944,1973.552,2144.496,0
283,14.151558,159.040,1558.176,1717.216,0
284,14.202042,165.088,2042.288,2207.376,0
285,14.251629,194.912,1628.848,1823.760,0
286,14.302014,138.048,2014.496,2152.544,0
287,14.351618,183.984,1617.920,1801.904,0
288,14.402021,166.064,2021.232,2187.296,0
289,14.451585,182.528,1584.784,1767.312,0
290,14.501985,170.992,1984.976,2155.968,0
291,14.551584,201.600,1584.352,1785.952,0
292,14.602055,170.016,2055.024,2225.040,0
293,14.651635,140.768,1634.720,1775.488,0
294,14.701980,137.024,1979.808,2116.832,0
295,14.751584,217.408,1583.648,1801.056,0
296,14.801999,172.896,1998.528,2171.424,0
297,14.851588,229.904,1587.936,1817.840,0
298,14.901900,137.312,1899.536,2036.848,0
299,14.951569,218.944,1569.472,1788.416,0
===CSV_END===
Statistics sent to li VM via shared memory
Run #25 completed. Waiting for next START command...
Waiting for START command from li VM...
