========================================
Speedometer RT Application (LI mode)
========================================

Configuring real-time environment...

Starting real-time loop (duration: 15s)...
Press Ctrl+C to stop early


========== SPEEDOMETER RT APPLICATION RESULTS ==========

Test Configuration:
  Period: 50.000 ms
  Deadline: 5.000 ms
  RT Priority: 99 (SCHED_FIFO)

Execution Statistics:
  Total cycles: 300
  Deadline misses: 1 (0.333%)

Execution Time (μs):
  Mean: 12.377
  Min: 7.632
  Max: 176.736
  50th percentile: 8.640
  95th percentile: 38.048
  99th percentile: 67.856
  99.9th percentile: 176.736

Jitter (μs):
  Mean: 1696.675
  Min: 1123.088
  Max: 5655.824

Response Time (μs):
  Mean: 1709.052
  Min: 1131.936
  Max: 5664.608
  50th percentile: 1622.192
  95th percentile: 2280.432
  99th percentile: 3304.880
  99.9th percentile: 5664.608

========================================================
===CSV_START===
cycle,timestamp_s,execution_time_us,jitter_us,response_time_us,deadline_miss
1,0.051774,176.736,1773.536,1950.272,0
2,0.101325,10.272,1325.392,1335.664,0
3,0.151900,9.536,1900.064,1909.600,0
4,0.202131,8.816,2131.104,2139.920,0
5,0.251987,9.856,1987.280,1997.136,0
6,0.301320,8.544,1319.536,1328.080,0
7,0.351516,8.240,1516.144,1524.384,0
8,0.401511,8.544,1511.136,1519.680,0
9,0.451509,9.952,1509.328,1519.280,0
10,0.502375,61.392,2374.880,2436.272,0
11,0.551627,10.368,1627.344,1637.712,0
12,0.601483,8.320,1483.456,1491.776,0
13,0.651548,8.736,1547.936,1556.672,0
14,0.701353,8.080,1353.424,1361.504,0
15,0.751715,8.800,1715.024,1723.824,0
16,0.802181,8.432,2180.848,2189.280,0
17,0.851648,8.304,1648.112,1656.416,0
18,0.901335,8.160,1334.800,1342.960,0
19,0.951498,7.888,1498.128,1506.016,0
20,1.001307,7.840,1306.896,1314.736,0
21,1.051617,8.912,1616.560,1625.472,0
22,1.102201,8.048,2201.136,2209.184,0
23,1.151463,8.576,1463.424,1472.000,0
24,1.201603,8.112,1602.992,1611.104,0
25,1.251530,38.048,1530.352,1568.400,0
26,1.301324,8.432,1323.888,1332.320,0
27,1.351558,9.856,1557.728,1567.584,0
28,1.402180,8.992,2180.064,2189.056,0
29,1.451639,9.344,1639.056,1648.400,0
30,1.501576,8.912,1576.096,1585.008,0
31,1.551627,8.960,1627.248,1636.208,0
32,1.601428,8.960,1428.080,1437.040,0
33,1.651305,8.832,1304.528,1313.360,0
34,1.701673,47.216,1672.704,1719.920,0
35,1.751814,9.072,1813.552,1822.624,0
36,1.801734,9.568,1734.112,1743.680,0
37,1.851485,8.208,1485.456,1493.664,0
38,1.901432,8.944,1432.080,1441.024,0
39,1.951750,8.976,1749.728,1758.704,0
40,2.001814,15.536,1814.496,1830.032,0
41,2.052270,11.040,2269.568,2280.608,0
42,2.101614,9.536,1613.648,1623.184,0
43,2.151614,8.992,1613.632,1622.624,0
44,2.201317,8.640,1316.800,1325.440,0
45,2.251737,9.552,1736.512,1746.064,0
46,2.301278,8.176,1278.016,1286.192,0
47,2.351472,8.560,1471.888,1480.448,0
48,2.402154,8.512,2154.304,2162.816,0
49,2.451639,8.320,1638.912,1647.232,0
50,2.501338,8.304,1337.648,1345.952,0
51,2.551659,8.112,1658.704,1666.816,0
52,2.601302,8.608,1302.128,1310.736,0
53,2.651596,8.512,1595.968,1604.480,0
54,2.702272,8.416,2272.016,2280.432,0
55,2.751748,8.464,1747.856,1756.320,0
56,2.801317,8.288,1317.072,1325.360,0
57,2.851684,8.128,1683.968,1692.096,0
58,2.901277,7.712,1277.472,1285.184,0
59,2.951592,8.528,1591.520,1600.048,0
60,3.002190,8.416,2189.664,2198.080,0
61,3.051663,9.664,1662.640,1672.304,0
62,3.101506,9.104,1505.568,1514.672,0
63,3.151691,8.240,1691.264,1699.504,0
64,3.201302,8.640,1301.920,1310.560,0
65,3.251710,8.416,1709.968,1718.384,0
66,3.301621,8.592,1621.008,1629.600,0
67,3.352381,8.368,2380.976,2389.344,0
68,3.401583,9.648,1583.072,1592.720,0
69,3.451594,8.544,1593.680,1602.224,0
70,3.505656,8.784,5655.824,5664.608,1
71,3.551678,45.968,1678.464,1724.432,0
72,3.601640,10.080,1639.760,1649.840,0
73,3.652170,8.704,2169.840,2178.544,0
74,3.701684,42.928,1683.568,1726.496,0
75,3.751526,8.448,1526.336,1534.784,0
76,3.801295,8.096,1295.344,1303.440,0
77,3.851488,9.792,1487.952,1497.744,0
78,3.901501,7.952,1501.024,1508.976,0
79,3.951724,9.232,1724.304,1733.536,0
80,4.002141,8.832,2140.720,2149.552,0
81,4.051594,17.200,1593.776,1610.976,0
82,4.101674,11.520,1673.744,1685.264,0
83,4.151853,9.360,1852.992,1862.352,0
84,4.201330,8.496,1329.952,1338.448,0
85,4.251652,8.928,1651.792,1660.720,0
86,4.302196,8.576,2196.464,2205.040,0
87,4.351610,8.512,1609.888,1618.400,0
88,4.401325,8.336,1324.944,1333.280,0
89,4.451614,8.192,1614.000,1622.192,0
90,4.501285,8.288,1284.896,1293.184,0
91,4.551454,9.360,1453.776,1463.136,0
92,4.601889,9.888,1888.864,1898.752,0
93,4.652234,28.112,2233.680,2261.792,0
94,4.702003,8.960,2002.912,2011.872,0
95,4.751636,8.688,1635.968,1644.656,0
96,4.801333,8.400,1332.720,1341.120,0
97,4.851626,7.936,1626.032,1633.968,0
98,4.901614,8.128,1613.936,1622.064,0
99,4.952189,8.160,2188.720,2196.880,0
100,5.001496,8.640,1496.160,1504.800,0
101,5.051719,8.720,1719.472,1728.192,0
102,5.101477,8.736,1476.880,1485.616,0
103,5.151581,8.256,1580.720,1588.976,0
104,5.201537,67.856,1536.960,1604.816,0
105,5.251659,8.288,1659.168,1667.456,0
106,5.302175,8.160,2175.376,2183.536,0
107,5.351514,8.432,1514.192,1522.624,0
108,5.401342,8.192,1341.824,1350.016,0
109,5.451612,8.112,1612.112,1620.224,0
110,5.501517,9.152,1517.056,1526.208,0
111,5.551708,9.152,1708.080,1717.232,0
112,5.603296,9.168,3295.712,3304.880,0
113,5.651637,8.544,1637.264,1645.808,0
114,5.701281,8.720,1281.008,1289.728,0
115,5.751622,7.872,1622.208,1630.080,0
116,5.801497,9.472,1496.800,1506.272,0
117,5.851636,8.176,1636.304,1644.480,0
118,5.902303,8.368,2303.408,2311.776,0
119,5.952068,16.448,2068.304,2084.752,0
120,6.001517,8.768,1517.376,1526.144,0
121,6.051572,9.680,1571.824,1581.504,0
122,6.101344,12.064,1343.792,1355.856,0
123,6.151597,10.960,1596.784,1607.744,0
124,6.201583,10.080,1582.896,1592.976,0
125,6.252712,9.568,2711.808,2721.376,0
126,6.301600,9.408,1600.000,1609.408,0
127,6.351659,8.480,1658.768,1667.248,0
128,6.401304,8.992,1303.776,1312.768,0
129,6.451635,8.032,1634.576,1642.608,0
130,6.501753,9.072,1752.848,1761.920,0
131,6.552495,8.640,2494.720,2503.360,0
132,6.601743,10.368,1742.656,1753.024,0
133,6.651716,8.448,1716.384,1724.832,0
134,6.701339,8.064,1338.736,1346.800,0
135,6.751666,7.904,1665.712,1673.616,0
136,6.801314,7.904,1313.792,1321.696,0
137,6.851644,8.192,1643.936,1652.128,0
138,6.902210,8.560,2210.032,2218.592,0
139,6.951526,8.320,1525.616,1533.936,0
140,7.001642,8.192,1641.648,1649.840,0
141,7.051638,7.968,1638.064,1646.032,0
142,7.101705,8.592,1705.312,1713.904,0
143,7.151870,9.248,1870.368,1879.616,0
144,7.203133,9.040,3133.488,3142.528,0
145,7.251344,8.640,1343.680,1352.320,0
146,7.301741,15.440,1740.928,1756.368,0
147,7.351602,8.304,1602.368,1610.672,0
148,7.401497,8.688,1497.376,1506.064,0
149,7.451661,9.760,1660.992,1670.752,0
150,7.501601,8.704,1600.672,1609.376,0
151,7.552177,8.240,2177.248,2185.488,0
152,7.601623,8.784,1623.472,1632.256,0
153,7.651874,15.472,1873.712,1889.184,0
154,7.701512,8.560,1511.904,1520.464,0
155,7.751654,8.272,1653.712,1661.984,0
156,7.801819,27.648,1818.944,1846.592,0
157,7.852205,8.240,2204.592,2212.832,0
158,7.901738,8.560,1738.320,1746.880,0
159,7.951591,8.272,1590.960,1599.232,0
160,8.001324,8.208,1323.872,1332.080,0
161,8.051613,7.808,1613.184,1620.992,0
162,8.101514,12.256,1514.192,1526.448,0
163,8.151679,11.264,1678.960,1690.224,0
164,8.202233,33.776,2233.488,2267.264,0
165,8.251671,44.096,1670.576,1714.672,0
166,8.301337,8.624,1336.928,1345.552,0
167,8.351531,48.624,1531.152,1579.776,0
168,8.401503,7.632,1502.944,1510.576,0
169,8.451680,46.992,1679.504,1726.496,0
170,8.501584,8.480,1584.240,1592.720,0
171,8.552233,28.096,2232.656,2260.752,0
172,8.601622,9.344,1621.872,1631.216,0
173,8.651936,8.624,1935.760,1944.384,0
174,8.701504,8.816,1503.888,1512.704,0
175,8.751685,10.864,1685.040,1695.904,0
176,8.801596,8.112,1595.808,1603.920,0
177,8.852187,7.968,2186.912,2194.880,0
178,8.901123,8.848,1123.088,1131.936,0
179,8.951572,10.144,1572.144,1582.288,0
180,9.001438,8.768,1437.984,1446.752,0
181,9.051781,8.048,1780.640,1788.688,0
182,9.101616,10.528,1616.288,1626.816,0
183,9.151613,8.352,1613.488,1621.840,0
184,9.202286,8.144,2285.600,2293.744,0
185,9.251865,8.048,1865.344,1873.392,0
186,9.301753,8.304,1753.392,1761.696,0
187,9.351582,8.000,1582.240,1590.240,0
188,9.401289,7.744,1289.120,1296.864,0
189,9.451591,8.352,1591.456,1599.808,0
190,9.502174,8.160,2174.048,2182.208,0
191,9.551587,8.352,1586.736,1595.088,0
192,9.601513,8.752,1512.992,1521.744,0
193,9.651574,8.352,1573.744,1582.096,0
194,9.701337,8.000,1337.312,1345.312,0
195,9.751480,32.176,1480.016,1512.192,0
196,9.801614,8.224,1614.112,1622.336,0
197,9.852198,8.208,2197.920,2206.128,0
198,9.901589,8.704,1588.752,1597.456,0
199,9.951772,8.976,1772.496,1781.472,0
200,10.001292,8.544,1291.600,1300.144,0
201,10.051579,8.256,1579.328,1587.584,0
202,10.104129,8.496,4129.104,4137.600,0
203,10.151646,13.184,1645.584,1658.768,0
204,10.202186,9.600,2186.288,2195.888,0
205,10.251579,9.840,1579.264,1589.104,0
206,10.301541,8.960,1540.656,1549.616,0
207,10.351499,8.016,1499.168,1507.184,0
208,10.401313,7.744,1313.472,1321.216,0
209,10.451667,8.192,1667.104,1675.296,0
210,10.502129,8.240,2129.488,2137.728,0
211,10.551638,8.224,1638.240,1646.464,0
212,10.601310,8.800,1309.888,1318.688,0
213,10.651640,8.176,1640.112,1648.288,0
214,10.701334,7.936,1334.256,1342.192,0
215,10.751263,9.744,1262.960,1272.704,0
216,10.801665,8.368,1665.072,1673.440,0
217,10.852212,7.840,2211.984,2219.824,0
218,10.901485,8.368,1484.576,1492.944,0
219,10.951507,8.256,1506.976,1515.232,0
220,11.001368,8.976,1367.984,1376.960,0
221,11.051644,7.984,1644.416,1652.400,0
222,11.101476,8.384,1476.432,1484.816,0
223,11.152195,9.104,2195.184,2204.288,0
224,11.201741,9.616,1741.200,1750.816,0
225,11.251667,8.832,1667.120,1675.952,0
226,11.301508,26.608,1508.208,1534.816,0
227,11.351567,9.088,1566.560,1575.648,0
228,11.401142,8.976,1141.872,1150.848,0
229,11.451735,8.464,1735.344,1743.808,0
230,11.502177,8.016,2176.928,2184.944,0
231,11.551574,8.656,1574.496,1583.152,0
232,11.601503,8.368,1502.672,1511.040,0
233,11.651616,8.224,1616.416,1624.640,0
234,11.701330,8.112,1329.888,1338.000,0
235,11.751604,9.584,1604.112,1613.696,0
236,11.802127,8.208,2126.656,2134.864,0
237,11.851577,9.552,1576.656,1586.208,0
238,11.901274,8.352,1274.048,1282.400,0
239,11.951574,9.280,1573.632,1582.912,0
240,12.001331,169.168,1330.848,1500.016,0
241,12.051509,8.320,1509.120,1517.440,0
242,12.102156,8.336,2155.536,2163.872,0
243,12.151319,9.984,1319.296,1329.280,0
244,12.201673,15.360,1673.472,1688.832,0
245,12.251678,13.856,1678.400,1692.256,0
246,12.301340,9.632,1340.496,1350.128,0
247,12.351909,8.720,1909.408,1918.128,0
248,12.401616,8.672,1616.048,1624.720,0
249,12.452426,9.856,2426.144,2436.000,0
250,12.501716,8.272,1716.464,1724.736,0
251,12.551431,14.688,1431.040,1445.728,0
252,12.601418,9.232,1418.144,1427.376,0
253,12.651509,7.744,1508.640,1516.384,0
254,12.701712,8.448,1712.464,1720.912,0
255,12.752210,8.576,2209.712,2218.288,0
256,12.801459,46.224,1458.720,1504.944,0
257,12.851585,9.456,1584.896,1594.352,0
258,12.901713,8.752,1712.912,1721.664,0
259,12.951694,7.904,1694.256,1702.160,0
260,13.001371,47.296,1370.768,1418.064,0
261,13.051536,11.024,1536.000,1547.024,0
262,13.102226,8.224,2225.696,2233.920,0
263,13.151540,10.928,1539.824,1550.752,0
264,13.201510,8.384,1510.096,1518.480,0
265,13.251582,8.128,1582.080,1590.208,0
266,13.301528,8.592,1528.208,1536.800,0
267,13.351536,37.056,1535.664,1572.720,0
268,13.402162,8.272,2162.192,2170.464,0
269,13.451506,8.176,1506.288,1514.464,0
270,13.501349,8.256,1349.280,1357.536,0
271,13.551586,8.432,1586.080,1594.512,0
272,13.601509,8.432,1509.008,1517.440,0
273,13.651603,8.528,1602.512,1611.040,0
274,13.702195,8.256,2195.328,2203.584,0
275,13.751325,10.400,1324.944,1335.344,0
276,13.801603,8.272,1602.976,1611.248,0
277,13.851819,42.304,1818.848,1861.152,0
278,13.901501,8.752,1501.232,1509.984,0
279,13.951677,10.432,1677.344,1687.776,0
280,14.001603,8.208,1602.720,1610.928,0
281,14.052223,8.640,2222.624,2231.264,0
282,14.101584,8.288,1584.048,1592.336,0
283,14.151584,8.848,1583.504,1592.352,0
284,14.201484,11.920,1484.288,1496.208,0
285,14.251670,12.576,1669.888,1682.464,0
286,14.301646,10.944,1646.000,1656.944,0
287,14.352217,8.720,2216.560,2225.280,0
288,14.401611,8.688,1611.168,1619.856,0
289,14.451615,8.096,1615.248,1623.344,0
290,14.501817,9.936,1817.104,1827.040,0
291,14.551595,7.968,1595.056,1603.024,0
292,14.601652,8.176,1652.416,1660.592,0
293,14.651533,41.296,1532.832,1574.128,0
294,14.702369,35.232,2368.640,2403.872,0
295,14.751708,10.752,1707.696,1718.448,0
296,14.801759,8.112,1759.392,1767.504,0
297,14.851498,8.000,1497.664,1505.664,0
298,14.901264,16.304,1264.160,1280.464,0
299,14.951634,8.176,1634.448,1642.624,0
300,15.002312,8.144,2311.776,2319.920,0
===CSV_END===

Speedometer (LI) completed.
===VMSTAT_START===
procs -----------memory---------- ---swap-- -----io---- -system-- ------cpu-----
 r  b   swpd   free   buff  cache   si   so    bi    bo   in   cs us sy id wa st
 2  0      0 139156   4020  35396    0    0    21    10  198  115 54 12 33  1  0
 3  0      0 138972   4020  35396    0    0     0     0  334  209 52  2 47  0  0
 2  0      0 138972   4020  35396    0    0     0     0  331  206 52  1 47  0  0
 2  0      0 138972   4020  35396    0    0     0     0  324  206 51  2 47  0  0
 2  0      0 138972   4028  35396    0    0     0   124  343  226 52  2 46  1  0
 2  0      0 138972   4028  35396    0    0     0     0  331  207 51  2 47  0  0
 2  0      0 138972   4028  35396    0    0     0     0  329  204 52  2 47  0  0
 2  0      0 138972   4028  35396    0    0     0     0  327  206 52  1 47  0  0
 2  0      0 138972   4028  35396    0    0     0     0  332  206 53  1 46  0  0
 2  0      0 138972   4028  35396    0    0     0     0  326  207 52  1 47  0  0
 3  0      0 138972   4028  35396    0    0     0     0  331  211 51  2 47  0  0
 2  0      0 138972   4028  35396    0    0     0     0  332  210 52  2 47  0  0
 2  0      0 138972   4028  35396    0    0     0     0  330  205 51  2 47  0  0
 2  0      0 138972   4028  35396    0    0     0     0  337  210 52  2 46  0  0
 2  0      0 138972   4028  35396    0    0     0     0  331  208 52  2 46  0  0
 3  0      0 138852   4028  35396    0    0     0     0  374  231 54  6 41  0  0
 2  0      0 143904   4028  35396    0    0     0     0  356  198 52  9 40  0  0
===VMSTAT_END===
