HICOM_PING_START run=15
Messages: 2000  |  Payload: 64 B  |  Channel: hicom (HI-only)
Progress: 100/2000 (lost: 0)
Progress: 200/2000 (lost: 0)
Progress: 300/2000 (lost: 0)
Progress: 400/2000 (lost: 0)
Progress: 500/2000 (lost: 0)
Progress: 600/2000 (lost: 0)
Progress: 700/2000 (lost: 0)
Progress: 800/2000 (lost: 0)
Progress: 900/2000 (lost: 0)
WARNING: timeout at seq 911
WARNING: timeout at seq 923
Progress: 1000/2000 (lost: 2)
Progress: 1100/2000 (lost: 2)
Progress: 1200/2000 (lost: 2)
Progress: 1300/2000 (lost: 2)
Progress: 1400/2000 (lost: 2)
Progress: 1500/2000 (lost: 2)
Progress: 1600/2000 (lost: 2)
Progress: 1700/2000 (lost: 2)
Progress: 1800/2000 (lost: 2)
Progress: 1900/2000 (lost: 2)
Progress: 2000/2000 (lost: 2)
========== SHM PING-PONG RESULTS ==========
Messages sent:    2000
Messages lost:    2 (0.100%)
RTL (us):
Mean:   1928.454    Std dev: 748.424
Min:     253.568    Max:     8541.632
P50:    1943.952    P95:     3077.792
P99:    3734.304    P99.9:   5800.000
Throughput: 519 msg/s
============================================
===CSV_START===
Seq,RTT_ns
1,2726976
2,5798304
3,2870736
4,2996848
5,4029088
6,2682288
7,2200624
8,1573952
9,1652176
10,1555280
11,1852880
12,2024960
13,3003008
14,4011488
15,4079568
16,4210080
17,3598176
18,5800000
19,2250128
20,2570112
21,2357200
22,1891776
23,1664976
24,1770560
25,1766144
26,361312
27,2038752
28,1967408
29,1949408
30,2725680
31,3704304
32,2008640
33,1851504
34,1784768
35,1885184
36,2199472
37,1800224
38,1681664
39,1895312
40,1805808
41,2314992
42,1159936
43,2249632
44,1931536
45,1894272
46,3144144
47,2154432
48,1731712
49,1741760
50,1931968
51,3502992
52,1729968
53,1814048
54,1919968
55,1876400
56,329632
57,2646240
58,1830432
59,338064
60,1652864
61,1671984
62,2163504
63,1667408
64,1833280
65,356480
66,2484880
67,2321248
68,1945008
69,1738448
70,1963568
71,1932576
72,1784800
73,2140912
74,1848192
75,2904864
76,1762864
77,544576
78,1518992
79,341200
80,2761488
81,3047680
82,1859696
83,2619536
84,3115168
85,357696
86,1777184
87,2330864
88,3434784
89,1865904
90,2123728
91,1740720
92,1681088
93,321504
94,3255872
95,1882256
96,581392
97,1980304
98,1949216
99,1818464
100,1903152
101,2784368
102,2270224
103,1931776
104,1980224
105,1743616
106,1956496
107,1806800
108,324704
109,2329840
110,2374608
111,408880
112,2208688
113,2061120
114,1697696
115,1816880
116,2076608
117,2254864
118,1786000
119,1823872
120,1967968
121,1846800
122,1999536
123,1746432
124,2155504
125,2190448
126,1863808
127,294752
128,1953440
129,1988816
130,2045248
131,335984
132,2874768
133,1999680
134,1888080
135,2217744
136,1799728
137,1230512
138,1898976
139,1950000
140,1717168
141,1842960
142,1944576
143,2822496
144,2259856
145,2140336
146,3620336
147,1945456
148,1737360
149,2397200
150,2565088
151,1871168
152,2037792
153,2075776
154,1715280
155,2104080
156,341536
157,3077664
158,2007040
159,1713472
160,1638144
161,1563952
162,1863872
163,2228416
164,2355840
165,1785168
166,1043216
167,2077056
168,1638752
169,1826064
170,2330288
171,1957504
172,3181376
173,2047792
174,1798208
175,2227664
176,1648864
177,1689680
178,370592
179,2990320
180,1770928
181,1674336
182,1943296
183,467584
184,1888224
185,1815200
186,1736960
187,1704000
188,1832224
189,1686144
190,1849392
191,1833088
192,1873440
193,1941696
194,1638096
195,1796768
196,1907328
197,2321888
198,1750752
199,2850080
200,1918032
201,1900560
202,982944
203,1881056
204,1769488
205,2104976
206,2155344
207,1925920
208,2420816
209,2253632
210,2149072
211,2220384
212,1757456
213,2931936
214,2137776
215,1736784
216,342192
217,2429072
218,471392
219,1881552
220,1943088
221,1656896
222,398656
223,2146144
224,1869344
225,2062272
226,2726784
227,2446912
228,2045856
229,2718560
230,2257856
231,2274864
232,1822048
233,1860288
234,283472
235,2759648
236,1872368
237,1886544
238,1710464
239,1833568
240,1922048
241,2352720
242,1666432
243,1868832
244,1867632
245,1922192
246,1860480
247,1727568
248,1849168
249,1913712
250,2765936
251,2214688
252,2001456
253,1671760
254,1847488
255,1877696
256,1827504
257,1803792
258,1752624
259,1629232
260,2062384
261,1727168
262,1837760
263,1795456
264,1696016
265,1868080
266,4062032
267,1935696
268,370448
269,2912240
270,1748416
271,1827600
272,1800768
273,1945296
274,2472272
275,1962336
276,2117328
277,330816
278,1515312
279,2763216
280,1758672
281,456448
282,1948352
283,2986800
284,1839024
285,1983072
286,1765184
287,2025168
288,1992688
289,1740176
290,355040
291,2629632
292,2330800
293,2154640
294,1985264
295,1963904
296,2064368
297,1720416
298,2461600
299,1716080
300,1866448
301,279568
302,3930864
303,1932352
304,398032
305,2653792
306,2284656
307,2137552
308,330160
309,2775296
310,3705520
311,2338800
312,1931936
313,3483008
314,1834720
315,1971072
316,1652944
317,1913712
318,1824336
319,2043744
320,375872
321,2978256
322,1872256
323,1720720
324,1974896
325,594336
326,1692752
327,1756704
328,1733328
329,294464
330,2558144
331,2213008
332,2088848
333,1632064
334,1978544
335,2061840
336,1794688
337,2815216
338,1778448
339,3209104
340,2691744
341,2099424
342,1784544
343,1655376
344,1736368
345,1792528
346,2159360
347,3797408
348,1752672
349,1588720
350,1639952
351,2252416
352,2198288
353,1754016
354,1658784
355,1667872
356,378704
357,2480896
358,3682496
359,298976
360,1654672
361,3170656
362,2671952
363,3358096
364,2366432
365,476480
366,1820320
367,1629264
368,2031216
369,295296
370,2332528
371,2957584
372,1863088
373,1356688
374,1766624
375,3419136
376,2012768
377,1982032
378,1927408
379,1592544
380,264544
381,1634672
382,1677904
383,1656224
384,1783568
385,1762096
386,1934512
387,1832816
388,1898256
389,3068192
390,348288
391,1622656
392,1897568
393,407376
394,2811520
395,2411216
396,1681808
397,1673664
398,2289840
399,1957840
400,1658608
401,2163456
402,1758048
403,1995792
404,1559568
405,1931824
406,1822384
407,540048
408,1904752
409,2232704
410,1689664
411,2321808
412,2337056
413,2305440
414,3354912
415,369824
416,2309904
417,2734880
418,2176960
419,1843104
420,1765248
421,1748128
422,1799568
423,1679712
424,1929696
425,1778048
426,1869104
427,288496
428,2883568
429,1725568
430,2076960
431,2019392
432,406576
433,1801008
434,1002416
435,1788128
436,2218256
437,1681152
438,1905760
439,2347232
440,2241760
441,1657968
442,2033872
443,1950864
444,1708576
445,338848
446,2403280
447,2312768
448,2313600
449,2809552
450,1911024
451,2269184
452,1682752
453,2074112
454,1787376
455,1946960
456,1780608
457,1817264
458,337728
459,2560688
460,1914544
461,2032672
462,1749968
463,5452528
464,2298656
465,2190528
466,2107136
467,2184560
468,513824
469,2062800
470,2976544
471,1904656
472,2124288
473,363488
474,1122032
475,1596592
476,1699104
477,1965088
478,383488
479,2460288
480,2399424
481,2524832
482,2173632
483,1774400
484,1091584
485,2012416
486,1526528
487,1921424
488,1810224
489,1910336
490,1597456
491,1679392
492,1688704
493,1903952
494,407600
495,2491056
496,2439712
497,1893008
498,1640864
499,1943952
500,1819088
501,1950336
502,1874544
503,1841600
504,1801600
505,1812688
506,1964704
507,2176544
508,1954304
509,1829472
510,1687488
511,1596976
512,1809392
513,1883440
514,506464
515,1761712
516,957104
517,1981312
518,1702192
519,2013808
520,1708432
521,1796304
522,321600
523,3250944
524,2275040
525,1518832
526,3143760
527,1789456
528,1922784
529,1696560
530,1898736
531,1798496
532,2033856
533,1665184
534,262496
535,1728016
536,1847584
537,1805520
538,1730928
539,423728
540,1753328
541,969824
542,2130048
543,1730560
544,1845840
545,3347536
546,1844528
547,2002864
548,2222720
549,1743376
550,1692224
551,2038064
552,1875520
553,2014256
554,2873104
555,1634464
556,349024
557,2015632
558,1949840
559,334448
560,1502240
561,3030448
562,1956640
563,524352
564,1872880
565,2620000
566,1898896
567,2027328
568,1736368
569,1926960
570,1701424
571,1923248
572,1803232
573,1942528
574,1759536
575,2002016
576,1761552
577,2141040
578,1834432
579,1895248
580,1692848
581,503168
582,1689792
583,2637696
584,2289920
585,1999888
586,1828160
587,1702144
588,1899312
589,2169712
590,355984
591,497216
592,1836496
593,3019024
594,1896128
595,2037136
596,448896
597,1598864
598,1985616
599,1820800
600,1807552
601,2637424
602,2259472
603,1867072
604,1874128
605,1733024
606,1848912
607,1823456
608,1816432
609,1571696
610,1732528
611,1968352
612,1886912
613,526336
614,1854240
615,3182704
616,1793648
617,1862752
618,2350384
619,1736784
620,848112
621,1735920
622,1727440
623,1775840
624,2197392
625,2006240
626,3201680
627,2414512
628,1981136
629,1862896
630,1619616
631,326848
632,1603856
633,1632640
634,1622720
635,1774160
636,1813808
637,1727280
638,1901616
639,2077552
640,1378912
641,482288
642,2767664
643,1871504
644,1873376
645,2040096
646,1646400
647,1964096
648,1645872
649,1619312
650,2367344
651,568048
652,1839344
653,2512624
654,1606912
655,2075936
656,328960
657,2558864
658,2315424
659,1799600
660,1642224
661,1849136
662,1776992
663,1936208
664,2120496
665,2094640
666,305840
667,2715360
668,1739648
669,2226064
670,1864992
671,1994608
672,1325280
673,1883952
674,354624
675,1000848
676,2197552
677,1695344
678,1745440
679,1813712
680,2114800
681,2236400
682,1844736
683,2498480
684,2348752
685,1998304
686,296688
687,2665520
688,372032
689,1778512
690,381632
691,1503376
692,1067088
693,1890512
694,1686112
695,2134384
696,340544
697,2906944
698,3491728
699,1796240
700,1985520
701,1908352
702,1726960
703,3275728
704,1657744
705,2297040
706,1698960
707,1791008
708,1687168
709,1929504
710,1900416
711,1891600
712,1749392
713,1696848
714,1560624
715,1828272
716,1757552
717,2193872
718,1648736
719,1994064
720,1628464
721,2207600
722,1829504
723,2096288
724,1938688
725,1822784
726,2747728
727,317088
728,3272880
729,294032
730,3618560
731,1822912
732,1987872
733,2135808
734,1650704
735,1778016
736,1865648
737,1634848
738,2105712
739,325808
740,2490608
741,2462496
742,2277120
743,325840
744,2623408
745,2190304
746,1999888
747,1769712
748,1682608
749,1792208
750,1887856
751,1690960
752,1911904
753,1632368
754,2066960
755,406576
756,2729072
757,2287264
758,474064
759,1835584
760,1007248
761,1800528
762,1635632
763,2009760
764,1663744
765,1810752
766,1632992
767,2122624
768,1915536
769,1779072
770,1925024
771,1910768
772,303520
773,2534752
774,2286880
775,1829824
776,1914512
777,2038480
778,1752640
779,2032720
780,1731120
781,1887776
782,1682448
783,1839376
784,1963824
785,1755792
786,1805168
787,1788608
788,1731520
789,1996752
790,309056
791,1919232
792,2152912
793,1718080
794,1836912
795,4003184
796,1825680
797,2109040
798,1946240
799,1043456
800,1755264
801,1166144
802,1780192
803,1874096
804,1904560
805,2437664
806,1733456
807,305872
808,1849008
809,2302432
810,1797712
811,1199360
812,2087808
813,279552
814,338432
815,1737392
816,1881728
817,1682400
818,1794528
819,1995264
820,2094352
821,1883680
822,2721840
823,1768944
824,2150864
825,1584224
826,2415344
827,1930208
828,362464
829,1774016
830,2383968
831,2085952
832,1976256
833,2773520
834,2848736
835,1658400
836,2793888
837,1755680
838,350480
839,1902160
840,1644688
841,1975264
842,1677632
843,1584976
844,362768
845,2657968
846,1970416
847,469440
848,2078240
849,2880528
850,3617440
851,2033760
852,2272432
853,1679424
854,2130944
855,322448
856,2858880
857,1763920
858,1917376
859,1675296
860,2142544
861,353376
862,1666880
863,1811520
864,1651808
865,1692336
866,1767664
867,1542912
868,1695120
869,1875920
870,1712016
871,1680800
872,2344080
873,3385360
874,446352
875,1918544
876,2073152
877,321248
878,2499504
879,2019424
880,1768816
881,528992
882,1843104
883,2105088
884,1638496
885,1706016
886,2229504
887,2323056
888,1579520
889,3658016
890,1791328
891,1753040
892,1965728
893,2759808
894,1939984
895,2023856
896,1598320
897,1612208
898,2285888
899,511280
900,1483440
901,1100688
902,2059728
903,3037392
904,2226992
905,1864448
906,284464
907,2424240
908,2062576
909,2039888
910,3393344
911,2154480
912,1078720
913,1649664
914,1888864
915,1907824
916,1793248
917,4133504
918,1754288
919,1963152
920,1809936
921,2526288
922,2460880
923,2288144
924,1941376
925,1827328
926,1857424
927,1613664
928,1932064
929,361616
930,1293328
931,1886448
932,3960592
933,2894288
934,2388208
935,1720736
936,319472
937,2691360
938,3734304
939,2660256
940,1940960
941,353040
942,2564832
943,1761680
944,1658496
945,1528224
946,2206048
947,1721728
948,468240
949,1709424
950,1136048
951,1735856
952,1585200
953,2180880
954,1809760
955,1999888
956,1899136
957,1596096
958,1661664
959,2134224
960,1257616
961,1967232
962,1949328
963,1631168
964,1726272
965,438656
966,1791184
967,2522704
968,2495792
969,2133312
970,2411360
971,1614272
972,1126080
973,1805424
974,399104
975,2674544
976,1952400
977,1892400
978,1787376
979,2217104
980,1922672
981,1771536
982,1576832
983,388688
984,1992320
985,2104912
986,1746080
987,1827440
988,3629488
989,1843504
990,1906592
991,2309616
992,1956928
993,1606864
994,2558800
995,2612592
996,1928464
997,446688
998,1780976
999,1889408
1000,1881376
1001,2460576
1002,313664
1003,1988544
1004,1705232
1005,270672
1006,2108256
1007,1117088
1008,1984608
1009,495024
1010,1191360
1011,2014016
1012,2785120
1013,1907456
1014,1643008
1015,2233824
1016,2198432
1017,2114704
1018,1737936
1019,1236768
1020,1904400
1021,1992672
1022,1667280
1023,373968
1024,2740848
1025,1818912
1026,2144528
1027,337008
1028,2650816
1029,2296640
1030,1886176
1031,3102016
1032,2042992
1033,1964256
1034,480032
1035,1187584
1036,1878416
1037,2273888
1038,424784
1039,2339200
1040,2310704
1041,3077792
1042,2000704
1043,2092816
1044,3533600
1045,518304
1046,3023408
1047,2313168
1048,1940080
1049,1396320
1050,2338800
1051,502464
1052,2272368
1053,2435648
1054,384336
1055,595584
1056,1990944
1057,3084240
1058,474336
1059,1253072
1060,2013056
1061,1226416
1062,1890128
1063,1911664
1064,1968752
1065,1269408
1066,2308576
1067,2887488
1068,2979616
1069,3523712
1070,2815184
1071,2553984
1072,1308096
1073,2034928
1074,3137152
1075,2050960
1076,1906784
1077,2633968
1078,403280
1079,2054144
1080,1929424
1081,1338432
1082,2162288
1083,1340832
1084,1852992
1085,1876240
1086,2083088
1087,1387728
1088,1997392
1089,1090992
1090,2016240
1091,2847472
1092,2069584
1093,2204992
1094,3064176
1095,2049904
1096,1842480
1097,399408
1098,1997776
1099,2118240
1100,1814816
1101,2134656
1102,2420240
1103,1191264
1104,2260464
1105,1240160
1106,2160688
1107,2674768
1108,2053840
1109,2305552
1110,2829696
1111,477072
1112,2158160
1113,1886624
1114,1291872
1115,2280960
1116,2962208
1117,2032272
1118,546032
1119,2630656
1120,2078480
1121,432672
1122,1306000
1123,2011248
1124,1084432
1125,1918992
1126,2850592
1127,2737312
1128,2129376
1129,1264864
1130,422640
1131,2883600
1132,1915760
1133,2046720
1134,2192592
1135,2169888
1136,472384
1137,3150608
1138,2052288
1139,2137104
1140,2865312
1141,547440
1142,1429440
1143,2261840
1144,3057392
1145,2046880
1146,2016416
1147,2892944
1148,1987200
1149,2164032
1150,370080
1151,1181648
1152,2459552
1153,2750416
1154,1982960
1155,2148832
1156,1992960
1157,471504
1158,2708736
1159,501232
1160,2753888
1161,2061472
1162,2397120
1163,1820096
1164,2096688
1165,2058496
1166,1818992
1167,367152
1168,2093376
1169,462832
1170,1523984
1171,1941440
1172,1189680
1173,2663424
1174,2139280
1175,2208720
1176,2027984
1177,2631024
1178,2395408
1179,1991760
1180,2857856
1181,2274048
1182,2112048
1183,1350256
1184,2552800
1185,2940512
1186,2175120
1187,1986080
1188,2986416
1189,1914608
1190,2090864
1191,1934352
1192,1926544
1193,3089952
1194,2436768
1195,2815904
1196,3001440
1197,2436064
1198,1277536
1199,536912
1200,2684640
1201,2182560
1202,2554864
1203,2759360
1204,2083760
1205,3220464
1206,2167920
1207,2158720
1208,1179600
1209,462640
1210,1717664
1211,1135296
1212,2370624
1213,1026960
1214,1869760
1215,1989664
1216,487024
1217,2611808
1218,1937328
1219,1993840
1220,2103440
1221,1501424
1222,2032176
1223,3001520
1224,472816
1225,3137408
1226,2036976
1227,2367024
1228,1254320
1229,2346560
1230,1219520
1231,2332496
1232,1266384
1233,1955072
1234,1800672
1235,2188880
1236,2261776
1237,2639136
1238,2436880
1239,1941696
1240,2238576
1241,2052816
1242,2741648
1243,343808
1244,1677680
1245,2058672
1246,1190160
1247,1963632
1248,2130016
1249,2955872
1250,1992144
1251,1877728
1252,1737088
1253,1966032
1254,1837680
1255,394032
1256,2116128
1257,2117600
1258,2078384
1259,3008256
1260,2009072
1261,2052704
1262,1169488
1263,2079408
1264,1868720
1265,2006800
1266,3179312
1267,290272
1268,3253136
1269,1990304
1270,624144
1271,1929024
1272,2009616
1273,413904
1274,2702000
1275,357184
1276,3229584
1277,412928
1278,1339104
1279,1976496
1280,2170400
1281,1996336
1282,3032336
1283,2448032
1284,431152
1285,2239744
1286,1984368
1287,2170208
1288,2047728
1289,3089984
1290,2083360
1291,2389792
1292,2340016
1293,1793888
1294,2267648
1295,1973776
1296,2053920
1297,2430352
1298,3048352
1299,2061152
1300,2238688
1301,546960
1302,1970464
1303,2823600
1304,2588352
1305,3038960
1306,2064064
1307,2119888
1308,2041424
1309,2008288
1310,524080
1311,1383088
1312,1810752
1313,2245552
1314,2964992
1315,2268960
1316,1286048
1317,2018528
1318,1945200
1319,2075680
1320,1205872
1321,2656208
1322,2460272
1323,3055520
1324,2836560
1325,1740528
1326,3208736
1327,2192768
1328,3087184
1329,2429680
1330,1362160
1331,547136
1332,2774752
1333,2424544
1334,2298448
1335,1845792
1336,468064
1337,2533968
1338,635248
1339,1779584
1340,1224560
1341,1991152
1342,3008128
1343,1954928
1344,2073872
1345,2398256
1346,1740656
1347,1276512
1348,2202848
1349,1336368
1350,2018960
1351,3331808
1352,2667904
1353,1832976
1354,2007568
1355,1876304
1356,592544
1357,2896464
1358,449344
1359,1664416
1360,2212736
1361,416144
1362,1102320
1363,2125024
1364,3121232
1365,2081232
1366,2320640
1367,1141984
1368,2140128
1369,2039104
1370,1881952
1371,2865488
1372,418080
1373,1941168
1374,2006704
1375,3702736
1376,3095824
1377,2223840
1378,2272880
1379,2186192
1380,2148656
1381,1760208
1382,3099216
1383,2377552
1384,2007920
1385,3002592
1386,2070912
1387,3193696
1388,2019584
1389,1929344
1390,452256
1391,2756496
1392,1917856
1393,1969664
1394,2178784
1395,1215648
1396,2424304
1397,1043808
1398,2062864
1399,3033536
1400,2088720
1401,2269264
1402,3377792
1403,1207792
1404,2753440
1405,1888752
1406,361472
1407,1544464
1408,1927472
1409,359056
1410,2299952
1411,356384
1412,2730304
1413,2105792
1414,2119712
1415,1211696
1416,2267680
1417,1694224
1418,524208
1419,2060592
1420,1917680
1421,2530480
1422,2116000
1423,1311696
1424,2103888
1425,1168048
1426,2446528
1427,1058576
1428,1827744
1429,2835360
1430,2827664
1431,2161136
1432,1276848
1433,2138976
1434,2760528
1435,2201424
1436,2166544
1437,413968
1438,1894416
1439,2195024
1440,2125088
1441,490192
1442,2003088
1443,1120912
1444,2202864
1445,1285120
1446,2276400
1447,1220864
1448,480608
1449,3131872
1450,537472
1451,2458128
1452,570752
1453,2077568
1454,1879888
1455,2288528
1456,545664
1457,2755952
1458,2042480
1459,1361776
1460,2340128
1461,2772448
1462,468160
1463,3058480
1464,527264
1465,2864176
1466,428208
1467,3430784
1468,2190288
1469,2281024
1470,2322848
1471,1785520
1472,629376
1473,2668048
1474,2126080
1475,3219008
1476,1934544
1477,2080672
1478,452896
1479,1866912
1480,442272
1481,3290928
1482,1837120
1483,532992
1484,2723760
1485,1838592
1486,2360320
1487,2117824
1488,2341728
1489,1512768
1490,731328
1491,2800816
1492,2431840
1493,1196480
1494,1983216
1495,3110896
1496,2146672
1497,1975392
1498,1799392
1499,2059984
1500,1297760
1501,1863456
1502,413712
1503,2229264
1504,383072
1505,3633104
1506,1382960
1507,2083872
1508,2817280
1509,2623552
1510,2062176
1511,3626720
1512,1210816
1513,1864656
1514,2841104
1515,3061728
1516,1903664
1517,1211600
1518,2015424
1519,2401184
1520,457552
1521,2807712
1522,2012704
1523,2646592
1524,1989568
1525,2346832
1526,3019280
1527,2571872
1528,516288
1529,1670080
1530,2271264
1531,2085104
1532,541536
1533,2209680
1534,2039072
1535,2874112
1536,462032
1537,2142976
1538,537616
1539,2100160
1540,1885648
1541,1987824
1542,2031824
1543,2152976
1544,1859824
1545,1188464
1546,1934832
1547,2867168
1548,2670288
1549,480832
1550,2668336
1551,2446992
1552,1150224
1553,414464
1554,2639360
1555,2186112
1556,362896
1557,3573648
1558,3004480
1559,2150800
1560,2007872
1561,3258208
1562,1623184
1563,1988368
1564,3484992
1565,1982336
1566,2044064
1567,1114576
1568,2305104
1569,3208608
1570,1931824
1571,2187168
1572,3038528
1573,1960672
1574,2073280
1575,1995392
1576,2184848
1577,2870544
1578,2031152
1579,1964480
1580,1687680
1581,1980176
1582,3148304
1583,2110752
1584,673152
1585,2935712
1586,2049744
1587,1266480
1588,589040
1589,2945424
1590,2186752
1591,3006736
1592,2251840
1593,2144304
1594,2985264
1595,2611232
1596,2883520
1597,2238800
1598,1693072
1599,1979072
1600,1124304
1601,2322192
1602,2644208
1603,2020016
1604,2082768
1605,1918976
1606,2056960
1607,1188064
1608,2238528
1609,2677472
1610,3009072
1611,2618320
1612,452704
1613,2446448
1614,2195136
1615,1818144
1616,2364128
1617,2689392
1618,2341648
1619,2414416
1620,2019520
1621,2158384
1622,1928480
1623,1540944
1624,2279968
1625,3150448
1626,2260288
1627,2130192
1628,2111904
1629,2023344
1630,2157936
1631,3075456
1632,1907648
1633,2164208
1634,3157920
1635,2409456
1636,2068576
1637,2758304
1638,2208208
1639,1860352
1640,1738960
1641,2187680
1642,1201584
1643,2182912
1644,1135712
1645,2315024
1646,1146656
1647,2041104
1648,1838800
1649,2211120
1650,2020208
1651,1917104
1652,1772592
1653,2232544
1654,2038832
1655,1101376
1656,2231936
1657,1519568
1658,1873920
1659,1851664
1660,2142016
1661,1151040
1662,554384
1663,1933936
1664,2244416
1665,517504
1666,1283792
1667,2228224
1668,2607824
1669,2218800
1670,2121312
1671,2843296
1672,2191888
1673,2588368
1674,3013056
1675,495600
1676,2994000
1677,2627952
1678,2069264
1679,2729728
1680,2288336
1681,2340448
1682,2126864
1683,2142016
1684,2195568
1685,2961168
1686,2008240
1687,488752
1688,2580048
1689,2024608
1690,1998832
1691,2189280
1692,2900368
1693,396592
1694,2916672
1695,2146608
1696,1882640
1697,1963024
1698,2042976
1699,1376208
1700,373216
1701,2911040
1702,2541424
1703,2187168
1704,2256512
1705,3011264
1706,1969584
1707,2597712
1708,2927136
1709,2200624
1710,1385872
1711,2006672
1712,1355648
1713,2128752
1714,1278128
1715,2096160
1716,2935632
1717,2045424
1718,2179024
1719,2191616
1720,2956704
1721,2214624
1722,1985376
1723,1816960
1724,3101760
1725,2194176
1726,608896
1727,2668400
1728,2339760
1729,1153968
1730,1929920
1731,2395904
1732,417664
1733,2114240
1734,2080048
1735,2193344
1736,2055200
1737,2969712
1738,473312
1739,1264256
1740,2047408
1741,1233296
1742,1934768
1743,2031536
1744,2200528
1745,3223376
1746,1994400
1747,489200
1748,2130480
1749,2021984
1750,464304
1751,3136336
1752,575168
1753,2187360
1754,2901760
1755,2805024
1756,2353904
1757,2245616
1758,3185328
1759,2135248
1760,2245328
1761,3043504
1762,2213776
1763,2024960
1764,2087328
1765,2189888
1766,2077600
1767,1280272
1768,2132256
1769,2691520
1770,2369600
1771,2030816
1772,2281120
1773,1815824
1774,1010112
1775,2049232
1776,2899296
1777,2964080
1778,1880464
1779,1299472
1780,2032896
1781,1865824
1782,2174576
1783,2361200
1784,1880192
1785,434640
1786,2990176
1787,2038832
1788,2842704
1789,1958304
1790,2306064
1791,2657648
1792,2816256
1793,2280080
1794,1264816
1795,1910352
1796,1972864
1797,2130016
1798,3563904
1799,5164848
1800,3281648
1801,3245952
1802,4330592
1803,4692464
1804,935120
1805,2486096
1806,1484352
1807,1766704
1808,2003952
1809,1728560
1810,1957312
1811,1921520
1812,253568
1813,3896944
1814,2331376
1815,2623120
1816,8541632
1817,2469312
1818,1789168
1819,2823104
1820,1791264
1821,2244736
1822,2116736
1823,377008
1824,1674304
1825,3027424
1826,1801872
1827,1701360
1828,1891184
1829,2044496
1830,1750736
1831,1682256
1832,3378368
1833,1882416
1834,2029584
1835,1832896
1836,1902336
1837,413200
1838,1055968
1839,2031184
1840,1723392
1841,3703568
1842,476096
1843,1986896
1844,2125616
1845,1948432
1846,1832272
1847,1607232
1848,2032272
1849,384352
1850,2095488
1851,1536224
1852,476464
1853,2219264
1854,2065504
1855,1791408
1856,531440
1857,1826656
1858,3043792
1859,1995104
1860,2113984
1861,323120
1862,2724688
1863,1811840
1864,1691312
1865,2209104
1866,1955376
1867,1939536
1868,1625856
1869,3502928
1870,3572416
1871,2288352
1872,1670992
1873,1775872
1874,1936816
1875,1518560
1876,2009120
1877,2183728
1878,1841376
1879,2490944
1880,361024
1881,1682160
1882,1956016
1883,1710864
1884,1843840
1885,3366064
1886,1766944
1887,1772576
1888,1726752
1889,400752
1890,1995664
1891,2588192
1892,2470352
1893,2034320
1894,1756544
1895,1866672
1896,1673360
1897,488096
1898,1615984
1899,2228112
1900,957280
1901,2000096
1902,1714432
1903,2119920
1904,1996224
1905,1573776
1906,1829712
1907,1697680
1908,1669344
1909,1852176
1910,314976
1911,2800944
1912,1678400
1913,1936720
1914,1786672
1915,1968656
1916,306000
1917,1795264
1918,1979440
1919,1550752
1920,2135680
1921,397216
1922,3819936
1923,1847664
1924,1805184
1925,1878656
1926,432992
1927,1648016
1928,1705104
1929,1535264
1930,2379280
1931,1740064
1932,1614784
1933,1896096
1934,1736224
1935,1819760
1936,1795248
1937,1820560
1938,2071856
1939,2896800
1940,335184
1941,1525872
1942,632992
1943,1483840
1944,1966256
1945,1910800
1946,3055104
1947,1887312
1948,1924128
1949,1763392
1950,1763136
1951,365760
1952,1625920
1953,1967280
1954,286752
1955,2666752
1956,1697712
1957,291856
1958,1933824
1959,294272
1960,2667808
1961,2283760
1962,1915264
1963,1582608
1964,1990672
1965,1633824
1966,1983216
1967,1818064
1968,1691408
1969,1676288
1970,2153584
1971,1817296
1972,1549008
1973,1643296
1974,400448
1975,1643008
1976,263408
1977,2030784
1978,2056128
1979,1680368
1980,1669680
1981,1794416
1982,1608256
1983,2212688
1984,333856
1985,2679456
1986,1890176
1987,2009456
1988,2220080
1989,1992208
1990,2339008
1991,406272
1992,2235312
1993,1654400
1994,1712512
1995,2154480
1996,1829696
1997,1947936
1998,1726784
===CSV_END===
HICOM_PING_DONE run=15
