========================================
Signal Sender Workload (Synchronized)
========================================
Initializing shared memory...
Waiting for speedometer to register...
Found speedometer in shared memory!
Sending START command to speedometer: START: 15;5;20

Running workload signal period for 15 seconds...

Workload signal period completed.
Sending STOP command to speedometer...
Waiting for statistics from speedometer...

Stress workload terminated.
===VMSTAT_START===
procs -----------memory---------- ---swap-- -----io---- -system-- ------cpu-----
 r  b   swpd   free   buff  cache   si   so    bi    bo   in   cs us sy id wa st
 9  0      0 127200  21700  33564    0    0    18    44  539  719 11 85  2  2  0
 9  0      0 127200  21700  33568    0    0     0     0 1217 1682  7 93  0  0  0
 8  1      0 127200  21700  33568    0    0     0     0 1208 1709  7 93  0  0  0
 8  0      0 127200  21700  33568    0    0     0     0 1209 1740  4 96  0  0  0
 8  0      0 127200  21700  33568    0    0     0     0 1245 1718  9 91  0  0  0
 9  0      0 127200  21700  33568    0    0     0     0 1216 1744  8 92  0  0  0
 9  0      0 127200  21700  33568    0    0     0     0 1232 1643  6 94  0  0  0
 9  0      0 127200  21700  33568    0    0     0     0 1227 1702  7 92  0  1  0
 8  0      0 127200  21700  33568    0    0     0     0 1244 1723  6 94  0  1  0
 8  0      0 127200  21700  33568    0    0     0     0 1231 1759  8 92  0  0  0
 9  0      0 127200  21700  33568    0    0     0     0 1237 1812  7 93  0  0  0
 8  0      0 127200  21700  33568    0    0     0     0 1251 1735  5 96  0  0  0
 8  0      0 127200  21700  33568    0    0     0     0 1248 1738  6 94  0  1  0
 8  0      0 127200  21700  33568    0    0     0     0 1249 1744  5 94  0  1  0
 8  0      0 127200  21700  33568    0    0     0     0 1249 1772  7 93  0  0  0
 9  0      0 127200  21700  33568    0    0     0     0 1139 1561  6 91  0  3  0
 6  4      0 127200  21700  33568    0    0     0     0  736  780  5 88  0  8  0
===VMSTAT_END===
========== SPEEDOMETER RT APPLICATION RESULTS ==========
Test Configuration:
Period: 50.000 ms
Deadline: 5.000 ms
RT Priority: 99 (SCHED_FIFO)
Execution Statistics:
Total cycles: 298
Deadline misses: 2 (0.671%)
Execution Time (μs):
Mean: 200.196
Min: 129.520
Max: 1296.384
50th percentile: 182.320
95th percentile: 320.432
99th percentile: 418.864
99.9th percentile: 1296.384
Jitter (μs):
Mean: 2207.703
Min: 1179.616
Max: 5905.744
Response Time (μs):
Mean: 2407.899
Min: 1412.000
Max: 6085.344
50th percentile: 1945.840
95th percentile: 3868.816
99th percentile: 4805.072
99.9th percentile: 6085.344
========================================================
[  812.531872] SDK:handler_do_el0_svc_pre: syscall __NR_futex (98) is not allowed
[  813.105130] SDK:handler_do_el0_svc_pre: syscall __NR_munmap (215) is not allowed
[  813.114101] SDK:handler_do_el0_svc_pre: syscall __NR_wait4 (260) is not allowed
[  813.123964] SDK:handler_do_el0_svc_pre: syscall __NR_munmap (215) is not allowed
[  813.133324] SDK:handler_do_el0_svc_pre: syscall __NR_rt_sigprocmask (135) is not allowed
[  813.141982] SDK:handler_do_el0_svc_pre: syscall __NR_futex (98) is not allowed
[  813.152728] SDK:handler_do_el0_svc_pre: syscall __NR_exit (93) is not allowed
[  813.153588] SDK:handler_do_el0_svc_pre: syscall __NR_futex (98) is not allowed
[  813.170172] SDK:handler_do_el0_svc_pre: syscall __NR_munmap (215) is not allowed
===VMSTAT_START===
procs -----------memory---------- ---swap-- -----io---- -system-- ------cpu-----
r  b   swpd   free   buff  cache   si   so    bi    bo   in   cs us sy id wa st
0  0      0  68656    512   9820    0    0     0     0   61   60  1  5 94  0  0
0  0      0  68592    512   9820    0    0     0     0   55   60  1  2 97  0  0
0  0      0  68592    512   9820    0    0     0     0   53   53  0  2 98  0  0
0  0      0  68592    512   9820    0    0     0     0   62   63  1  2 97  0  0
0  0      0  68592    512   9820    0    0     0     0   55   57  1  2 98  0  0
0  0      0  68592    512   9820    0    0     0     0   51   57  0  3 97  0  0
0  0      0  68592    512   9820    0    0     0     0   54   58  1  2 98  0  0
0  0      0  68592    512   9820    0    0     0     0   53   60  1  2 97  0  0
0  0      0  68592    512   9820    0    0     0     0   50   54  1  2 98  0  0
1  0      0  68592    512   9820    0    0     0     0   62   59  1  2 97  0  0
0  0      0  68592    512   9820    0    0     0     0   50   58  1  1 98  0  0
0  0      0  68592    512   9820    0    0     0     0   50   62  0  2 98  0  0
1  0      0  68592    512   9820    0    0     0     0   58   55  1  2 98  0  0
1  0      0  68592    512   9820    0    0     0     0   50   59  0  2 98  0  0
0  0      0  68592    512   9820    0    0     0     0   49   54  0  2 98  0  0
0  0      0  68592    512   9820    0    0     0     0  135   37  2  6 93  0  0
===VMSTAT_END===
===CSV_START===
cycle,timestamp_s,execution_time_us,jitter_us,response_time_us,deadline_miss
1,0.051766,359.424,1766.416,2125.840,0
2,0.101876,216.496,1876.288,2092.784,0
3,0.152926,418.864,2925.904,3344.768,0
4,0.201671,154.112,1671.408,1825.520,0
5,0.252376,185.296,2376.048,2561.344,0
6,0.302089,1287.200,2089.360,3376.560,0
7,0.352884,196.576,2883.696,3080.272,0
8,0.401587,219.664,1587.056,1806.720,0
9,0.453518,150.688,3517.712,3668.400,0
10,0.501671,153.136,1670.912,1824.048,0
11,0.553612,132.560,3611.808,3744.368,0
12,0.602820,159.424,2819.504,2978.928,0
13,0.652662,162.240,2661.920,2824.160,0
14,0.701627,147.472,1627.232,1774.704,0
15,0.755906,179.600,5905.744,6085.344,1
16,0.801809,262.880,1809.456,2072.336,0
17,0.851363,294.992,1363.264,1658.256,0
18,0.901736,222.864,1736.272,1959.136,0
19,0.952560,198.544,2560.432,2758.976,0
20,1.001489,219.888,1489.040,1708.928,0
21,1.051474,208.288,1473.552,1681.840,0
22,1.101667,272.576,1666.784,1939.360,0
23,1.152460,189.776,2460.320,2650.096,0
24,1.201663,193.008,1663.184,1856.192,0
25,1.251665,170.432,1664.624,1835.056,0
26,1.301662,262.048,1662.448,1924.496,0
27,1.351470,275.280,1469.984,1745.264,0
28,1.401470,169.808,1470.384,1640.192,0
29,1.452632,129.696,2632.256,2761.952,0
30,1.501806,166.464,1806.032,1972.496,0
31,1.552732,139.312,2732.128,2871.440,0
32,1.601665,176.480,1664.784,1841.264,0
33,1.653475,173.984,3475.024,3649.008,0
34,1.702556,221.856,2555.840,2777.696,0
35,1.753262,173.584,3261.744,3435.328,0
36,1.801494,188.064,1494.400,1682.464,0
37,1.851627,254.608,1627.344,1881.952,0
38,1.901826,173.408,1825.888,1999.296,0
39,1.951412,139.280,1412.128,1551.408,0
40,2.002659,219.760,2658.576,2878.336,0
41,2.052697,205.856,2696.704,2902.560,0
42,2.101953,169.536,1952.608,2122.144,0
43,2.151405,199.296,1405.440,1604.736,0
44,2.201609,140.992,1608.976,1749.968,0
45,2.251674,202.000,1674.080,1876.080,0
46,2.304621,183.760,4621.312,4805.072,0
47,2.351499,143.376,1498.912,1642.288,0
48,2.401562,208.240,1562.032,1770.272,0
49,2.451324,172.928,1324.352,1497.280,0
50,2.501777,365.552,1777.360,2142.912,0
51,2.551562,132.112,1562.080,1694.192,0
52,2.601775,141.392,1774.848,1916.240,0
53,2.653671,183.296,3670.512,3853.808,0
54,2.703491,166.560,3490.560,3657.120,0
55,2.751380,252.336,1380.480,1632.816,0
56,2.801764,176.576,1764.080,1940.656,0
57,2.855702,188.784,5702.464,5891.248,1
58,2.902520,279.792,2520.320,2800.112,0
59,2.951347,183.040,1347.168,1530.208,0
60,3.001651,205.072,1650.576,1855.648,0
61,3.053291,183.216,3290.704,3473.920,0
62,3.102888,150.672,2888.224,3038.896,0
63,3.151185,285.824,1184.624,1470.448,0
64,3.201635,188.384,1635.024,1823.408,0
65,3.251658,131.184,1658.352,1789.536,0
66,3.301672,217.504,1671.712,1889.216,0
67,3.353629,207.456,3628.544,3836.000,0
68,3.402460,171.424,2459.584,2631.008,0
69,3.451476,200.704,1476.208,1676.912,0
70,3.501608,172.944,1608.304,1781.248,0
71,3.553854,174.480,3854.400,4028.880,0
72,3.601646,189.600,1646.400,1836.000,0
73,3.652829,131.088,2829.440,2960.528,0
74,3.701500,166.352,1500.176,1666.528,0
75,3.752862,177.680,2861.520,3039.200,0
76,3.801623,164.480,1622.704,1787.184,0
77,3.852690,168.656,2690.416,2859.072,0
78,3.901513,212.256,1513.424,1725.680,0
79,3.953167,320.432,3166.768,3487.200,0
80,4.001736,327.760,1736.336,2064.096,0
81,4.051532,229.632,1531.552,1761.184,0
82,4.101518,180.336,1517.888,1698.224,0
83,4.152806,160.416,2806.000,2966.416,0
84,4.201389,242.000,1389.344,1631.344,0
85,4.251665,190.416,1665.440,1855.856,0
86,4.302403,339.920,2402.512,2742.432,0
87,4.351643,206.752,1642.736,1849.488,0
88,4.404069,251.664,4068.864,4320.528,0
89,4.452882,157.328,2881.712,3039.040,0
90,4.501580,222.864,1580.000,1802.864,0
91,4.552489,187.568,2489.312,2676.880,0
92,4.601626,192.224,1625.728,1817.952,0
93,4.652766,147.360,2765.520,2912.880,0
94,4.701628,135.472,1627.680,1763.152,0
95,4.752439,318.448,2439.088,2757.536,0
96,4.803701,217.744,3701.088,3918.832,0
97,4.852619,222.432,2619.232,2841.664,0
98,4.901446,217.472,1446.320,1663.792,0
99,4.951506,198.304,1505.904,1704.208,0
100,5.003605,157.216,3605.312,3762.528,0
101,5.052695,183.952,2694.992,2878.944,0
102,5.102575,344.880,2575.024,2919.904,0
103,5.152621,172.272,2620.720,2792.992,0
104,5.203595,134.224,3594.640,3728.864,0
105,5.252594,184.928,2593.648,2778.576,0
106,5.303857,325.088,3856.608,4181.696,0
107,5.351518,218.272,1518.448,1736.720,0
108,5.401605,180.992,1604.752,1785.744,0
109,5.453080,197.360,3079.744,3277.104,0
110,5.501774,142.432,1774.272,1916.704,0
111,5.551925,221.360,1925.312,2146.672,0
112,5.601792,143.376,1791.568,1934.944,0
113,5.652514,147.856,2514.000,2661.856,0
114,5.701475,158.480,1474.896,1633.376,0
115,5.753041,243.600,3040.992,3284.592,0
116,5.801653,152.608,1652.768,1805.376,0
117,5.853597,175.136,3596.832,3771.968,0
118,5.903766,155.312,3765.568,3920.880,0
119,5.952618,212.976,2618.368,2831.344,0
120,6.001501,220.320,1500.928,1721.248,0
121,6.052329,140.240,2328.928,2469.168,0
122,6.101656,138.352,1656.176,1794.528,0
123,6.153653,187.264,3652.736,3840.000,0
124,6.203585,224.480,3585.024,3809.504,0
125,6.252742,170.496,2742.064,2912.560,0
126,6.301613,135.776,1612.560,1748.336,0
127,6.353561,132.384,3561.360,3693.744,0
128,6.402892,220.416,2892.032,3112.448,0
129,6.451643,155.296,1642.896,1798.192,0
130,6.502490,203.296,2489.824,2693.120,0
131,6.551492,164.560,1491.888,1656.448,0
132,6.602335,296.768,2335.136,2631.904,0
133,6.652790,138.768,2789.520,2928.288,0
134,6.701492,166.176,1491.840,1658.016,0
135,6.752460,171.904,2459.792,2631.696,0
136,6.801982,254.544,1982.368,2236.912,0
137,6.851576,268.656,1576.320,1844.976,0
138,6.901555,185.760,1555.296,1741.056,0
139,6.953638,157.904,3638.208,3796.112,0
140,7.003572,178.608,3571.824,3750.432,0
141,7.052654,175.104,2654.384,2829.488,0
142,7.101556,136.544,1555.792,1692.336,0
143,7.152623,147.440,2622.848,2770.288,0
144,7.201656,171.248,1656.176,1827.424,0
145,7.252691,209.904,2690.624,2900.528,0
146,7.303605,152.128,3605.232,3757.360,0
147,7.351500,190.288,1500.400,1690.688,0
148,7.401919,278.080,1918.912,2196.992,0
149,7.451479,187.808,1479.088,1666.896,0
150,7.501686,170.944,1685.568,1856.512,0
151,7.553640,164.976,3639.568,3804.544,0
152,7.603657,156.816,3656.848,3813.664,0
153,7.652658,144.944,2658.208,2803.152,0
154,7.701428,212.496,1428.048,1640.544,0
155,7.752503,139.184,2502.896,2642.080,0
156,7.801484,154.384,1483.664,1638.048,0
157,7.852477,190.992,2477.312,2668.304,0
158,7.901757,130.352,1757.264,1887.616,0
159,7.952772,159.984,2772.016,2932.000,0
160,8.001633,223.152,1633.488,1856.640,0
161,8.051672,141.136,1671.664,1812.800,0
162,8.101589,344.752,1588.544,1933.296,0
163,8.151581,195.760,1580.848,1776.608,0
164,8.203627,316.896,3627.136,3944.032,0
165,8.252664,225.328,2663.504,2888.832,0
166,8.303593,187.200,3592.768,3779.968,0
167,8.352699,176.848,2699.152,2876.000,0
168,8.403630,237.648,3630.160,3867.808,0
169,8.451363,226.576,1363.312,1589.888,0
170,8.501701,191.008,1701.424,1892.432,0
171,8.552540,141.504,2540.080,2681.584,0
172,8.601571,208.880,1571.296,1780.176,0
173,8.652496,138.400,2495.728,2634.128,0
174,8.703256,141.376,3255.808,3397.184,0
175,8.751563,130.144,1562.576,1692.720,0
176,8.801560,154.496,1559.776,1714.272,0
177,8.851520,185.936,1520.224,1706.160,0
178,8.901667,175.216,1666.912,1842.128,0
179,8.952662,176.352,2662.160,2838.512,0
180,9.001643,191.632,1643.424,1835.056,0
181,9.054503,176.928,4502.880,4679.808,0
182,9.101807,129.520,1806.832,1936.352,0
183,9.153509,135.472,3508.976,3644.448,0
184,9.201638,191.440,1638.128,1829.568,0
185,9.253674,174.608,3673.600,3848.208,0
186,9.302427,353.408,2427.152,2780.560,0
187,9.352565,130.992,2564.880,2695.872,0
188,9.401656,218.912,1655.984,1874.896,0
189,9.453516,152.192,3515.568,3667.760,0
190,9.501826,137.584,1826.272,1963.856,0
191,9.551471,163.376,1470.560,1633.936,0
192,9.601579,199.408,1579.136,1778.544,0
193,9.651745,298.560,1744.656,2043.216,0
194,9.703933,181.584,3932.656,4114.240,0
195,9.752999,150.576,2998.960,3149.536,0
196,9.801565,130.000,1565.120,1695.120,0
197,9.851688,254.736,1688.416,1943.152,0
198,9.901492,141.408,1492.368,1633.776,0
199,9.951597,169.888,1597.280,1767.168,0
200,10.001413,175.888,1413.120,1589.008,0
201,10.052791,155.968,2790.640,2946.608,0
202,10.101513,157.504,1513.072,1670.576,0
203,10.151525,198.672,1524.544,1723.216,0
204,10.201510,140.352,1510.352,1650.704,0
205,10.251376,150.736,1376.208,1526.944,0
206,10.302466,213.584,2466.032,2679.616,0
207,10.351267,186.656,1267.056,1453.712,0
208,10.401494,147.056,1494.016,1641.072,0
209,10.452576,183.152,2575.504,2758.656,0
210,10.501320,213.568,1319.984,1533.552,0
211,10.551406,211.584,1406.160,1617.744,0
212,10.601658,131.152,1657.600,1788.752,0
213,10.652767,172.080,2767.216,2939.296,0
214,10.702325,287.184,2324.928,2612.112,0
215,10.751514,141.440,1514.096,1655.536,0
216,10.801333,186.912,1332.992,1519.904,0
217,10.851678,255.088,1677.744,1932.832,0
218,10.901666,158.368,1666.320,1824.688,0
219,10.952611,131.888,2610.688,2742.576,0
220,11.001357,163.744,1357.440,1521.184,0
221,11.052255,234.192,2254.784,2488.976,0
222,11.102344,225.728,2343.712,2569.440,0
223,11.152633,174.736,2633.344,2808.080,0
224,11.201462,168.704,1461.648,1630.352,0
225,11.251758,187.408,1758.432,1945.840,0
226,11.302343,1296.384,2342.720,3639.104,0
227,11.351463,165.248,1462.656,1627.904,0
228,11.401649,186.368,1648.640,1835.008,0
229,11.451587,139.456,1586.640,1726.096,0
230,11.501986,365.408,1986.304,2351.712,0
231,11.552694,220.720,2693.856,2914.576,0
232,11.601331,236.832,1331.360,1568.192,0
233,11.652668,158.624,2667.552,2826.176,0
234,11.703951,334.160,3951.360,4285.520,0
235,11.751649,221.840,1649.392,1871.232,0
236,11.801591,130.336,1591.392,1721.728,0
237,11.853571,297.456,3571.360,3868.816,0
238,11.903319,222.880,3319.344,3542.224,0
239,11.952635,217.648,2634.768,2852.416,0
240,12.001834,407.568,1833.744,2241.312,0
241,12.051583,140.224,1582.944,1723.168,0
242,12.102472,187.472,2471.568,2659.040,0
243,12.151180,232.384,1179.616,1412.000,0
244,12.201603,147.568,1603.088,1750.656,0
245,12.252592,188.624,2591.680,2780.304,0
246,12.301594,165.488,1594.480,1759.968,0
247,12.353548,134.320,3548.048,3682.368,0
248,12.404186,244.800,4185.648,4430.448,0
249,12.452586,183.856,2586.304,2770.160,0
250,12.501582,132.288,1582.416,1714.704,0
251,12.551418,223.808,1418.032,1641.840,0
252,12.601541,174.128,1541.024,1715.152,0
253,12.651681,174.896,1681.056,1855.952,0
254,12.702504,170.160,2504.016,2674.176,0
255,12.752307,133.104,2306.832,2439.936,0
256,12.801368,158.960,1367.568,1526.528,0
257,12.851346,207.328,1346.032,1553.360,0
258,12.901585,162.000,1585.312,1747.312,0
259,12.951301,135.792,1300.656,1436.448,0
260,13.001331,171.536,1330.800,1502.336,0
261,13.052156,274.384,2156.080,2430.464,0
262,13.101665,167.088,1665.488,1832.576,0
263,13.152607,160.896,2606.800,2767.696,0
264,13.201515,151.952,1514.784,1666.736,0
265,13.252493,141.040,2493.104,2634.144,0
266,13.302321,184.640,2321.152,2505.792,0
267,13.351584,280.256,1583.600,1863.856,0
268,13.401666,195.968,1665.616,1861.584,0
269,13.452744,174.448,2743.920,2918.368,0
270,13.501690,205.584,1689.840,1895.424,0
271,13.551336,303.216,1336.000,1639.216,0
272,13.601632,178.304,1631.984,1810.288,0
273,13.652484,140.304,2484.128,2624.432,0
274,13.701769,134.400,1768.512,1902.912,0
275,13.752814,187.312,2814.160,3001.472,0
276,13.801593,138.608,1592.768,1731.376,0
277,13.852650,170.992,2649.968,2820.960,0
278,13.903513,217.984,3513.264,3731.248,0
279,13.951473,153.888,1473.328,1627.216,0
280,14.001403,149.568,1402.992,1552.560,0
281,14.051830,190.448,1830.304,2020.752,0
282,14.102473,144.608,2472.544,2617.152,0
283,14.151482,272.128,1481.504,1753.632,0
284,14.201492,207.584,1492.368,1699.952,0
285,14.251589,180.208,1589.248,1769.456,0
286,14.303600,224.464,3600.384,3824.848,0
287,14.351635,140.784,1634.816,1775.600,0
288,14.401557,182.320,1556.768,1739.088,0
289,14.453558,202.752,3557.760,3760.512,0
290,14.503664,212.176,3664.112,3876.288,0
291,14.552727,196.064,2727.072,2923.136,0
292,14.601468,208.272,1468.304,1676.576,0
293,14.651523,181.488,1522.784,1704.272,0
294,14.701391,134.080,1391.472,1525.552,0
295,14.751511,220.176,1511.456,1731.632,0
296,14.801663,192.976,1662.848,1855.824,0
297,14.852492,138.448,2492.144,2630.592,0
298,14.901676,176.176,1676.416,1852.592,0
===CSV_END===
Statistics sent to li VM via shared memory
Run #25 completed. Waiting for next START command...
Waiting for START command from li VM...
