========================================
Signal Sender Workload (Synchronized)
========================================
Initializing shared memory...
Waiting for speedometer to register...
Found speedometer in shared memory!
Sending START command to speedometer: START: 15;5;20

Running workload signal period for 15 seconds...

Workload signal period completed.
Sending STOP command to speedometer...
Waiting for statistics from speedometer...

Stress workload terminated.
===VMSTAT_START===
procs -----------memory---------- ---swap-- -----io---- -system-- ------cpu-----
 r  b   swpd   free   buff  cache   si   so    bi    bo   in   cs us sy id wa st
 8  1      0 128044  21056  33536    0    0    22    44  537  716 11 84  2  2  0
 9  0      0 127984  21056  33540    0    0     0     0 1229 1681  7 93  0  0  0
 9  0      0 127984  21056  33540    0    0     0     0 1233 1661  9 91  0  0  0
 8  0      0 127984  21056  33540    0    0     0     0 1245 1712  7 93  0  0  0
 8  0      0 127984  21056  33540    0    0     0     0 1229 1673  7 93  0  0  0
 8  0      0 127984  21056  33540    0    0     0     0 1237 1669  9 91  0  0  0
 8  0      0 127984  21056  33540    0    0     0     0 1237 1675  8 92  0  0  0
 8  0      0 127984  21056  33540    0    0     0     0 1249 1699  8 92  0  0  0
 8  0      0 127984  21056  33540    0    0     0     0 1228 1671  8 91  0  1  0
 9  0      0 127984  21056  33540    0    0     0     0 1216 1598  8 92  0  0  0
 9  0      0 127984  21056  33540    0    0     0     0 1244 1737  6 93  0  0  0
 8  0      0 127984  21056  33540    0    0     0     0 1249 1647  9 91  0  0  0
 9  0      0 127984  21056  33540    0    0     0     0 1231 1641  8 91  0  1  0
 8  0      0 127984  21056  33540    0    0     0     0 1225 1624  8 93  0  0  0
 8  0      0 127984  21056  33540    0    0     0     0 1239 1651  8 93  0  0  0
 8  0      0 127984  21056  33540    0    0     0     0 1152 1511  8 92  0  1  0
 7  3      0 127984  21056  33540    0    0     0     0  627  639  6 83  0 11  0
===VMSTAT_END===
========== SPEEDOMETER RT APPLICATION RESULTS ==========
Test Configuration:
Period: 50.000 ms
Deadline: 5.000 ms
RT Priority: 99 (SCHED_FIFO)
Execution Statistics:
Total cycles: 299
Deadline misses: 2 (0.669%)
Execution Time (μs):
Mean: 209.112
Min: 133.744
Max: 1550.416
50th percentile: 192.640
95th percentile: 302.208
99th percentile: 432.272
99.9th percentile: 1550.416
Jitter (μs):
Mean: 2262.660
Min: 1329.760
Max: 11726.896
Response Time (μs):
Mean: 2471.772
Min: 1493.792
Max: 11968.608
50th percentile: 1948.384
95th percentile: 4041.824
99th percentile: 4438.640
99.9th percentile: 11968.608
========================================================
[  688.071575] SDK:handler_do_el0_svc_pre: syscall __NR_futex (98) is not allowed
[  688.312895] SDK:handler_do_el0_svc_pre: syscall __NR_munmap (215) is not allowed
[  688.322242] SDK:handler_do_el0_svc_pre: syscall __NR_wait4 (260) is not allowed
[  688.331877] SDK:handler_do_el0_svc_pre: syscall __NR_munmap (215) is not allowed
[  688.340844] SDK:handler_do_el0_svc_pre: syscall __NR_rt_sigprocmask (135) is not allowed
[  688.348882] SDK:handler_do_el0_svc_pre: syscall __NR_futex (98) is not allowed
[  688.358315] SDK:handler_do_el0_svc_pre: syscall __NR_exit (93) is not allowed
[  688.359847] SDK:handler_do_el0_svc_pre: syscall __NR_futex (98) is not allowed
[  688.376155] SDK:handler_do_el0_svc_pre: syscall __NR_munmap (215) is not allowed
===VMSTAT_START===
procs -----------memory---------- ---swap-- -----io---- -system-- ------cpu-----
r  b   swpd   free   buff  cache   si   so    bi    bo   in   cs us sy id wa st
0  0      0  68408    512   9820    0    0     0     0   61   60  1  5 94  0  0
1  0      0  68264    512   9824    0    0     0     0   53   55  1  2 98  0  0
0  0      0  68264    512   9824    0    0     0     0   55   58  0  3 97  0  0
0  0      0  68264    512   9824    0    0     0     0   55   58  1  2 98  0  0
0  0      0  68264    512   9824    0    0     0     0   55   60  1  1 97  0  0
1  0      0  68264    512   9824    0    0     0     0   56   57  1  3 97  0  0
2  0      0  68264    512   9824    0    0     0     0   52   53  1  2 98  0  0
1  0      0  68264    512   9824    0    0     0     0   55   60  1  2 97  0  0
0  0      0  68264    512   9824    0    0     0     0   56   59  0  3 97  0  0
1  0      0  68264    512   9824    0    0     0     0   53   57  0  3 98  0  0
1  0      0  68264    512   9824    0    0     0     0   55   57  1  2 98  0  0
1  0      0  68264    512   9824    0    0     0     0   54   63  1  2 98  0  0
0  0      0  68264    512   9824    0    0     0     0   52   59  1  2 98  0  0
0  0      0  68264    512   9824    0    0     0     0   51   60  1  2 98  0  0
0  0      0  68264    512   9824    0    0     0     0   48   52  1  2 98  0  0
0  0      0  68264    512   9824    0    0     0     0  151   43  1 10 90  0  0
===VMSTAT_END===
===CSV_START===
cycle,timestamp_s,execution_time_us,jitter_us,response_time_us,deadline_miss
1,0.061727,241.712,11726.896,11968.608,1
2,0.102004,183.200,2004.256,2187.456,0
3,0.151693,179.312,1693.440,1872.752,0
4,0.202695,188.832,2695.200,2884.032,0
5,0.251609,145.024,1608.800,1753.824,0
6,0.302476,167.984,2475.568,2643.552,0
7,0.351747,147.840,1746.928,1894.768,0
8,0.401729,197.232,1729.104,1926.336,0
9,0.453826,155.536,3826.160,3981.696,0
10,0.501715,190.112,1714.752,1904.864,0
11,0.551609,137.584,1608.560,1746.144,0
12,0.603358,171.168,3358.272,3529.440,0
13,0.653541,206.624,3541.472,3748.096,0
14,0.702925,178.880,2925.008,3103.888,0
15,0.751632,201.760,1632.112,1833.872,0
16,0.801605,161.472,1604.640,1766.112,0
17,0.851476,193.152,1476.288,1669.440,0
18,0.901535,217.200,1535.056,1752.256,0
19,0.953900,211.264,3900.272,4111.536,0
20,1.001624,301.440,1624.352,1925.792,0
21,1.052555,376.320,2555.248,2931.568,0
22,1.101672,190.384,1672.064,1862.448,0
23,1.151620,149.968,1620.448,1770.416,0
24,1.203796,158.368,3796.000,3954.368,0
25,1.251650,211.440,1650.288,1861.728,0
26,1.302731,142.512,2730.624,2873.136,0
27,1.351500,209.648,1499.904,1709.552,0
28,1.401496,325.472,1495.936,1821.408,0
29,1.451611,319.136,1611.184,1930.320,0
30,1.501671,171.008,1671.056,1842.064,0
31,1.551658,137.824,1658.128,1795.952,0
32,1.603668,192.144,3668.288,3860.432,0
33,1.652347,241.808,2346.560,2588.368,0
34,1.702744,247.344,2743.696,2991.040,0
35,1.753893,207.328,3892.944,4100.272,0
36,1.801650,223.648,1650.416,1874.064,0
37,1.851638,223.296,1637.888,1861.184,0
38,1.902524,186.384,2523.648,2710.032,0
39,1.951633,182.624,1633.440,1816.064,0
40,2.003667,149.312,3666.880,3816.192,0
41,2.053932,216.000,3931.776,4147.776,0
42,2.101872,200.032,1872.128,2072.160,0
43,2.151589,154.784,1589.232,1744.016,0
44,2.202933,207.488,2933.296,3140.784,0
45,2.251602,162.288,1601.984,1764.272,0
46,2.303541,222.320,3540.704,3763.024,0
47,2.351639,179.120,1639.440,1818.560,0
48,2.403865,176.912,3864.912,4041.824,0
49,2.451700,196.800,1699.744,1896.544,0
50,2.502775,166.272,2774.544,2940.816,0
51,2.552590,180.576,2590.272,2770.848,0
52,2.601583,302.208,1583.344,1885.552,0
53,2.651500,184.272,1499.616,1683.888,0
54,2.701828,195.200,1827.888,2023.088,0
55,2.751472,211.568,1472.224,1683.792,0
56,2.803611,190.720,3611.168,3801.888,0
57,2.853687,264.160,3686.944,3951.104,0
58,2.901477,176.048,1476.560,1652.608,0
59,2.953633,285.296,3633.360,3918.656,0
60,3.001460,238.656,1460.432,1699.088,0
61,3.051610,244.640,1610.176,1854.816,0
62,3.102711,139.792,2711.056,2850.848,0
63,3.152495,235.824,2494.896,2730.720,0
64,3.202689,220.896,2689.248,2910.144,0
65,3.251702,274.144,1701.664,1975.808,0
66,3.302802,190.240,2802.272,2992.512,0
67,3.351507,191.056,1507.136,1698.192,0
68,3.401918,198.720,1918.304,2117.024,0
69,3.451343,179.648,1343.104,1522.752,0
70,3.503524,257.680,3524.176,3781.856,0
71,3.551605,156.736,1604.720,1761.456,0
72,3.602700,211.456,2699.664,2911.120,0
73,3.651637,219.632,1637.408,1857.040,0
74,3.703690,266.000,3689.504,3955.504,0
75,3.753933,199.728,3933.312,4133.040,0
76,3.802585,212.208,2585.376,2797.584,0
77,3.851701,191.488,1700.512,1892.000,0
78,3.903869,202.928,3868.528,4071.456,0
79,3.953962,196.832,3962.256,4159.088,0
80,4.001521,203.424,1520.704,1724.128,0
81,4.051577,181.632,1577.408,1759.040,0
82,4.101537,248.304,1536.768,1785.072,0
83,4.151670,232.304,1670.272,1902.576,0
84,4.202889,144.528,2889.360,3033.888,0
85,4.251755,136.768,1755.408,1892.176,0
86,4.302718,161.984,2718.384,2880.368,0
87,4.351509,218.912,1509.472,1728.384,0
88,4.401511,232.000,1511.008,1743.008,0
89,4.451495,188.480,1495.136,1683.616,0
90,4.502615,160.688,2614.768,2775.456,0
91,4.551467,263.264,1467.392,1730.656,0
92,4.601724,137.808,1724.144,1861.952,0
93,4.652569,209.312,2569.488,2778.800,0
94,4.701580,137.040,1580.272,1717.312,0
95,4.751652,230.464,1651.504,1881.968,0
96,4.802799,138.496,2798.864,2937.360,0
97,4.851622,242.080,1622.224,1864.304,0
98,4.903649,192.928,3648.528,3841.456,0
99,4.952351,327.872,2351.152,2679.024,0
100,5.002894,175.232,2894.496,3069.728,0
101,5.051524,178.240,1524.432,1702.672,0
102,5.101918,242.944,1918.080,2161.024,0
103,5.151360,202.928,1360.496,1563.424,0
104,5.203134,365.840,3133.968,3499.808,0
105,5.252030,170.352,2030.208,2200.560,0
106,5.301689,297.472,1688.528,1986.000,0
107,5.351770,202.320,1769.856,1972.176,0
108,5.401572,231.792,1572.032,1803.824,0
109,5.451633,136.896,1632.944,1769.840,0
110,5.502596,136.208,2596.496,2732.704,0
111,5.551333,276.160,1332.672,1608.832,0
112,5.601700,267.280,1699.712,1966.992,0
113,5.651696,175.904,1696.416,1872.320,0
114,5.703688,197.088,3688.480,3885.568,0
115,5.753497,194.080,3497.120,3691.200,0
116,5.801694,137.264,1693.760,1831.024,0
117,5.851674,214.224,1673.648,1887.872,0
118,5.903665,195.808,3665.216,3861.024,0
119,5.953675,266.960,3675.264,3942.224,0
120,6.002702,136.736,2701.760,2838.496,0
121,6.051669,295.168,1668.688,1963.856,0
122,6.101653,208.016,1653.376,1861.392,0
123,6.151692,210.752,1692.400,1903.152,0
124,6.203602,151.040,3602.352,3753.392,0
125,6.253862,307.392,3861.584,4168.976,0
126,6.301686,180.640,1685.600,1866.240,0
127,6.351722,159.744,1721.600,1881.344,0
128,6.403451,173.584,3451.024,3624.608,0
129,6.453340,200.960,3340.256,3541.216,0
130,6.501599,197.872,1598.560,1796.432,0
131,6.551691,149.824,1691.312,1841.136,0
132,6.601330,175.664,1329.760,1505.424,0
133,6.651608,275.072,1608.160,1883.232,0
134,6.702519,251.552,2519.456,2771.008,0
135,6.751715,155.488,1714.848,1870.336,0
136,6.802514,171.792,2514.160,2685.952,0
137,6.851527,190.112,1526.688,1716.800,0
138,6.901538,197.488,1538.112,1735.600,0
139,6.951653,165.120,1652.560,1817.680,0
140,7.003650,157.936,3650.400,3808.336,0
141,7.052496,220.384,2495.776,2716.160,0
142,7.101642,208.976,1641.904,1850.880,0
143,7.151833,135.664,1833.392,1969.056,0
144,7.201486,349.552,1486.128,1835.680,0
145,7.251622,185.872,1621.824,1807.696,0
146,7.303094,355.392,3094.304,3449.696,0
147,7.354135,271.008,4135.344,4406.352,0
148,7.402538,214.896,2537.936,2752.832,0
149,7.453793,139.696,3793.088,3932.784,0
150,7.501495,228.000,1494.976,1722.976,0
151,7.551668,218.704,1668.032,1886.736,0
152,7.603831,167.328,3831.376,3998.704,0
153,7.653291,170.592,3291.424,3462.016,0
154,7.701480,164.000,1480.352,1644.352,0
155,7.751847,137.312,1847.376,1984.688,0
156,7.801642,188.880,1642.448,1831.328,0
157,7.851597,196.000,1596.768,1792.768,0
158,7.902795,147.952,2794.560,2942.512,0
159,7.952530,276.720,2530.160,2806.880,0
160,8.001534,210.416,1533.648,1744.064,0
161,8.051581,141.888,1581.136,1723.024,0
162,8.103616,158.608,3616.368,3774.976,0
163,8.152007,241.488,2006.864,2248.352,0
164,8.201632,168.544,1632.480,1801.024,0
165,8.251540,184.464,1539.856,1724.320,0
166,8.301598,173.440,1597.824,1771.264,0
167,8.351950,144.832,1949.888,2094.720,0
168,8.402947,203.536,2946.720,3150.256,0
169,8.451602,202.688,1601.520,1804.208,0
170,8.502711,238.048,2711.056,2949.104,0
171,8.554052,290.800,4052.464,4343.264,0
172,8.601716,170.624,1716.016,1886.640,0
173,8.651710,232.656,1710.352,1943.008,0
174,8.701725,182.224,1725.264,1907.488,0
175,8.751655,206.816,1655.008,1861.824,0
176,8.802707,157.984,2707.104,2865.088,0
177,8.851634,141.520,1633.840,1775.360,0
178,8.902723,195.952,2722.592,2918.544,0
179,8.951695,152.736,1694.672,1847.408,0
180,9.003665,175.952,3665.264,3841.216,0
181,9.052372,226.112,2372.288,2598.400,0
182,9.101651,208.912,1650.832,1859.744,0
183,9.151803,145.472,1802.912,1948.384,0
184,9.201662,234.368,1661.536,1895.904,0
185,9.251695,179.808,1695.248,1875.056,0
186,9.301678,137.472,1677.824,1815.296,0
187,9.351612,245.968,1612.368,1858.336,0
188,9.403642,182.544,3641.536,3824.080,0
189,9.453485,162.784,3484.928,3647.712,0
190,9.501709,244.528,1709.488,1954.016,0
191,9.553565,206.144,3564.560,3770.704,0
192,9.601609,235.888,1608.784,1844.672,0
193,9.651622,143.552,1622.336,1765.888,0
194,9.702538,135.808,2537.536,2673.344,0
195,9.751642,134.976,1641.536,1776.512,0
196,9.803347,210.112,3347.024,3557.136,0
197,9.851526,178.096,1526.368,1704.464,0
198,9.901651,218.816,1651.136,1869.952,0
199,9.951660,159.248,1659.504,1818.752,0
200,10.002607,279.072,2606.528,2885.600,0
201,10.051766,215.696,1765.760,1981.456,0
202,10.102824,248.384,2824.112,3072.496,0
203,10.151515,167.120,1515.296,1682.416,0
204,10.202895,209.664,2894.512,3104.176,0
205,10.251655,179.392,1655.344,1834.736,0
206,10.303300,212.592,3299.968,3512.560,0
207,10.351628,200.016,1628.304,1828.320,0
208,10.404205,1550.416,4204.928,5755.344,1
209,10.451680,190.752,1680.432,1871.184,0
210,10.502726,195.280,2725.648,2920.928,0
211,10.551479,175.248,1479.248,1654.496,0
212,10.602837,169.888,2837.264,3007.152,0
213,10.651651,192.640,1651.424,1844.064,0
214,10.702623,262.864,2623.424,2886.288,0
215,10.751369,189.152,1368.512,1557.664,0
216,10.802719,133.936,2718.640,2852.576,0
217,10.851658,154.496,1657.840,1812.336,0
218,10.902382,214.176,2382.016,2596.192,0
219,10.951775,140.000,1774.832,1914.832,0
220,11.001536,143.792,1536.144,1679.936,0
221,11.051583,136.304,1582.816,1719.120,0
222,11.101701,148.448,1700.816,1849.264,0
223,11.151545,189.088,1544.800,1733.888,0
224,11.202612,177.120,2611.952,2789.072,0
225,11.251349,183.360,1348.784,1532.144,0
226,11.302300,151.872,2300.400,2452.272,0
227,11.351714,259.920,1714.240,1974.160,0
228,11.403818,218.272,3818.448,4036.720,0
229,11.451831,167.840,1830.976,1998.816,0
230,11.501690,145.360,1690.368,1835.728,0
231,11.551704,198.192,1704.320,1902.512,0
232,11.603588,149.488,3588.208,3737.696,0
233,11.651967,216.496,1967.328,2183.824,0
234,11.702526,329.648,2525.664,2855.312,0
235,11.751672,174.608,1672.000,1846.608,0
236,11.801574,163.776,1573.792,1737.568,0
237,11.851599,153.264,1599.184,1752.448,0
238,11.901695,238.768,1695.424,1934.192,0
239,11.951532,166.800,1531.856,1698.656,0
240,12.002852,137.152,2852.064,2989.216,0
241,12.051863,135.296,1863.200,1998.496,0
242,12.101331,176.096,1330.928,1507.024,0
243,12.153638,183.248,3637.616,3820.864,0
244,12.202278,147.920,2277.984,2425.904,0
245,12.251739,200.320,1738.912,1939.232,0
246,12.302500,160.016,2500.192,2660.208,0
247,12.351613,147.216,1612.608,1759.824,0
248,12.401640,241.056,1639.760,1880.816,0
249,12.451515,138.624,1515.232,1653.856,0
250,12.501545,244.080,1544.880,1788.960,0
251,12.552212,1431.600,2212.208,3643.808,0
252,12.601507,341.696,1506.800,1848.496,0
253,12.652348,280.336,2348.016,2628.352,0
254,12.701357,136.752,1357.040,1493.792,0
255,12.751652,165.728,1651.584,1817.312,0
256,12.802870,170.160,2870.480,3040.640,0
257,12.851696,179.968,1695.872,1875.840,0
258,12.902605,151.680,2605.456,2757.136,0
259,12.951724,154.768,1723.920,1878.688,0
260,13.002815,166.864,2815.392,2982.256,0
261,13.051545,242.192,1544.752,1786.944,0
262,13.102552,170.192,2551.984,2722.176,0
263,13.153699,432.272,3699.232,4131.504,0
264,13.201368,350.608,1368.176,1718.784,0
265,13.251828,156.928,1828.272,1985.200,0
266,13.301703,301.376,1702.944,2004.320,0
267,13.351693,199.504,1692.720,1892.224,0
268,13.402705,193.168,2704.816,2897.984,0
269,13.451850,214.640,1849.824,2064.464,0
270,13.501542,214.816,1542.384,1757.200,0
271,13.551886,198.192,1886.352,2084.544,0
272,13.601375,274.720,1375.056,1649.776,0
273,13.651622,170.944,1621.856,1792.800,0
274,13.703648,184.736,3647.552,3832.288,0
275,13.753604,152.832,3604.080,3756.912,0
276,13.801490,203.264,1489.744,1693.008,0
277,13.851468,139.184,1467.632,1606.816,0
278,13.902443,298.704,2443.392,2742.096,0
279,13.951787,134.480,1786.848,1921.328,0
280,14.002815,165.504,2814.784,2980.288,0
281,14.052541,202.448,2540.736,2743.184,0
282,14.101642,148.224,1641.664,1789.888,0
283,14.153644,227.024,3644.384,3871.408,0
284,14.202620,165.920,2619.856,2785.776,0
285,14.251426,286.064,1425.712,1711.776,0
286,14.302796,133.744,2796.144,2929.888,0
287,14.351689,290.736,1689.120,1979.856,0
288,14.401417,191.072,1416.624,1607.696,0
289,14.453302,162.544,3301.904,3464.448,0
290,14.501509,222.992,1509.328,1732.320,0
291,14.554141,297.344,4141.296,4438.640,0
292,14.601538,287.392,1537.808,1825.200,0
293,14.653786,222.176,3786.272,4008.448,0
294,14.702612,206.592,2612.416,2819.008,0
295,14.751768,222.192,1767.968,1990.160,0
296,14.802674,177.616,2674.208,2851.824,0
297,14.853959,166.272,3958.912,4125.184,0
298,14.901648,199.920,1648.432,1848.352,0
299,14.951680,200.576,1680.288,1880.864,0
===CSV_END===
Statistics sent to li VM via shared memory
Run #21 completed. Waiting for next START command...
Waiting for START command from li VM...
