========================================
Signal Sender Workload (Synchronized)
========================================
Initializing shared memory...
Waiting for speedometer to register...
Found speedometer in shared memory!
Sending START command to speedometer: START: 30;5;20

Running workload signal period for 30 seconds...

Workload signal period completed.
Sending STOP command to speedometer...
Waiting for statistics from speedometer...

Stress workload terminated.
===VMSTAT_START===
procs -----------memory---------- ---swap-- -----io---- -system-- ------cpu-----
 r  b   swpd   free   buff  cache   si   so    bi    bo   in   cs us sy id wa st
 0  0      0 397976  11836  31180    0    0    37     6  207  115 70  8 22  0  0
 0  0      0 397996  11836  31184    0    0     0     0   13   14  0  0 100  0  0
 0  0      0 397996  11836  31184    0    0     0     0   14   19  0  0 100  0  0
 0  0      0 397996  11836  31184    0    0     0     0   19   16  0  0 100  0  0
 0  0      0 397996  11836  31184    0    0     0     0   19   19  0  0 100  0  0
 0  0      0 397996  11836  31184    0    0     0     0   16   14  0  0 100  0  0
 0  0      0 397996  11836  31184    0    0     0    56   33   37  1  1 98  1  0
 0  0      0 397996  11836  31184    0    0     0     0   13   15  0  0 100  0  0
 0  0      0 397996  11836  31184    0    0     0     0   18   20  0  0 100  0  0
 0  0      0 397996  11836  31184    0    0     0     0   14   17  0  0 100  0  0
 0  0      0 397996  11836  31184    0    0     0     0   19   21  0  0 100  0  0
 0  0      0 397996  11836  31184    0    0     0     0   18   18  0  0 100  0  0
 0  0      0 397996  11836  31184    0    0     0     0   12   15  0  0 100  0  0
 0  0      0 397996  11836  31184    0    0     0     0   14   17  0  0 100  0  0
 0  0      0 397996  11836  31184    0    0     0     0   20   24  0  0 100  0  0
 0  0      0 397996  11836  31184    0    0     0     0   14   17  0  0 100  0  0
 0  0      0 397996  11836  31184    0    0     0     0   14   17  0  0 100  0  0
 0  0      0 397996  11836  31184    0    0     0     0   14   17  0  0 100  0  0
 0  0      0 397996  11836  31184    0    0     0     0   18   22  0  0 100  0  0
 0  0      0 397996  11836  31184    0    0     0    16   26   21  0  0 100  0  0
 0  0      0 397996  11836  31184    0    0     0     0   16   21  0  0 100  0  0
 0  0      0 397996  11836  31184    0    0     0     0   12   16  0  0 100  0  0
 0  0      0 397996  11836  31184    0    0     0     0   17   21  0  0 100  0  0
 0  0      0 397996  11836  31184    0    0     0     0   15   19  0  0 99  0  0
 0  0      0 397996  11836  31184    0    0     0     0   15   20  0  0 100  0  0
 0  0      0 397996  11836  31184    0    0     0     0   14   19  0  0 100  0  0
 0  0      0 397996  11836  31184    0    0     0     0   18   23  0  0 100  0  0
 0  0      0 397996  11836  31184    0    0     0     0   13   18  0  0 100  0  0
 0  0      0 397996  11836  31184    0    0     0     0   16   17  0  0 100  0  0
 0  0      0 397996  11836  31184    0    0     0     0   14   19  0  0 100  0  0
 0  0      0 397996  11836  31184    0    0     0     0   18   27  0  0 100  0  0
 1  0      0 397996  11836  31184    0    0     0     0   45   37  1  2 97  0  0
 0  0      0 397996  11836  31184    0    0     0     0   45   40  0  3 97  0  0
===VMSTAT_END===
========== SPEEDOMETER RT APPLICATION RESULTS ==========
Test Configuration:
Period: 50.000 ms
Deadline: 5.000 ms
RT Priority: 99 (SCHED_FIFO)
Execution Statistics:
Total cycles: 599
Deadline misses: 0 (0.000%)
Execution Time (μs):
Mean: 173.122
Min: 132.512
Max: 1480.032
50th percentile: 162.128
95th percentile: 249.456
99th percentile: 323.632
99.9th percentile: 1480.032
Jitter (μs):
Mean: 1739.216
Min: 901.728
Max: 3433.536
Response Time (μs):
Mean: 1912.337
Min: 1095.120
Max: 3619.408
50th percentile: 1562.656
95th percentile: 3179.696
99th percentile: 3477.136
99.9th percentile: 3619.408
========================================================
[  438.182956] SDK:handler_do_el0_svc_pre: syscall __NR_futex (98) is not allowed
[  438.526575] SDK:handler_do_el0_svc_pre: syscall __NR_munmap (215) is not allowed
[  438.534295] SDK:handler_do_el0_svc_pre: syscall __NR_wait4 (260) is not allowed
[  438.540830] SDK:handler_do_el0_svc_pre: syscall __NR_munmap (215) is not allowed
[  438.547907] SDK:handler_do_el0_svc_pre: syscall __NR_rt_sigprocmask (135) is not allowed
[  438.554280] SDK:handler_do_el0_svc_pre: syscall __NR_futex (98) is not allowed
[  438.561272] SDK:handler_do_el0_svc_pre: syscall __NR_exit (93) is not allowed
[  438.563897] SDK:handler_do_el0_svc_pre: syscall __NR_futex (98) is not allowed
[  438.574673] SDK:handler_do_el0_svc_pre: syscall __NR_munmap (215) is not allowed
===VMSTAT_START===
procs -----------memory---------- ---swap-- -----io---- -system-- ------cpu-----
r  b   swpd   free   buff  cache   si   so    bi    bo   in   cs us sy id wa st
0  0      0  68572    512   9828    0    0     0     0   57   53  0  5 95  0  0
0  0      0  68572    512   9828    0    0     0     0   50   63  0  2 98  0  0
0  0      0  68572    512   9828    0    0     0     0   50   59  1  2 98  0  0
0  0      0  68572    512   9828    0    0     0     0   46   54  0  2 98  0  0
0  0      0  68572    512   9828    0    0     0     0   55   61  0  3 98  0  0
0  0      0  68572    512   9828    0    0     0     0   52   62  0  2 98  0  0
0  0      0  68572    512   9828    0    0     0     0   50   60  0  2 98  0  0
0  0      0  68572    512   9828    0    0     0     0   51   55  0  2 98  0  0
1  0      0  68572    512   9828    0    0     0     0   49   58  0  2 98  0  0
0  0      0  68572    512   9828    0    0     0     0   51   63  0  2 98  0  0
1  0      0  68572    512   9828    0    0     0     0   52   57  1  2 98  0  0
1  0      0  68572    512   9828    0    0     0     0   54   58  1  2 98  0  0
0  0      0  68572    512   9828    0    0     0     0   48   56  0  2 98  0  0
1  0      0  68572    512   9828    0    0     0     0   54   62  0  3 97  0  0
0  0      0  68572    512   9828    0    0     0     0   54   56  0  3 98  0  0
0  0      0  68572    512   9828    0    0     0     0   50   56  0  2 98  0  0
1  0      0  68572    512   9828    0    0     0     0   50   63  0  2 98  0  0
0  0      0  68572    512   9828    0    0     0     0   52   60  1  2 98  0  0
0  0      0  68572    512   9828    0    0     0     0   49   56  0  2 98  0  0
0  0      0  68572    512   9828    0    0     0     0   42   58  0  2 99  0  0
0  0      0  68572    512   9828    0    0     0     0   53   58  1  1 98  0  0
1  0      0  68572    512   9828    0    0     0     0   49   62  1  2 98  0  0
0  0      0  68572    512   9828    0    0     0     0   48   58  1  1 98  0  0
0  0      0  68572    512   9828    0    0     0     0   46   60  0  2 99  0  0
0  0      0  68572    512   9828    0    0     0     0   47   56  1  2 98  0  0
0  0      0  68572    512   9828    0    0     0     0   45   58  1  1 99  0  0
1  0      0  68572    512   9828    0    0     0     0   51   60  1  2 98  0  0
0  0      0  68572    512   9828    0    0     0     0   47   60  1  2 98  0  0
0  0      0  68572    512   9828    0    0     0     0   47   54  0  2 98  0  0
0  0      0  68572    512   9828    0    0     0     0   58   64  0  2 98  0  0
0  0      0  68572    512   9828    0    0     0     0  146   42  1  8 92  0  0
===VMSTAT_END===
===CSV_START===
cycle,timestamp_s,execution_time_us,jitter_us,response_time_us,deadline_miss
1,0.051392,235.824,1392.304,1628.128,0
2,0.101371,148.416,1371.344,1519.760,0
3,0.151696,146.576,1695.792,1842.368,0
4,0.202468,188.880,2467.808,2656.688,0
5,0.251235,176.944,1235.456,1412.400,0
6,0.300980,176.432,979.680,1156.112,0
7,0.350953,190.512,952.720,1143.232,0
8,0.402684,144.768,2683.600,2828.368,0
9,0.452032,173.152,2031.600,2204.752,0
10,0.502847,254.960,2847.136,3102.096,0
11,0.552061,175.104,2061.360,2236.464,0
12,0.602899,214.240,2898.720,3112.960,0
13,0.652253,167.600,2252.800,2420.400,0
14,0.700923,282.208,922.896,1205.104,0
15,0.752249,158.992,2249.056,2408.048,0
16,0.800977,183.568,976.576,1160.144,0
17,0.852236,147.664,2236.000,2383.664,0
18,0.901032,163.696,1032.176,1195.872,0
19,0.951864,265.280,1863.776,2129.056,0
20,1.002891,312.704,2891.472,3204.176,0
21,1.052213,158.944,2213.072,2372.016,0
22,1.100951,196.672,951.104,1147.776,0
23,1.152300,144.464,2299.888,2444.352,0
24,1.201304,149.184,1304.400,1453.584,0
25,1.251947,209.904,1946.864,2156.768,0
26,1.302804,277.808,2803.840,3081.648,0
27,1.351967,162.368,1966.560,2128.928,0
28,1.402472,194.496,2472.160,2666.656,0
29,1.451067,162.992,1067.344,1230.336,0
30,1.502355,154.080,2355.040,2509.120,0
31,1.552182,174.272,2182.432,2356.704,0
32,1.600921,290.512,921.136,1211.648,0
33,1.653258,136.528,3258.256,3394.784,0
34,1.702904,234.272,2903.632,3137.904,0
35,1.751906,186.448,1905.792,2092.240,0
36,1.802283,144.752,2282.928,2427.680,0
37,1.851202,169.936,1201.552,1371.488,0
38,1.901250,151.968,1249.648,1401.616,0
39,1.952434,197.536,2433.600,2631.136,0
40,2.001544,207.696,1543.760,1751.456,0
41,2.051327,145.424,1326.912,1472.336,0
42,2.101281,144.688,1281.344,1426.032,0
43,2.151130,162.064,1129.552,1291.616,0
44,2.202522,202.800,2521.808,2724.608,0
45,2.251017,182.032,1016.992,1199.024,0
46,2.302462,198.576,2461.888,2660.464,0
47,2.351217,174.832,1216.640,1391.472,0
48,2.401286,144.208,1285.872,1430.080,0
49,2.451057,171.440,1057.040,1228.480,0
50,2.500957,188.592,957.456,1146.048,0
51,2.552032,145.696,2032.464,2178.160,0
52,2.601014,145.888,1014.032,1159.920,0
53,2.651985,155.568,1985.040,2140.608,0
54,2.701009,146.048,1009.280,1155.328,0
55,2.752003,145.904,2002.768,2148.672,0
56,2.801246,176.624,1246.256,1422.880,0
57,2.851455,249.456,1454.880,1704.336,0
58,2.901002,155.760,1001.616,1157.376,0
59,2.952998,146.336,2998.144,3144.480,0
60,3.002229,191.104,2228.768,2419.872,0
61,3.051254,180.128,1254.240,1434.368,0
62,3.101414,144.336,1414.480,1558.816,0
63,3.151236,181.360,1235.552,1416.912,0
64,3.201592,1048.080,1591.600,2639.680,0
65,3.252431,193.168,2430.992,2624.160,0
66,3.301350,145.680,1350.368,1496.048,0
67,3.351290,173.376,1290.096,1463.472,0
68,3.402953,151.488,2952.944,3104.432,0
69,3.451243,179.056,1243.488,1422.544,0
70,3.501346,145.968,1346.496,1492.464,0
71,3.551065,145.056,1065.072,1210.128,0
72,3.601052,198.736,1052.432,1251.168,0
73,3.652040,149.888,2040.000,2189.888,0
74,3.701017,145.120,1016.800,1161.920,0
75,3.752993,146.800,2992.896,3139.696,0
76,3.802944,185.408,2944.416,3129.824,0
77,3.851028,145.856,1027.664,1173.520,0
78,3.901015,145.552,1014.880,1160.432,0
79,3.952029,145.984,2029.456,2175.440,0
80,4.001442,143.200,1441.584,1584.784,0
81,4.051338,146.368,1338.368,1484.736,0
82,4.101270,182.864,1269.920,1452.784,0
83,4.152025,145.776,2024.656,2170.432,0
84,4.201426,153.680,1425.856,1579.536,0
85,4.251396,144.960,1396.400,1541.360,0
86,4.301327,147.984,1327.312,1475.296,0
87,4.351379,144.768,1378.944,1523.712,0
88,4.402614,147.744,2613.888,2761.632,0
89,4.452355,144.528,2355.040,2499.568,0
90,4.501051,187.760,1051.488,1239.248,0
91,4.553415,145.264,3415.168,3560.432,0
92,4.602461,217.776,2460.992,2678.768,0
93,4.650990,150.224,990.448,1140.672,0
94,4.701014,151.872,1013.648,1165.520,0
95,4.752987,173.184,2986.976,3160.160,0
96,4.801014,146.240,1013.584,1159.824,0
97,4.851988,152.224,1987.520,2139.744,0
98,4.900911,298.224,911.296,1209.520,0
99,4.951436,143.488,1435.792,1579.280,0
100,5.001260,186.560,1260.384,1446.944,0
101,5.051448,182.416,1448.000,1630.416,0
102,5.101277,167.856,1277.056,1444.912,0
103,5.151065,186.304,1064.608,1250.912,0
104,5.201005,152.672,1005.120,1157.792,0
105,5.251264,178.640,1264.368,1443.008,0
106,5.300998,146.384,998.384,1144.768,0
107,5.351998,200.592,1998.096,2198.688,0
108,5.401283,184.800,1282.576,1467.376,0
109,5.451039,195.936,1038.992,1234.928,0
110,5.501422,188.912,1422.016,1610.928,0
111,5.551036,183.760,1035.568,1219.328,0
112,5.602347,144.224,2347.056,2491.280,0
113,5.651409,134.048,1408.528,1542.576,0
114,5.701071,134.304,1070.592,1204.896,0
115,5.752189,165.008,2188.528,2353.536,0
116,5.801059,133.808,1058.912,1192.720,0
117,5.853062,194.464,3062.032,3256.496,0
118,5.902073,173.776,2073.456,2247.232,0
119,5.950988,147.296,988.224,1135.520,0
120,6.002880,247.472,2879.552,3127.024,0
121,6.052295,132.816,2295.184,2428.000,0
122,6.101192,286.688,1192.048,1478.736,0
123,6.151230,173.488,1230.336,1403.824,0
124,6.202304,139.232,2304.128,2443.360,0
125,6.251279,171.408,1279.248,1450.656,0
126,6.301001,145.376,1000.944,1146.320,0
127,6.353042,180.720,3042.416,3223.136,0
128,6.402886,272.048,2885.552,3157.600,0
129,6.452028,146.544,2027.648,2174.192,0
130,6.501417,203.552,1417.456,1621.008,0
131,6.552303,161.248,2302.880,2464.128,0
132,6.601542,183.952,1542.368,1726.320,0
133,6.651270,167.376,1270.032,1437.408,0
134,6.700978,193.472,977.696,1171.168,0
135,6.753270,170.032,3269.824,3439.856,0
136,6.802235,133.536,2234.672,2368.208,0
137,6.851272,180.736,1272.160,1452.896,0
138,6.901269,158.464,1268.976,1427.440,0
139,6.952198,147.488,2198.416,2345.904,0
140,7.001307,155.392,1306.576,1461.968,0
141,7.051050,144.896,1049.664,1194.560,0
142,7.101015,330.544,1014.528,1345.072,0
143,7.151050,175.104,1050.256,1225.360,0
144,7.200978,150.000,978.144,1128.144,0
145,7.251365,144.112,1365.280,1509.392,0
146,7.301289,153.504,1288.640,1442.144,0
147,7.351984,137.072,1984.176,2121.248,0
148,7.402960,175.856,2959.648,3135.504,0
149,7.451249,181.120,1249.344,1430.464,0
150,7.500994,176.304,994.080,1170.384,0
151,7.552998,145.760,2998.064,3143.824,0
152,7.603018,174.976,3018.160,3193.136,0
153,7.651025,134.576,1025.200,1159.776,0
154,7.702335,164.656,2334.832,2499.488,0
155,7.751276,165.072,1275.680,1440.752,0
156,7.801239,144.928,1239.456,1384.384,0
157,7.852420,184.672,2420.224,2604.896,0
158,7.901265,184.976,1265.072,1450.048,0
159,7.951432,167.520,1432.080,1599.600,0
160,8.001030,134.736,1030.352,1165.088,0
161,8.051975,179.664,1975.120,2154.784,0
162,8.102432,198.896,2432.032,2630.928,0
163,8.152442,143.248,2441.824,2585.072,0
164,8.201275,154.480,1275.232,1429.712,0
165,8.251440,143.248,1439.584,1582.832,0
166,8.301302,169.824,1302.096,1471.920,0
167,8.352341,136.864,2341.344,2478.208,0
168,8.401241,167.920,1240.784,1408.704,0
169,8.452018,167.648,2018.192,2185.840,0
170,8.501041,144.992,1041.456,1186.448,0
171,8.551972,159.456,1971.664,2131.120,0
172,8.602369,146.160,2368.800,2514.960,0
173,8.651285,180.592,1285.136,1465.728,0
174,8.701196,170.720,1196.096,1366.816,0
175,8.752006,147.024,2006.480,2153.504,0
176,8.801029,157.120,1028.688,1185.808,0
177,8.852007,148.176,2006.816,2154.992,0
178,8.902915,212.368,2914.560,3126.928,0
179,8.952327,167.376,2326.752,2494.128,0
180,9.002653,145.472,2652.720,2798.192,0
181,9.052424,134.176,2423.616,2557.792,0
182,9.101348,147.392,1348.480,1495.872,0
183,9.152184,135.680,2183.568,2319.248,0
184,9.201440,143.568,1439.808,1583.376,0
185,9.251924,301.296,1924.256,2225.552,0
186,9.301230,174.928,1229.792,1404.720,0
187,9.352392,134.256,2392.224,2526.480,0
188,9.401231,145.408,1230.640,1376.048,0
189,9.452012,183.232,2011.968,2195.200,0
190,9.501426,183.008,1426.208,1609.216,0
191,9.552265,179.088,2265.376,2444.464,0
192,9.601346,133.728,1346.160,1479.888,0
193,9.651040,149.200,1039.664,1188.864,0
194,9.701047,174.656,1047.104,1221.760,0
195,9.752354,134.848,2353.680,2488.528,0
196,9.801227,183.808,1226.736,1410.544,0
197,9.851270,183.440,1269.968,1453.408,0
198,9.901295,181.264,1295.440,1476.704,0
199,9.951069,190.272,1068.928,1259.200,0
200,10.001001,175.616,1000.800,1176.416,0
201,10.052018,145.840,2018.224,2164.064,0
202,10.101449,221.600,1449.168,1670.768,0
203,10.151962,148.256,1961.840,2110.096,0
204,10.201284,188.224,1283.552,1471.776,0
205,10.252058,184.976,2057.888,2242.864,0
206,10.302927,325.808,2927.440,3253.248,0
207,10.351958,168.912,1957.824,2126.736,0
208,10.402811,329.968,2810.880,3140.848,0
209,10.451991,224.768,1990.800,2215.568,0
210,10.501037,144.944,1037.360,1182.304,0
211,10.552131,188.640,2130.608,2319.248,0
212,10.601030,146.128,1030.048,1176.176,0
213,10.652072,199.616,2072.400,2272.016,0
214,10.701017,145.808,1016.944,1162.752,0
215,10.751990,173.648,1990.160,2163.808,0
216,10.802892,323.632,2891.680,3215.312,0
217,10.851995,162.128,1994.816,2156.944,0
218,10.900986,183.792,986.496,1170.288,0
219,10.952235,150.864,2234.640,2385.504,0
220,11.001381,145.616,1380.720,1526.336,0
221,11.051993,147.632,1992.560,2140.192,0
222,11.100992,169.552,991.712,1161.264,0
223,11.152402,144.704,2402.032,2546.736,0
224,11.201218,144.352,1218.208,1362.560,0
225,11.253033,146.000,3032.880,3178.880,0
226,11.302982,176.608,2981.648,3158.256,0
227,11.351296,145.600,1296.080,1441.680,0
228,11.401070,190.272,1069.936,1260.208,0
229,11.452233,170.256,2233.088,2403.344,0
230,11.501391,144.768,1390.624,1535.392,0
231,11.551213,188.992,1213.168,1402.160,0
232,11.602919,263.072,2919.456,3182.528,0
233,11.652269,167.744,2268.576,2436.320,0
234,11.701032,249.152,1032.352,1281.504,0
235,11.752006,135.760,2005.760,2141.520,0
236,11.802939,256.144,2938.720,3194.864,0
237,11.852036,145.840,2036.016,2181.856,0
238,11.901020,145.696,1020.256,1165.952,0
239,11.952334,146.384,2333.696,2480.080,0
240,12.001219,174.256,1219.104,1393.360,0
241,12.051041,174.512,1041.408,1215.920,0
242,12.101031,200.016,1030.896,1230.912,0
243,12.152029,146.368,2029.200,2175.568,0
244,12.202554,154.976,2554.144,2709.120,0
245,12.251237,174.432,1237.184,1411.616,0
246,12.300962,163.568,962.000,1125.568,0
247,12.352234,146.272,2233.904,2380.176,0
248,12.401067,173.648,1067.200,1240.848,0
249,12.451979,148.128,1978.672,2126.800,0
250,12.501002,146.016,1002.320,1148.336,0
251,12.553283,182.896,3283.056,3465.952,0
252,12.602666,144.912,2665.824,2810.736,0
253,12.652057,185.776,2056.512,2242.288,0
254,12.701029,145.248,1029.024,1174.272,0
255,12.752990,155.200,2990.016,3145.216,0
256,12.802927,223.040,2926.704,3149.744,0
257,12.852030,145.232,2029.712,2174.944,0
258,12.901244,188.528,1243.760,1432.288,0
259,12.951991,135.280,1990.848,2126.128,0
260,13.002949,137.616,2949.216,3086.832,0
261,13.052067,187.728,2067.424,2255.152,0
262,13.102663,145.680,2663.424,2809.104,0
263,13.152014,162.096,2013.856,2175.952,0
264,13.200997,169.072,996.944,1166.016,0
265,13.252064,172.128,2064.064,2236.192,0
266,13.301020,145.952,1020.464,1166.416,0
267,13.351986,168.928,1985.568,2154.496,0
268,13.401028,151.984,1028.160,1180.144,0
269,13.452445,220.112,2444.816,2664.928,0
270,13.500960,163.824,959.680,1123.504,0
271,13.553420,199.280,3420.128,3619.408,0
272,13.601259,190.544,1258.944,1449.488,0
273,13.652362,145.504,2361.936,2507.440,0
274,13.701285,183.232,1284.720,1467.952,0
275,13.751211,168.304,1210.704,1379.008,0
276,13.801005,146.144,1005.136,1151.280,0
277,13.853377,144.496,3376.512,3521.008,0
278,13.901295,147.632,1294.672,1442.304,0
279,13.951056,203.808,1056.448,1260.256,0
280,14.001256,188.288,1255.536,1443.824,0
281,14.051248,182.768,1247.760,1430.528,0
282,14.101258,184.400,1257.568,1441.968,0
283,14.151997,146.528,1996.912,2143.440,0
284,14.202977,180.848,2977.296,3158.144,0
285,14.252231,150.688,2231.200,2381.888,0
286,14.301248,182.720,1247.760,1430.480,0
287,14.352050,192.256,2050.144,2242.400,0
288,14.401205,190.384,1204.880,1395.264,0
289,14.451018,145.328,1017.920,1163.248,0
290,14.501044,201.440,1044.320,1245.760,0
291,14.551996,173.424,1995.536,2168.960,0
292,14.601267,175.568,1267.440,1443.008,0
293,14.652013,147.824,2013.168,2160.992,0
294,14.701401,145.616,1401.168,1546.784,0
295,14.752037,145.808,2037.296,2183.104,0
296,14.802432,175.264,2431.952,2607.216,0
297,14.851303,143.792,1303.440,1447.232,0
298,14.901292,171.984,1291.968,1463.952,0
299,14.951295,147.152,1294.704,1441.856,0
300,15.003333,144.032,3333.104,3477.136,0
301,15.051189,145.520,1188.800,1334.320,0
302,15.101397,145.136,1397.232,1542.368,0
303,15.151266,152.528,1265.792,1418.320,0
304,15.201270,133.968,1269.856,1403.824,0
305,15.253048,145.248,3047.872,3193.120,0
306,15.302721,148.256,2721.328,2869.584,0
307,15.351981,171.600,1980.656,2152.256,0
308,15.402937,194.960,2937.024,3131.984,0
309,15.451279,169.328,1278.832,1448.160,0
310,15.501035,147.392,1035.200,1182.592,0
311,15.552003,146.032,2002.752,2148.784,0
312,15.602927,252.816,2926.880,3179.696,0
313,15.651995,179.568,1995.152,2174.720,0
314,15.702227,169.888,2226.672,2396.560,0
315,15.751267,184.720,1266.528,1451.248,0
316,15.801230,172.016,1229.920,1401.936,0
317,15.852390,134.368,2390.448,2524.816,0
318,15.901071,182.176,1070.672,1252.848,0
319,15.951966,151.184,1965.888,2117.072,0
320,16.002867,321.792,2866.944,3188.736,0
321,16.052035,134.560,2034.608,2169.168,0
322,16.102717,149.472,2716.816,2866.288,0
323,16.152074,134.016,2073.600,2207.616,0
324,16.200999,148.832,999.024,1147.856,0
325,16.251282,176.048,1281.600,1457.648,0
326,16.302995,138.480,2995.184,3133.664,0
327,16.351129,148.576,1128.864,1277.440,0
328,16.401067,157.024,1066.544,1223.568,0
329,16.451918,236.192,1918.240,2154.432,0
330,16.502313,134.752,2312.576,2447.328,0
331,16.552004,179.696,2004.432,2184.128,0
332,16.601347,137.760,1346.736,1484.496,0
333,16.651429,142.608,1429.056,1571.664,0
334,16.701212,133.472,1211.616,1345.088,0
335,16.751166,161.936,1165.680,1327.616,0
336,16.802795,262.064,2795.392,3057.456,0
337,16.851977,161.632,1977.472,2139.104,0
338,16.902947,253.056,2946.800,3199.856,0
339,16.952159,169.376,2159.168,2328.544,0
340,17.001009,145.600,1009.072,1154.672,0
341,17.053321,138.512,3321.072,3459.584,0
342,17.101254,137.664,1254.048,1391.712,0
343,17.151008,134.928,1007.840,1142.768,0
344,17.201030,135.232,1029.792,1165.024,0
345,17.251262,164.736,1262.272,1427.008,0
346,17.301388,133.888,1388.032,1521.920,0
347,17.351202,180.368,1201.952,1382.320,0
348,17.401006,159.664,1006.144,1165.808,0
349,17.452368,135.472,2368.496,2503.968,0
350,17.500998,165.760,998.480,1164.240,0
351,17.553280,174.864,3279.664,3454.528,0
352,17.601120,184.448,1120.160,1304.608,0
353,17.652215,201.696,2215.312,2417.008,0
354,17.702424,133.360,2424.384,2557.744,0
355,17.751177,171.120,1176.848,1347.968,0
356,17.800966,163.152,965.696,1128.848,0
357,17.850934,219.728,934.240,1153.968,0
358,17.902429,133.296,2428.896,2562.192,0
359,17.951060,156.864,1060.448,1217.312,0
360,18.001043,163.344,1043.168,1206.512,0
361,18.051876,202.688,1876.032,2078.720,0
362,18.102787,212.480,2787.232,2999.712,0
363,18.152228,158.512,2227.872,2386.384,0
364,18.200999,141.872,999.040,1140.912,0
365,18.252234,156.944,2234.080,2391.024,0
366,18.301277,168.960,1276.624,1445.584,0
367,18.351992,175.520,1991.696,2167.216,0
368,18.401330,133.440,1330.224,1463.664,0
369,18.452298,133.520,2298.000,2431.520,0
370,18.501044,134.240,1043.616,1177.856,0
371,18.551971,140.128,1970.592,2110.720,0
372,18.602225,133.168,2225.216,2358.384,0
373,18.650982,140.512,982.032,1122.544,0
374,18.702407,136.128,2407.136,2543.264,0
375,18.751971,155.216,1971.056,2126.272,0
376,18.802524,178.032,2523.664,2701.696,0
377,18.851344,147.264,1343.984,1491.248,0
378,18.901071,134.032,1071.440,1205.472,0
379,18.951975,155.232,1974.704,2129.936,0
380,19.002203,185.584,2203.216,2388.800,0
381,19.050902,228.736,901.728,1130.464,0
382,19.102358,147.248,2358.288,2505.536,0
383,19.151286,137.360,1286.048,1423.408,0
384,19.201015,140.192,1015.040,1155.232,0
385,19.253048,138.304,3048.048,3186.352,0
386,19.302784,143.456,2783.600,2927.056,0
387,19.351956,175.024,1955.504,2130.528,0
388,19.401421,132.512,1420.752,1553.264,0
389,19.450989,146.992,988.960,1135.952,0
390,19.501044,158.480,1044.016,1202.496,0
391,19.553194,198.992,3193.760,3392.752,0
392,19.602923,297.424,2922.992,3220.416,0
393,19.651922,234.496,1921.600,2156.096,0
394,19.702871,245.328,2870.656,3115.984,0
395,19.751987,170.544,1987.184,2157.728,0
396,19.802270,134.128,2269.616,2403.744,0
397,19.851443,191.904,1443.280,1635.184,0
398,19.901270,173.760,1269.872,1443.632,0
399,19.952058,182.976,2058.480,2241.456,0
400,20.001287,167.504,1286.592,1454.096,0
401,20.051421,210.064,1420.608,1630.672,0
402,20.101070,170.000,1070.000,1240.000,0
403,20.152056,183.792,2055.856,2239.648,0
404,20.200977,148.896,977.184,1126.080,0
405,20.251937,225.584,1937.392,2162.976,0
406,20.301057,175.824,1056.592,1232.416,0
407,20.351064,168.960,1064.224,1233.184,0
408,20.402729,182.720,2728.832,2911.552,0
409,20.452223,133.184,2223.264,2356.448,0
410,20.501293,160.016,1293.072,1453.088,0
411,20.552237,184.032,2237.168,2421.200,0
412,20.601042,134.272,1041.792,1176.064,0
413,20.652981,172.640,2980.640,3153.280,0
414,20.702408,134.032,2408.032,2542.064,0
415,20.751052,133.824,1052.064,1185.888,0
416,20.801122,171.136,1121.600,1292.736,0
417,20.851965,155.184,1965.488,2120.672,0
418,20.902895,282.032,2894.720,3176.752,0
419,20.952340,133.392,2339.776,2473.168,0
420,21.002382,134.880,2382.384,2517.264,0
421,21.051344,132.800,1344.160,1476.960,0
422,21.101338,144.224,1338.336,1482.560,0
423,21.151281,144.096,1280.560,1424.656,0
424,21.201065,1480.032,1064.880,2544.912,0
425,21.252448,133.136,2447.568,2580.704,0
426,21.302241,153.968,2240.944,2394.912,0
427,21.351574,179.056,1573.824,1752.880,0
428,21.401247,153.856,1247.088,1400.944,0
429,21.452848,216.880,2848.336,3065.216,0
430,21.502388,144.512,2388.048,2532.560,0
431,21.551126,197.072,1126.016,1323.088,0
432,21.601256,173.680,1255.952,1429.632,0
433,21.652971,184.112,2970.992,3155.104,0
434,21.703231,175.328,3231.296,3406.624,0
435,21.750998,179.616,997.952,1177.568,0
436,21.801366,151.552,1365.872,1517.424,0
437,21.851905,229.824,1904.688,2134.512,0
438,21.902182,172.864,2182.384,2355.248,0
439,21.951223,153.088,1222.768,1375.856,0
440,22.001349,135.488,1348.736,1484.224,0
441,22.051175,136.016,1175.104,1311.120,0
442,22.102438,143.440,2437.664,2581.104,0
443,22.151224,177.648,1223.904,1401.552,0
444,22.201068,189.696,1067.920,1257.616,0
445,22.252131,169.392,2131.200,2300.592,0
446,22.301013,172.496,1012.720,1185.216,0
447,22.351993,159.760,1992.848,2152.608,0
448,22.401344,147.840,1344.128,1491.968,0
449,22.451366,146.672,1366.352,1513.024,0
450,22.501025,152.368,1025.264,1177.632,0
451,22.550915,231.632,915.088,1146.720,0
452,22.602327,143.904,2326.832,2470.736,0
453,22.651545,176.816,1545.456,1722.272,0
454,22.702209,183.824,2208.960,2392.784,0
455,22.751302,151.568,1301.632,1453.200,0
456,22.801363,134.272,1363.040,1497.312,0
457,22.850971,211.504,971.248,1182.752,0
458,22.901450,196.816,1449.776,1646.592,0
459,22.951010,135.456,1010.128,1145.584,0
460,23.002427,152.960,2427.424,2580.384,0
461,23.051173,173.312,1173.248,1346.560,0
462,23.100959,136.080,959.040,1095.120,0
463,23.151206,135.824,1206.448,1342.272,0
464,23.201288,136.000,1288.336,1424.336,0
465,23.253281,174.080,3280.608,3454.688,0
466,23.302808,219.760,2807.584,3027.344,0
467,23.350986,196.048,986.112,1182.160,0
468,23.401216,194.144,1215.680,1409.824,0
469,23.451409,133.632,1409.328,1542.960,0
470,23.501249,184.512,1249.456,1433.968,0
471,23.551998,147.232,1998.224,2145.456,0
472,23.601274,179.728,1274.368,1454.096,0
473,23.651066,146.080,1065.776,1211.856,0
474,23.701009,159.712,1008.576,1168.288,0
475,23.751988,136.528,1988.336,2124.864,0
476,23.802787,134.496,2786.672,2921.168,0
477,23.852285,169.904,2285.088,2454.992,0
478,23.901030,144.640,1029.648,1174.288,0
479,23.952047,158.544,2047.344,2205.888,0
480,24.003011,147.216,3011.344,3158.560,0
481,24.051432,231.792,1432.064,1663.856,0
482,24.101279,150.512,1279.264,1429.776,0
483,24.151037,134.176,1036.848,1171.024,0
484,24.201343,135.664,1343.008,1478.672,0
485,24.251969,136.544,1969.120,2105.664,0
486,24.302411,133.168,2411.216,2544.384,0
487,24.351421,196.496,1420.592,1617.088,0
488,24.401072,138.352,1071.536,1209.888,0
489,24.453071,137.984,3070.992,3208.976,0
490,24.503361,134.704,3360.960,3495.664,0
491,24.551999,163.024,1999.248,2162.272,0
492,24.602229,175.584,2228.656,2404.240,0
493,24.651009,155.056,1009.024,1164.080,0
494,24.700970,144.352,969.584,1113.936,0
495,24.751429,133.392,1429.264,1562.656,0
496,24.801077,183.104,1076.544,1259.648,0
497,24.852418,153.904,2417.696,2571.600,0
498,24.901240,170.528,1240.224,1410.752,0
499,24.952038,146.064,2037.904,2183.968,0
500,25.001237,160.448,1236.720,1397.168,0
501,25.051974,182.160,1973.952,2156.112,0
502,25.102219,137.472,2218.880,2356.352,0
503,25.151047,182.080,1046.624,1228.704,0
504,25.200996,156.416,996.256,1152.672,0
505,25.251239,172.560,1239.488,1412.048,0
506,25.300982,171.520,981.600,1153.120,0
507,25.351869,217.824,1868.944,2086.768,0
508,25.401337,157.648,1337.152,1494.800,0
509,25.452008,146.800,2007.616,2154.416,0
510,25.502845,199.712,2845.312,3045.024,0
511,25.552214,153.280,2214.352,2367.632,0
512,25.600925,243.856,924.736,1168.592,0
513,25.650990,145.824,990.384,1136.208,0
514,25.702869,254.576,2869.216,3123.792,0
515,25.752301,139.856,2300.784,2440.640,0
516,25.801350,135.504,1350.288,1485.792,0
517,25.852343,145.552,2343.056,2488.608,0
518,25.902588,134.048,2588.320,2722.368,0
519,25.951406,133.616,1405.936,1539.552,0
520,26.001359,134.560,1359.472,1494.032,0
521,26.050984,181.088,984.032,1165.120,0
522,26.100972,166.688,972.448,1139.136,0
523,26.151277,143.904,1276.896,1420.800,0
524,26.201420,136.352,1420.352,1556.704,0
525,26.251223,190.496,1223.360,1413.856,0
526,26.301239,187.760,1239.424,1427.184,0
527,26.350989,172.512,989.040,1161.552,0
528,26.401339,134.112,1339.008,1473.120,0
529,26.451989,174.016,1988.960,2162.976,0
530,26.500992,173.648,991.712,1165.360,0
531,26.551967,169.920,1967.328,2137.248,0
532,26.602283,184.720,2282.896,2467.616,0
533,26.650975,166.720,974.800,1141.520,0
534,26.702902,229.280,2902.240,3131.520,0
535,26.751928,293.984,1928.480,2222.464,0
536,26.802346,137.216,2346.208,2483.424,0
537,26.851300,153.664,1299.504,1453.168,0
538,26.901025,136.080,1025.120,1161.200,0
539,26.951245,145.408,1244.608,1390.016,0
540,27.001358,135.072,1357.808,1492.880,0
541,27.051267,148.192,1266.512,1414.704,0
542,27.101367,147.552,1366.752,1514.304,0
543,27.151029,136.256,1028.608,1164.864,0
544,27.202601,149.120,2601.120,2750.240,0
545,27.251220,145.008,1219.680,1364.688,0
546,27.301242,151.744,1241.872,1393.616,0
547,27.351926,291.424,1926.112,2217.536,0
548,27.401004,135.648,1003.616,1139.264,0
549,27.452020,145.520,2020.064,2165.584,0
550,27.501346,143.328,1346.224,1489.552,0
551,27.551047,178.656,1046.768,1225.424,0
552,27.600974,135.216,974.432,1109.648,0
553,27.651237,195.856,1237.056,1432.912,0
554,27.701432,181.552,1432.080,1613.632,0
555,27.751183,169.088,1183.040,1352.128,0
556,27.801421,144.112,1420.832,1564.944,0
557,27.851353,145.072,1352.608,1497.680,0
558,27.902367,134.032,2367.472,2501.504,0
559,27.951229,190.272,1229.232,1419.504,0
560,28.001178,166.704,1177.824,1344.528,0
561,28.052446,193.952,2446.240,2640.192,0
562,28.101199,133.792,1199.392,1333.184,0
563,28.152987,146.848,2986.592,3133.440,0
564,28.202522,176.192,2522.000,2698.192,0
565,28.250921,227.808,921.472,1149.280,0
566,28.302823,256.592,2823.312,3079.904,0
567,28.352028,145.728,2028.176,2173.904,0
568,28.402822,222.576,2822.000,3044.576,0
569,28.451946,198.112,1945.936,2144.048,0
570,28.502809,260.448,2809.232,3069.680,0
571,28.551339,134.016,1339.184,1473.200,0
572,28.601368,134.112,1368.448,1502.560,0
573,28.651004,138.016,1004.400,1142.416,0
574,28.702913,155.968,2913.024,3068.992,0
575,28.752449,191.776,2448.624,2640.400,0
576,28.801075,167.872,1074.864,1242.736,0
577,28.852998,167.744,2998.096,3165.840,0
578,28.903007,182.784,3007.456,3190.240,0
579,28.951062,144.672,1061.856,1206.528,0
580,29.002452,199.232,2451.776,2651.008,0
581,29.051236,197.408,1235.840,1433.248,0
582,29.101234,169.248,1233.568,1402.816,0
583,29.151990,173.456,1989.776,2163.232,0
584,29.203434,135.216,3433.536,3568.752,0
585,29.251446,209.888,1446.176,1656.064,0
586,29.301283,178.448,1283.104,1461.552,0
587,29.351299,133.440,1299.264,1432.704,0
588,29.401727,206.480,1727.360,1933.840,0
589,29.451041,145.840,1040.560,1186.400,0
590,29.500988,165.920,988.016,1153.936,0
591,29.551212,170.480,1212.384,1382.864,0
592,29.600987,169.568,986.896,1156.464,0
593,29.652987,166.288,2986.560,3152.848,0
594,29.702989,182.304,2989.376,3171.680,0
595,29.751305,143.808,1305.456,1449.264,0
596,29.801250,181.344,1250.112,1431.456,0
597,29.851210,178.752,1210.160,1388.912,0
598,29.901347,134.016,1346.944,1480.960,0
599,29.952212,133.296,2212.048,2345.344,0
===CSV_END===
Statistics sent to li VM via shared memory
Run #9 completed. Waiting for next START command...
Waiting for START command from li VM...
