========================================
Signal Sender Workload (Synchronized)
========================================
Initializing shared memory...
Waiting for speedometer to register...
Found speedometer in shared memory!
Sending START command to speedometer: START: 30;5;20

Running workload signal period for 30 seconds...

Workload signal period completed.
Sending STOP command to speedometer...
Waiting for statistics from speedometer...

Stress workload terminated.
===VMSTAT_START===
procs -----------memory---------- ---swap-- -----io---- -system-- ------cpu-----
 r  b   swpd   free   buff  cache   si   so    bi    bo   in   cs us sy id wa st
 4  0      0 387132  11836  33352    0    0    47     7  254  141 88  9  3  0  0
 5  0      0 387132  11836  33348    0    0     0     0  509  260 100  0  0  0  0
 1  0      0 392340  11836  33348    0    0     0     0  499  215 92  5  4  0  0
 0  0      0 396388  11836  31184    0    0     0     0  159   85 10  7 83  0  0
 0  0      0 396388  11836  31184    0    0     0     0   17   21  0  0 99  0  0
 0  0      0 396388  11836  31184    0    0     0     0   13   16  0  0 100  0  0
 0  0      0 396388  11836  31184    0    0     0    88   28   29  0  1 98  2  0
 0  0      0 396388  11836  31184    0    0     0     0   15   18  0  0 100  0  0
 0  0      0 396388  11836  31184    0    0     0     0   14   14  0  0 100  0  0
 0  0      0 396388  11836  31184    0    0     0     0   17   23  0  0 100  0  0
 0  0      0 396388  11836  31184    0    0     0     0   13   14  0  0 100  0  0
 1  0      0 396388  11836  31184    0    0     0     0   14   15  0  0 100  0  0
 0  0      0 396388  11836  31184    0    0     0     0    9   13  0  0 100  0  0
 0  0      0 396388  11836  31184    0    0     0     0   15   21  0  0 100  0  0
 0  0      0 396388  11836  31184    0    0     0     0   12   17  0  0 100  0  0
 0  0      0 396388  11836  31184    0    0     0     0   13   12  0  0 100  0  0
 0  0      0 396388  11836  31184    0    0     0     0   12   18  0  0 100  0  0
 0  0      0 396388  11836  31184    0    0     0     0   13   19  0  0 100  0  0
 0  0      0 396388  11836  31184    0    0     0    16   25   22  0  1 99  0  0
 0  0      0 396388  11836  31184    0    0     0     0   13   16  0  0 100  0  0
 0  0      0 396388  11836  31184    0    0     0     0   15   18  1  0 100  0  0
 1  0      0 396388  11836  31184    0    0     0     0   14   20  0  0 100  0  0
 0  0      0 396388  11836  31184    0    0     0     0   14   18  0  0 100  0  0
 0  0      0 396388  11836  31184    0    0     0     0   14   18  0  0 100  0  0
 1  0      0 396388  11836  31184    0    0     0     0   19   22  0  0 99  0  0
 0  0      0 396388  11836  31184    0    0     0     0   19   25  0  1 100  0  0
 0  0      0 396388  11836  31184    0    0     0     0   12   16  0  0 100  0  0
 0  0      0 396388  11836  31184    0    0     0     0   10   13  0  0 100  0  0
 1  0      0 396388  11836  31184    0    0     0     0   15   20  0  0 100  0  0
 1  0      0 396388  11836  31184    0    0     0     0   17   21  0  0 99  0  0
 0  0      0 396388  11836  31184    0    0     0     0   15   21  0  0 100  0  0
 1  0      0 396388  11836  31184    0    0     0     0   45   43  1  1 98  0  0
 0  0      0 396388  11836  31184    0    0     0     0   25   32  0  1 99  0  0
===VMSTAT_END===
========== SPEEDOMETER RT APPLICATION RESULTS ==========
Test Configuration:
Period: 50.000 ms
Deadline: 5.000 ms
RT Priority: 99 (SCHED_FIFO)
Execution Statistics:
Total cycles: 599
Deadline misses: 1 (0.167%)
Execution Time (μs):
Mean: 196.007
Min: 132.608
Max: 14193.472
50th percentile: 160.496
95th percentile: 243.936
99th percentile: 313.696
99.9th percentile: 14193.472
Jitter (μs):
Mean: 1679.660
Min: 876.976
Max: 4349.792
Response Time (μs):
Mean: 1875.667
Min: 1069.920
Max: 18543.264
50th percentile: 1688.944
95th percentile: 2690.096
99th percentile: 3460.560
99.9th percentile: 18543.264
========================================================
[  347.151245] SDK:handler_do_el0_svc_pre: syscall __NR_futex (98) is not allowed
[  347.538930] SDK:handler_do_el0_svc_pre: syscall __NR_munmap (215) is not allowed
[  347.546250] SDK:handler_do_el0_svc_pre: syscall __NR_wait4 (260) is not allowed
[  347.552937] SDK:handler_do_el0_svc_pre: syscall __NR_munmap (215) is not allowed
[  347.559798] SDK:handler_do_el0_svc_pre: syscall __NR_rt_sigprocmask (135) is not allowed
[  347.566534] SDK:handler_do_el0_svc_pre: syscall __NR_futex (98) is not allowed
[  347.572960] SDK:handler_do_el0_svc_pre: syscall __NR_exit (93) is not allowed
[  347.575043] SDK:handler_do_el0_svc_pre: syscall __NR_futex (98) is not allowed
[  347.587873] SDK:handler_do_el0_svc_pre: syscall __NR_munmap (215) is not allowed
===VMSTAT_START===
procs -----------memory---------- ---swap-- -----io---- -system-- ------cpu-----
r  b   swpd   free   buff  cache   si   so    bi    bo   in   cs us sy id wa st
0  0      0  68452    512   9828    0    0     0     0   57   54  0  5 95  0  0
0  0      0  68452    512   9828    0    0     0     0   32   57  1  1 99  0  0
1  0      0  68452    512   9828    0    0     0     0   39   55  0  1 99  0  0
0  0      0  68452    512   9828    0    0     0     0   54   55  1  3 97  0  0
0  0      0  68452    512   9828    0    0     0     0   49   65  1  1 98  0  0
0  0      0  68452    512   9828    0    0     0     0   40   54  1  1 99  0  0
0  0      0  68452    512   9828    0    0     0     0   43   60  1  1 99  0  0
0  0      0  68452    512   9828    0    0     0     0   37   59  1  0 99  0  0
0  0      0  68452    512   9828    0    0     0     0   45   62  0  2 98  0  0
0  0      0  68452    512   9828    0    0     0     0   42   56  0  1 99  0  0
0  0      0  68452    512   9828    0    0     0     0   43   60  1  1 98  0  0
0  0      0  68452    512   9828    0    0     0     0   40   54  0  1 99  0  0
0  0      0  68452    512   9828    0    0     0     0   42   60  1  1 99  0  0
0  0      0  68452    512   9828    0    0     0     0   46   56  0  2 98  0  0
0  0      0  68452    512   9828    0    0     0     0   44   62  0  1 99  0  0
0  0      0  68452    512   9828    0    0     0     0   38   56  0  0 100  0  0
0  0      0  68452    512   9828    0    0     0     0   48   62  1  1 98  0  0
0  0      0  68452    512   9828    0    0     0     0   39   58  0  1 99  0  0
0  0      0  68452    512   9828    0    0     0     0   41   58  1  1 98  0  0
0  0      0  68452    512   9828    0    0     0     0   33   54  0  0 100  0  0
0  0      0  68452    512   9828    0    0     0     0   46   64  0  1 99  0  0
0  0      0  68452    512   9828    0    0     0     0   36   57  0  1 99  0  0
0  0      0  68452    512   9828    0    0     0     0   36   59  0  1 99  0  0
0  0      0  68452    512   9828    0    0     0     0   42   55  1  1 98  0  0
0  0      0  68452    512   9828    0    0     0     0   43   64  0  1 99  0  0
0  0      0  68452    512   9828    0    0     0     0   35   54  1  0 99  0  0
0  0      0  68452    512   9828    0    0     0     0   47   59  1  1 99  0  0
0  0      0  68452    512   9828    0    0     0     0   44   60  0  1 99  0  0
0  0      0  68452    512   9828    0    0     0     0   40   62  1  1 99  0  0
0  0      0  68452    512   9828    0    0     0     0   45   57  1  1 98  0  0
0  0      0  68452    512   9828    0    0     0     0  131   36  1  6 93  0  0
===VMSTAT_END===
===CSV_START===
cycle,timestamp_s,execution_time_us,jitter_us,response_time_us,deadline_miss
1,0.053753,367.440,3753.104,4120.544,0
2,0.103308,149.328,3307.760,3457.088,0
3,0.153139,178.336,3139.072,3317.408,0
4,0.201034,185.936,1034.480,1220.416,0
5,0.251302,148.032,1302.176,1450.208,0
6,0.301198,163.824,1198.192,1362.016,0
7,0.351408,143.952,1407.872,1551.824,0
8,0.401203,172.800,1203.200,1376.000,0
9,0.451329,148.368,1329.248,1477.616,0
10,0.501311,147.312,1310.576,1457.888,0
11,0.552228,148.064,2228.016,2376.080,0
12,0.600998,189.776,997.712,1187.488,0
13,0.652027,195.408,2027.152,2222.560,0
14,0.700999,175.216,999.072,1174.288,0
15,0.751357,145.280,1357.488,1502.768,0
16,0.801301,147.184,1301.120,1448.304,0
17,0.851332,144.880,1331.680,1476.560,0
18,0.901219,148.848,1218.512,1367.360,0
19,0.951339,145.600,1339.280,1484.880,0
20,1.001243,165.360,1243.232,1408.592,0
21,1.051980,135.296,1979.712,2115.008,0
22,1.102018,227.616,2018.224,2245.840,0
23,1.151390,216.944,1390.400,1607.344,0
24,1.201019,183.152,1018.528,1201.680,0
25,1.251331,150.672,1330.592,1481.264,0
26,1.301251,144.720,1251.024,1395.744,0
27,1.351252,144.592,1251.872,1396.464,0
28,1.401254,193.472,1254.064,1447.536,0
29,1.451324,153.504,1323.584,1477.088,0
30,1.501321,145.248,1320.880,1466.128,0
31,1.551986,191.152,1986.080,2177.232,0
32,1.601011,175.168,1011.280,1186.448,0
33,1.651307,145.184,1307.008,1452.192,0
34,1.701994,263.936,1994.496,2258.432,0
35,1.751966,190.128,1966.112,2156.240,0
36,1.801981,255.040,1980.544,2235.584,0
37,1.851886,163.680,1885.568,2049.248,0
38,1.902089,173.616,2088.720,2262.336,0
39,1.951947,137.088,1947.264,2084.352,0
40,2.002108,210.944,2107.808,2318.752,0
41,2.051954,173.280,1953.936,2127.216,0
42,2.101229,144.464,1229.392,1373.856,0
43,2.151264,144.880,1264.272,1409.152,0
44,2.201252,182.864,1251.664,1434.528,0
45,2.251699,218.896,1698.912,1917.808,0
46,2.302224,155.936,2224.416,2380.352,0
47,2.354350,14193.472,4349.792,18543.264,1
48,2.401981,226.496,1980.720,2207.216,0
49,2.451209,203.680,1209.408,1413.088,0
50,2.501204,180.016,1204.448,1384.464,0
51,2.551952,148.432,1952.464,2100.896,0
52,2.602018,176.080,2017.664,2193.744,0
53,2.652193,188.800,2192.912,2381.712,0
54,2.701229,170.592,1228.816,1399.408,0
55,2.751295,169.632,1294.736,1464.368,0
56,2.801213,177.168,1212.928,1390.096,0
57,2.851887,300.544,1886.912,2187.456,0
58,2.901992,146.704,1991.744,2138.448,0
59,2.953029,173.328,3028.640,3201.968,0
60,3.001129,152.032,1129.344,1281.376,0
61,3.051867,234.368,1867.152,2101.520,0
62,3.102522,147.920,2522.128,2670.048,0
63,3.152035,144.896,2034.864,2179.760,0
64,3.202401,179.184,2401.424,2580.608,0
65,3.251932,166.768,1932.464,2099.232,0
66,3.301941,187.600,1941.008,2128.608,0
67,3.351978,155.344,1977.984,2133.328,0
68,3.401959,182.896,1958.976,2141.872,0
69,3.453304,137.648,3304.112,3441.760,0
70,3.501249,147.184,1248.768,1395.952,0
71,3.551978,146.176,1977.760,2123.936,0
72,3.601185,181.968,1184.704,1366.672,0
73,3.651437,188.752,1436.768,1625.520,0
74,3.701100,187.568,1099.888,1287.456,0
75,3.751178,188.576,1177.872,1366.448,0
76,3.802400,143.312,2399.552,2542.864,0
77,3.851412,191.840,1411.872,1603.712,0
78,3.901022,190.496,1022.112,1212.608,0
79,3.951314,145.088,1314.464,1459.552,0
80,4.002258,152.736,2257.792,2410.528,0
81,4.051948,185.056,1948.224,2133.280,0
82,4.101949,183.136,1949.472,2132.608,0
83,4.151980,146.064,1980.448,2126.512,0
84,4.201522,213.328,1521.856,1735.184,0
85,4.251931,139.104,1931.296,2070.400,0
86,4.301942,175.744,1942.080,2117.824,0
87,4.351855,261.264,1854.704,2115.968,0
88,4.402239,160.496,2239.216,2399.712,0
89,4.452559,174.048,2559.344,2733.392,0
90,4.502036,166.608,2036.128,2202.736,0
91,4.552310,142.768,2309.664,2452.432,0
92,4.601197,155.424,1197.040,1352.464,0
93,4.651471,189.872,1470.624,1660.496,0
94,4.701030,201.408,1029.728,1231.136,0
95,4.751309,148.336,1309.392,1457.728,0
96,4.801308,148.064,1308.256,1456.320,0
97,4.851553,143.008,1552.992,1696.000,0
98,4.901004,155.232,1004.448,1159.680,0
99,4.952234,144.656,2234.032,2378.688,0
100,5.001236,197.264,1236.000,1433.264,0
101,5.051891,300.704,1891.024,2191.728,0
102,5.102012,182.048,2011.968,2194.016,0
103,5.152251,154.176,2251.088,2405.264,0
104,5.201215,168.928,1215.280,1384.208,0
105,5.252186,142.592,2186.160,2328.752,0
106,5.300977,171.616,977.104,1148.720,0
107,5.352020,145.472,2019.664,2165.136,0
108,5.402312,147.792,2312.208,2460.000,0
109,5.452505,167.120,2504.912,2672.032,0
110,5.501193,187.312,1193.056,1380.368,0
111,5.551245,199.872,1244.816,1444.688,0
112,5.602015,171.856,2014.800,2186.656,0
113,5.651906,282.192,1905.984,2188.176,0
114,5.701910,260.720,1909.760,2170.480,0
115,5.751378,133.696,1377.504,1511.200,0
116,5.801588,150.240,1588.400,1738.640,0
117,5.852229,165.584,2228.944,2394.528,0
118,5.901295,133.008,1295.408,1428.416,0
119,5.951651,145.152,1650.768,1795.920,0
120,6.001843,223.152,1843.216,2066.368,0
121,6.051256,144.976,1255.696,1400.672,0
122,6.100883,250.272,883.232,1133.504,0
123,6.152166,133.680,2165.648,2299.328,0
124,6.201559,134.336,1559.056,1693.392,0
125,6.252678,181.664,2678.432,2860.096,0
126,6.302192,178.624,2191.936,2370.560,0
127,6.352021,160.784,2021.424,2182.208,0
128,6.402366,240.864,2365.840,2606.704,0
129,6.451965,161.184,1964.784,2125.968,0
130,6.502420,133.392,2420.128,2553.520,0
131,6.551216,167.248,1216.000,1383.248,0
132,6.601193,190.704,1192.576,1383.280,0
133,6.651256,144.976,1255.680,1400.656,0
134,6.701254,133.904,1254.240,1388.144,0
135,6.751414,132.928,1413.904,1546.832,0
136,6.801009,160.912,1008.528,1169.440,0
137,6.851225,150.832,1224.688,1375.520,0
138,6.900965,176.016,965.120,1141.136,0
139,6.951919,274.384,1918.608,2192.992,0
140,7.001875,233.216,1875.024,2108.240,0
141,7.052305,155.328,2304.592,2459.920,0
142,7.101336,145.184,1336.480,1481.664,0
143,7.151534,154.928,1534.016,1688.944,0
144,7.201091,156.688,1090.528,1247.216,0
145,7.251812,230.960,1811.600,2042.560,0
146,7.302184,138.512,2183.728,2322.240,0
147,7.352950,175.424,2949.792,3125.216,0
148,7.402231,134.000,2231.104,2365.104,0
149,7.451959,166.992,1959.088,2126.080,0
150,7.501919,270.032,1919.440,2189.472,0
151,7.552914,231.840,2913.552,3145.392,0
152,7.601967,166.672,1967.408,2134.080,0
153,7.651245,144.704,1244.544,1389.248,0
154,7.700877,230.096,876.976,1107.072,0
155,7.751872,237.072,1871.680,2108.752,0
156,7.801910,235.600,1910.176,2145.776,0
157,7.853189,203.680,3189.120,3392.800,0
158,7.901330,135.088,1329.968,1465.056,0
159,7.951193,186.992,1192.880,1379.872,0
160,8.000896,197.632,896.288,1093.920,0
161,8.052169,176.672,2168.928,2345.600,0
162,8.100911,271.632,911.056,1182.688,0
163,8.151987,213.856,1987.040,2200.896,0
164,8.201523,173.440,1522.928,1696.368,0
165,8.251539,153.248,1538.928,1692.176,0
166,8.301261,134.464,1260.976,1395.440,0
167,8.352412,133.296,2411.664,2544.960,0
168,8.401306,136.992,1306.032,1443.024,0
169,8.451179,154.128,1178.592,1332.720,0
170,8.501182,159.408,1181.952,1341.360,0
171,8.551395,133.232,1394.576,1527.808,0
172,8.601221,134.928,1221.200,1356.128,0
173,8.651833,201.952,1832.976,2034.928,0
174,8.701998,197.664,1997.728,2195.392,0
175,8.751895,225.920,1894.704,2120.624,0
176,8.802003,162.304,2003.248,2165.552,0
177,8.851768,290.816,1767.664,2058.480,0
178,8.902331,148.208,2331.232,2479.440,0
179,8.951205,163.488,1204.528,1368.016,0
180,9.001545,133.776,1545.184,1678.960,0
181,9.051416,143.056,1415.584,1558.640,0
182,9.101165,165.152,1164.672,1329.824,0
183,9.151545,152.480,1544.928,1697.408,0
184,9.201396,132.768,1395.968,1528.736,0
185,9.251214,181.312,1214.496,1395.808,0
186,9.301973,162.144,1973.312,2135.456,0
187,9.351247,133.776,1247.008,1380.784,0
188,9.401552,145.712,1552.448,1698.160,0
189,9.451180,157.712,1180.208,1337.920,0
190,9.501001,173.296,1001.312,1174.608,0
191,9.552423,132.656,2423.280,2555.936,0
192,9.601381,134.240,1380.896,1515.136,0
193,9.651554,161.152,1553.744,1714.896,0
194,9.701238,144.944,1238.032,1382.976,0
195,9.751406,132.608,1405.616,1538.224,0
196,9.801395,143.600,1395.040,1538.640,0
197,9.851225,134.208,1224.512,1358.720,0
198,9.901953,191.408,1953.216,2144.624,0
199,9.952473,191.824,2473.040,2664.864,0
200,10.000976,162.256,976.464,1138.720,0
201,10.051913,250.144,1912.736,2162.880,0
202,10.102001,162.672,2000.800,2163.472,0
203,10.151987,174.736,1987.456,2162.192,0
204,10.201171,170.880,1170.896,1341.776,0
205,10.251880,296.752,1879.792,2176.544,0
206,10.301981,185.392,1981.408,2166.800,0
207,10.351836,234.464,1836.496,2070.960,0
208,10.400963,161.840,962.640,1124.480,0
209,10.451955,162.416,1955.168,2117.584,0
210,10.502187,200.528,2187.312,2387.840,0
211,10.551418,195.312,1418.112,1613.424,0
212,10.601256,133.552,1256.048,1389.600,0
213,10.651780,243.936,1780.400,2024.336,0
214,10.701502,174.976,1501.824,1676.800,0
215,10.752261,157.504,2261.040,2418.544,0
216,10.801323,145.104,1323.056,1468.160,0
217,10.852254,144.848,2254.000,2398.848,0
218,10.901129,172.256,1128.784,1301.040,0
219,10.951995,173.648,1994.624,2168.272,0
220,11.001903,272.672,1903.344,2176.016,0
221,11.053013,173.488,3013.488,3186.976,0
222,11.100998,172.976,998.304,1171.280,0
223,11.151840,222.384,1839.680,2062.064,0
224,11.201976,162.064,1975.792,2137.856,0
225,11.251894,225.184,1893.584,2118.768,0
226,11.300982,162.400,982.416,1144.816,0
227,11.352426,188.848,2426.416,2615.264,0
228,11.401206,136.704,1205.664,1342.368,0
229,11.452006,162.432,2006.080,2168.512,0
230,11.502424,186.960,2423.552,2610.512,0
231,11.552094,170.880,2093.856,2264.736,0
232,11.600996,160.928,996.096,1157.024,0
233,11.651859,248.944,1858.960,2107.904,0
234,11.701942,166.480,1942.384,2108.864,0
235,11.752519,171.088,2519.008,2690.096,0
236,11.801961,166.352,1961.312,2127.664,0
237,11.852956,165.360,2955.920,3121.280,0
238,11.901175,175.008,1175.280,1350.288,0
239,11.952246,134.016,2245.904,2379.920,0
240,12.001002,173.408,1002.080,1175.488,0
241,12.051306,156.592,1305.632,1462.224,0
242,12.101161,162.144,1161.472,1323.616,0
243,12.151588,146.224,1588.272,1734.496,0
244,12.202307,155.504,2306.752,2462.256,0
245,12.252019,199.728,2019.392,2219.120,0
246,12.302564,721.904,2564.256,3286.160,0
247,12.351060,199.680,1059.952,1259.632,0
248,12.401003,201.120,1002.864,1203.984,0
249,12.452490,213.216,2489.984,2703.200,0
250,12.501146,146.832,1145.664,1292.496,0
251,12.551767,250.288,1766.832,2017.120,0
252,12.601969,167.808,1969.232,2137.040,0
253,12.652972,146.048,2972.416,3118.464,0
254,12.701896,284.544,1895.728,2180.272,0
255,12.752558,155.776,2558.224,2714.000,0
256,12.802003,149.600,2003.104,2152.704,0
257,12.851979,146.352,1979.472,2125.824,0
258,12.901896,267.952,1895.984,2163.936,0
259,12.952037,180.064,2037.440,2217.504,0
260,13.001508,176.096,1507.504,1683.600,0
261,13.051390,144.016,1389.856,1533.872,0
262,13.101381,193.072,1381.408,1574.480,0
263,13.151402,145.136,1401.504,1546.640,0
264,13.201337,148.704,1336.672,1485.376,0
265,13.251307,155.168,1307.104,1462.272,0
266,13.301239,183.920,1238.912,1422.832,0
267,13.352250,155.104,2249.792,2404.896,0
268,13.400993,154.240,993.360,1147.600,0
269,13.452232,211.360,2231.920,2443.280,0
270,13.501506,176.128,1505.520,1681.648,0
271,13.551098,156.448,1097.648,1254.096,0
272,13.600918,313.696,917.760,1231.456,0
273,13.651577,148.688,1577.376,1726.064,0
274,13.701993,146.368,1992.992,2139.360,0
275,13.752370,144.432,2370.000,2514.432,0
276,13.801241,154.128,1240.768,1394.896,0
277,13.851832,224.080,1832.144,2056.224,0
278,13.902243,176.752,2243.280,2420.032,0
279,13.952330,145.408,2330.064,2475.472,0
280,14.001198,181.504,1197.680,1379.184,0
281,14.051786,269.616,1786.256,2055.872,0
282,14.102233,165.456,2233.392,2398.848,0
283,14.152344,148.464,2344.048,2492.512,0
284,14.201920,183.664,1919.792,2103.456,0
285,14.251337,145.776,1336.608,1482.384,0
286,14.301299,155.376,1299.376,1454.752,0
287,14.352108,217.712,2108.496,2326.208,0
288,14.401000,177.280,999.824,1177.104,0
289,14.452248,152.176,2248.080,2400.256,0
290,14.501310,146.944,1309.968,1456.912,0
291,14.551323,146.160,1323.312,1469.472,0
292,14.601213,172.624,1212.912,1385.536,0
293,14.652271,145.408,2270.960,2416.368,0
294,14.701265,144.384,1264.560,1408.944,0
295,14.751393,144.496,1393.440,1537.936,0
296,14.801332,144.784,1331.872,1476.656,0
297,14.851399,142.784,1398.992,1541.776,0
298,14.901331,145.056,1330.624,1475.680,0
299,14.951436,220.464,1435.808,1656.272,0
300,15.001185,198.848,1184.816,1383.664,0
301,15.051232,202.160,1231.888,1434.048,0
302,15.101403,143.296,1403.008,1546.304,0
303,15.151556,157.536,1556.048,1713.584,0
304,15.201961,150.480,1961.216,2111.696,0
305,15.253419,215.088,3418.752,3633.840,0
306,15.301330,147.632,1330.016,1477.648,0
307,15.351575,148.848,1574.544,1723.392,0
308,15.402357,133.616,2356.736,2490.352,0
309,15.451990,145.552,1989.808,2135.360,0
310,15.501839,224.784,1839.472,2064.256,0
311,15.551331,145.664,1330.624,1476.288,0
312,15.601197,162.784,1196.736,1359.520,0
313,15.651500,225.008,1499.824,1724.832,0
314,15.701331,143.440,1330.576,1474.016,0
315,15.751258,144.112,1258.064,1402.176,0
316,15.801507,185.712,1506.848,1692.560,0
317,15.851306,147.440,1306.336,1453.776,0
318,15.901977,174.784,1977.184,2151.968,0
319,15.951295,155.104,1295.456,1450.560,0
320,16.001259,144.784,1259.088,1403.872,0
321,16.051903,210.832,1903.408,2114.240,0
322,16.102009,157.536,2009.232,2166.768,0
323,16.151953,154.368,1952.880,2107.248,0
324,16.201925,223.664,1924.608,2148.272,0
325,16.252259,144.336,2259.424,2403.760,0
326,16.301236,184.384,1236.000,1420.384,0
327,16.351868,225.888,1867.664,2093.552,0
328,16.401982,161.168,1981.600,2142.768,0
329,16.451420,143.168,1419.840,1563.008,0
330,16.501235,163.936,1235.296,1399.232,0
331,16.551940,172.304,1939.504,2111.808,0
332,16.602399,152.880,2398.800,2551.680,0
333,16.651339,156.576,1338.768,1495.344,0
334,16.701236,145.760,1236.432,1382.192,0
335,16.751331,145.312,1330.560,1475.872,0
336,16.801379,146.288,1378.928,1525.216,0
337,16.851357,144.192,1356.816,1501.008,0
338,16.901358,144.384,1358.208,1502.592,0
339,16.951225,146.704,1225.424,1372.128,0
340,17.000978,175.664,977.920,1153.584,0
341,17.052152,165.680,2152.064,2317.744,0
342,17.100986,146.112,985.776,1131.888,0
343,17.152368,133.728,2367.840,2501.568,0
344,17.201126,150.384,1125.920,1276.304,0
345,17.252303,175.008,2302.640,2477.648,0
346,17.301393,143.136,1393.120,1536.256,0
347,17.351345,145.760,1344.576,1490.336,0
348,17.401253,144.032,1253.296,1397.328,0
349,17.451845,238.896,1845.120,2084.016,0
350,17.502032,220.192,2032.224,2252.416,0
351,17.552398,143.360,2397.856,2541.216,0
352,17.601310,154.112,1310.016,1464.128,0
353,17.652328,145.600,2328.160,2473.760,0
354,17.701324,133.968,1324.048,1458.016,0
355,17.751308,148.320,1308.176,1456.496,0
356,17.802181,180.704,2181.280,2361.984,0
357,17.851992,145.808,1991.840,2137.648,0
358,17.902567,144.128,2566.816,2710.944,0
359,17.951241,160.592,1241.280,1401.872,0
360,18.000966,170.704,966.144,1136.848,0
361,18.052313,137.152,2312.544,2449.696,0
362,18.101392,143.424,1392.192,1535.616,0
363,18.151334,145.088,1334.304,1479.392,0
364,18.201389,208.528,1389.152,1597.680,0
365,18.251267,144.000,1267.312,1411.312,0
366,18.300955,180.272,955.136,1135.408,0
367,18.351240,179.072,1240.080,1419.152,0
368,18.400900,205.792,899.968,1105.760,0
369,18.452539,144.464,2539.136,2683.600,0
370,18.501389,143.296,1389.472,1532.768,0
371,18.551235,170.640,1234.992,1405.632,0
372,18.601373,134.192,1373.056,1507.248,0
373,18.651231,190.368,1231.264,1421.632,0
374,18.701305,145.568,1304.768,1450.336,0
375,18.751376,192.016,1375.968,1567.984,0
376,18.801195,142.880,1195.072,1337.952,0
377,18.851392,145.632,1391.840,1537.472,0
378,18.901320,147.408,1320.336,1467.744,0
379,18.951470,189.600,1470.384,1659.984,0
380,19.001258,144.224,1258.368,1402.592,0
381,19.051255,143.312,1255.120,1398.432,0
382,19.101244,154.320,1244.144,1398.464,0
383,19.151237,176.320,1237.376,1413.696,0
384,19.201257,135.488,1256.752,1392.240,0
385,19.251238,168.448,1238.000,1406.448,0
386,19.300933,137.056,932.864,1069.920,0
387,19.353370,143.184,3370.464,3513.648,0
388,19.401244,163.104,1243.888,1406.992,0
389,19.451767,218.880,1767.216,1986.096,0
390,19.502356,144.400,2355.824,2500.224,0
391,19.552227,145.904,2226.928,2372.832,0
392,19.601318,137.040,1317.552,1454.592,0
393,19.651380,144.720,1380.320,1525.040,0
394,19.701331,153.472,1331.024,1484.496,0
395,19.751239,159.056,1239.360,1398.416,0
396,19.801560,134.160,1560.192,1694.352,0
397,19.852246,176.352,2246.400,2422.752,0
398,19.901249,172.160,1248.624,1420.784,0
399,19.951232,179.504,1232.112,1411.616,0
400,20.000986,156.000,986.080,1142.080,0
401,20.052002,149.840,2002.272,2152.112,0
402,20.101986,146.032,1986.112,2132.144,0
403,20.151848,215.872,1848.208,2064.080,0
404,20.202299,147.248,2299.360,2446.608,0
405,20.252098,165.856,2097.952,2263.808,0
406,20.301488,231.712,1488.368,1720.080,0
407,20.352839,344.864,2838.896,3183.760,0
408,20.401612,145.936,1611.632,1757.568,0
409,20.451918,273.136,1918.224,2191.360,0
410,20.501963,186.032,1962.576,2148.608,0
411,20.552510,172.288,2510.256,2682.544,0
412,20.601018,145.696,1018.352,1164.048,0
413,20.651200,183.408,1200.144,1383.552,0
414,20.701226,160.528,1226.240,1386.768,0
415,20.751225,179.632,1225.168,1404.800,0
416,20.801013,135.232,1013.296,1148.528,0
417,20.852037,168.512,2037.392,2205.904,0
418,20.901176,192.192,1175.728,1367.920,0
419,20.951156,193.520,1156.192,1349.712,0
420,21.001373,134.160,1372.736,1506.896,0
421,21.051572,146.288,1571.872,1718.160,0
422,21.102013,134.800,2012.816,2147.616,0
423,21.152391,144.928,2390.752,2535.680,0
424,21.201205,173.728,1204.736,1378.464,0
425,21.251383,144.496,1383.264,1527.760,0
426,21.301367,133.920,1366.768,1500.688,0
427,21.351222,201.744,1221.760,1423.504,0
428,21.401327,154.720,1326.816,1481.536,0
429,21.451233,211.952,1233.088,1445.040,0
430,21.501228,193.728,1227.648,1421.376,0
431,21.551376,204.240,1375.904,1580.144,0
432,21.600998,135.216,997.648,1132.864,0
433,21.652122,165.536,2122.288,2287.824,0
434,21.701482,201.888,1481.888,1683.776,0
435,21.751092,177.152,1092.176,1269.328,0
436,21.801006,173.616,1006.112,1179.728,0
437,21.852239,195.696,2239.456,2435.152,0
438,21.901023,170.608,1023.312,1193.920,0
439,21.951222,178.224,1222.192,1400.416,0
440,22.001025,136.352,1024.784,1161.136,0
441,22.052363,133.776,2363.488,2497.264,0
442,22.101291,156.368,1291.136,1447.504,0
443,22.151360,134.288,1359.536,1493.824,0
444,22.201990,147.536,1990.176,2137.712,0
445,22.251376,134.336,1376.128,1510.464,0
446,22.301223,165.216,1222.768,1387.984,0
447,22.351374,144.944,1373.872,1518.816,0
448,22.402093,178.688,2093.328,2272.016,0
449,22.451896,213.936,1895.648,2109.584,0
450,22.501935,191.536,1935.328,2126.864,0
451,22.551977,173.424,1977.216,2150.640,0
452,22.602235,164.544,2234.592,2399.136,0
453,22.652257,143.328,2257.344,2400.672,0
454,22.700987,146.448,987.424,1133.872,0
455,22.751986,146.016,1985.600,2131.616,0
456,22.802007,134.976,2006.800,2141.776,0
457,22.853009,145.600,3009.120,3154.720,0
458,22.902343,145.696,2343.376,2489.072,0
459,22.951252,143.552,1251.744,1395.296,0
460,23.001306,155.152,1306.096,1461.248,0
461,23.051137,171.456,1137.456,1308.912,0
462,23.101162,190.272,1161.552,1351.824,0
463,23.151778,219.392,1777.744,1997.136,0
464,23.202145,199.248,2144.912,2344.160,0
465,23.252032,219.552,2032.320,2251.872,0
466,23.300989,144.256,989.392,1133.648,0
467,23.351359,134.592,1358.544,1493.136,0
468,23.401257,144.336,1257.296,1401.632,0
469,23.451863,242.496,1862.928,2105.424,0
470,23.502275,133.600,2275.216,2408.816,0
471,23.552969,146.640,2969.056,3115.696,0
472,23.601901,252.560,1901.488,2154.048,0
473,23.653305,155.456,3305.104,3460.560,0
474,23.701227,212.560,1226.816,1439.376,0
475,23.751040,176.080,1040.464,1216.544,0
476,23.800945,171.472,944.672,1116.144,0
477,23.851994,145.824,1994.016,2139.840,0
478,23.901975,145.840,1974.992,2120.832,0
479,23.951395,132.656,1395.184,1527.840,0
480,24.001175,144.560,1174.672,1319.232,0
481,24.051389,143.312,1388.608,1531.920,0
482,24.101244,181.280,1243.968,1425.248,0
483,24.151239,164.448,1238.784,1403.232,0
484,24.201030,144.672,1030.048,1174.720,0
485,24.251975,162.192,1975.056,2137.248,0
486,24.301891,219.888,1890.608,2110.496,0
487,24.352203,160.864,2203.312,2364.176,0
488,24.402326,172.272,2325.920,2498.192,0
489,24.452341,145.056,2341.392,2486.448,0
490,24.501224,198.784,1223.984,1422.768,0
491,24.551320,147.920,1319.568,1467.488,0
492,24.601383,144.432,1383.312,1527.744,0
493,24.651376,134.720,1375.632,1510.352,0
494,24.701309,136.960,1309.328,1446.288,0
495,24.751231,191.840,1230.544,1422.384,0
496,24.801213,162.720,1212.608,1375.328,0
497,24.852269,137.712,2269.152,2406.864,0
498,24.901305,155.280,1305.104,1460.384,0
499,24.951354,144.272,1354.320,1498.592,0
500,25.001220,141.008,1219.856,1360.864,0
501,25.051380,143.808,1379.552,1523.360,0
502,25.101505,187.440,1505.488,1692.928,0
503,25.151203,175.232,1202.768,1378.000,0
504,25.201331,144.816,1331.088,1475.904,0
505,25.251407,143.312,1407.312,1550.624,0
506,25.301217,194.992,1217.040,1412.032,0
507,25.351380,144.320,1380.400,1524.720,0
508,25.401646,145.936,1645.872,1791.808,0
509,25.452223,188.832,2223.216,2412.048,0
510,25.501387,143.648,1386.736,1530.384,0
511,25.551320,147.344,1320.240,1467.584,0
512,25.601966,160.608,1965.648,2126.256,0
513,25.651987,146.128,1987.216,2133.344,0
514,25.701958,169.504,1957.776,2127.280,0
515,25.752636,159.520,2636.304,2795.824,0
516,25.802308,148.000,2307.968,2455.968,0
517,25.851898,259.584,1897.936,2157.520,0
518,25.902203,192.336,2202.608,2394.944,0
519,25.951324,154.336,1324.064,1478.400,0
520,26.001314,136.960,1314.368,1451.328,0
521,26.052583,146.672,2582.736,2729.408,0
522,26.102318,152.480,2318.000,2470.480,0
523,26.151255,144.736,1254.640,1399.376,0
524,26.201568,156.400,1567.680,1724.080,0
525,26.252004,220.016,2004.224,2224.240,0
526,26.300964,148.672,964.144,1112.816,0
527,26.351921,193.184,1921.488,2114.672,0
528,26.401254,187.040,1253.648,1440.688,0
529,26.451249,172.672,1249.136,1421.808,0
530,26.501368,134.240,1368.288,1502.528,0
531,26.551303,156.128,1302.720,1458.848,0
532,26.601410,142.896,1410.224,1553.120,0
533,26.651304,148.800,1304.032,1452.832,0
534,26.701964,188.864,1964.256,2153.120,0
535,26.751946,169.376,1946.016,2115.392,0
536,26.801058,157.696,1057.968,1215.664,0
537,26.851407,143.440,1407.392,1550.832,0
538,26.901034,133.968,1034.000,1167.968,0
539,26.951999,136.992,1999.104,2136.096,0
540,27.002181,142.752,2180.640,2323.392,0
541,27.051975,172.736,1975.120,2147.856,0
542,27.102037,170.048,2037.088,2207.136,0
543,27.151239,155.984,1238.864,1394.848,0
544,27.200986,178.160,985.856,1164.016,0
545,27.252008,146.352,2007.936,2154.288,0
546,27.300991,152.240,990.736,1142.976,0
547,27.352379,134.416,2379.120,2513.536,0
548,27.401330,144.736,1329.664,1474.400,0
549,27.451422,132.736,1422.240,1554.976,0
550,27.501930,157.984,1929.504,2087.488,0
551,27.552517,174.720,2517.152,2691.872,0
552,27.601011,144.560,1011.072,1155.632,0
553,27.651997,145.984,1997.296,2143.280,0
554,27.702153,196.176,2152.896,2349.072,0
555,27.752373,227.664,2372.832,2600.496,0
556,27.802325,142.992,2324.688,2467.680,0
557,27.852582,146.256,2582.288,2728.544,0
558,27.901002,167.360,1002.480,1169.840,0
559,27.951189,165.408,1189.168,1354.576,0
560,28.000992,146.096,991.792,1137.888,0
561,28.052493,152.928,2492.736,2645.664,0
562,28.101475,194.672,1474.880,1669.552,0
563,28.151304,155.136,1303.552,1458.688,0
564,28.201212,187.296,1211.712,1399.008,0
565,28.251202,174.080,1202.032,1376.112,0
566,28.300984,150.528,983.968,1134.496,0
567,28.352309,137.648,2309.344,2446.992,0
568,28.401317,148.048,1317.344,1465.392,0
569,28.451568,148.624,1567.728,1716.352,0
570,28.501967,171.984,1967.360,2139.344,0
571,28.552179,151.648,2179.376,2331.024,0
572,28.601006,156.336,1005.968,1162.304,0
573,28.651907,172.560,1906.864,2079.424,0
574,28.702252,143.392,2251.904,2395.296,0
575,28.751992,146.224,1991.968,2138.192,0
576,28.802034,161.968,2034.000,2195.968,0
577,28.852393,143.600,2393.232,2536.832,0
578,28.901512,195.504,1511.952,1707.456,0
579,28.951883,217.600,1883.360,2100.960,0
580,29.002404,143.504,2404.144,2547.648,0
581,29.051957,146.512,1957.184,2103.696,0
582,29.101987,172.496,1987.248,2159.744,0
583,29.152412,143.568,2411.728,2555.296,0
584,29.201310,137.184,1309.504,1446.688,0
585,29.251360,134.272,1360.208,1494.480,0
586,29.301383,133.680,1383.136,1516.816,0
587,29.352170,180.096,2170.368,2350.464,0
588,29.401328,144.528,1328.224,1472.752,0
589,29.451895,216.144,1894.848,2110.992,0
590,29.502570,1247.424,2569.504,3816.928,0
591,29.552390,145.312,2390.240,2535.552,0
592,29.602038,161.520,2037.696,2199.216,0
593,29.652368,223.472,2368.064,2591.536,0
594,29.700932,205.984,931.504,1137.488,0
595,29.752022,145.568,2022.496,2168.064,0
596,29.801917,181.088,1917.456,2098.544,0
597,29.851968,179.728,1967.584,2147.312,0
598,29.902381,144.112,2380.752,2524.864,0
599,29.951372,205.120,1372.256,1577.376,0
===CSV_END===
Statistics sent to li VM via shared memory
Run #7 completed. Waiting for next START command...
Waiting for START command from li VM...
