========================================
Signal Sender Workload (Synchronized)
========================================
Initializing shared memory...
Waiting for speedometer to register...
Found speedometer in shared memory!
Sending START command to speedometer: START: 30;5;20

Running workload signal period for 30 seconds...

Workload signal period completed.
Sending STOP command to speedometer...
Waiting for statistics from speedometer...

Stress workload terminated.
===VMSTAT_START===
procs -----------memory---------- ---swap-- -----io---- -system-- ------cpu-----
 r  b   swpd   free   buff  cache   si   so    bi    bo   in   cs us sy id wa st
 0  0      0 398008  11836  31180    0    0    34     6  190  105 63  7 29  0  0
 0  0      0 397884  11836  31184    0    0     0     0   17   16  0  0 100  0  0
 1  0      0 397884  11836  31184    0    0     0     0   17   20  0  0 100  0  0
 0  0      0 397884  11836  31184    0    0     0     0   14   18  0  0 100  0  0
 0  0      0 397884  11836  31184    0    0     0     0   14   15  0  0 100  0  0
 0  0      0 397884  11836  31184    0    0     0    56   27   34  0  0 99  0  0
 0  0      0 397884  11836  31184    0    0     0     0   23   18  0  0 100  0  0
 0  0      0 397884  11836  31184    0    0     0     0   14   18  0  0 100  0  0
 0  0      0 397884  11836  31184    0    0     0     0   14   17  0  0 100  0  0
 0  0      0 397884  11836  31184    0    0     0     0   15   21  0  0 100  0  0
 0  0      0 397884  11836  31184    0    0     0     0   11   13  0  0 99  0  0
 0  0      0 397884  11836  31184    0    0     0     0   16   23  0  0 100  0  0
 0  0      0 397884  11836  31184    0    0     0     0   10   12  0  0 100  0  0
 1  0      0 397884  11836  31184    0    0     0     0   16   21  1  0 100  0  0
 0  0      0 397884  11836  31184    0    0     0     0    7   12  0  0 100  0  0
 0  0      0 397884  11836  31184    0    0     0     0   12   15  0  0 100  0  0
 0  0      0 397884  11836  31184    0    0     0     0   11   12  0  0 100  0  0
 0  0      0 397884  11836  31184    0    0     0     0   16   21  0  0 100  0  0
 0  0      0 397884  11836  31184    0    0     0    16   20   22  0  0 100  0  0
 0  0      0 397884  11836  31184    0    0     0     0   23   20  0  0 100  0  0
 0  0      0 397884  11836  31184    0    0     0     0   13   19  0  0 100  0  0
 0  0      0 397884  11836  31184    0    0     0     0   15   20  0  0 100  0  0
 1  0      0 397884  11836  31184    0    0     0     0   13   15  0  0 100  0  0
 1  0      0 397884  11836  31184    0    0     0     0   13   18  0  0 100  0  0
 0  0      0 397884  11836  31184    0    0     0     0   15   23  0  0 100  0  0
 0  0      0 397884  11836  31184    0    0     0     0   14   16  0  0 100  0  0
 0  0      0 397884  11836  31184    0    0     0     0   16   20  0  1 100  0  0
 1  0      0 397884  11836  31184    0    0     0     0   13   16  0  0 100  0  0
 0  0      0 397884  11836  31184    0    0     0     0   13   21  0  0 100  0  0
 0  0      0 397884  11836  31184    0    0     0     0   18   18  0  0 100  0  0
 0  0      0 397884  11836  31184    0    0     0     0   16   23  0  0 100  0  0
 0  0      0 397884  11836  31184    0    0     0     0   33   40  0  1 99  0  0
 0  0      0 397884  11836  31184    0    0     0     0   33   40  0  1 98  0  0
===VMSTAT_END===
========== SPEEDOMETER RT APPLICATION RESULTS ==========
Test Configuration:
Period: 50.000 ms
Deadline: 5.000 ms
RT Priority: 99 (SCHED_FIFO)
Execution Statistics:
Total cycles: 599
Deadline misses: 1 (0.167%)
Execution Time (μs):
Mean: 177.790
Min: 132.368
Max: 1184.912
50th percentile: 161.840
95th percentile: 272.048
99th percentile: 320.912
99.9th percentile: 1184.912
Jitter (μs):
Mean: 1714.183
Min: 1242.112
Max: 6837.232
Response Time (μs):
Mean: 1891.973
Min: 1440.432
Max: 6971.040
50th percentile: 1732.240
95th percentile: 2821.728
99th percentile: 3106.304
99.9th percentile: 6971.040
========================================================
[  483.422220] SDK:handler_do_el0_svc_pre: syscall __NR_futex (98) is not allowed
[  483.789254] SDK:handler_do_el0_svc_pre: syscall __NR_munmap (215) is not allowed
[  483.799120] SDK:handler_do_el0_svc_pre: syscall __NR_wait4 (260) is not allowed
[  483.812036] SDK:handler_do_el0_svc_pre: syscall __NR_munmap (215) is not allowed
[  483.826375] SDK:handler_do_el0_svc_pre: syscall __NR_rt_sigprocmask (135) is not allowed
[  483.836944] SDK:handler_do_el0_svc_pre: syscall __NR_futex (98) is not allowed
[  483.844665] SDK:handler_do_el0_svc_pre: syscall __NR_exit (93) is not allowed
[  483.846271] SDK:handler_do_el0_svc_pre: syscall __NR_futex (98) is not allowed
[  483.856307] SDK:handler_do_el0_svc_pre: syscall __NR_munmap (215) is not allowed
===VMSTAT_START===
procs -----------memory---------- ---swap-- -----io---- -system-- ------cpu-----
r  b   swpd   free   buff  cache   si   so    bi    bo   in   cs us sy id wa st
0  0      0  68604    512   9828    0    0     0     0   57   52  0  5 95  0  0
0  0      0  68576    512   9828    0    0     0     0   52   58  0  2 98  0  0
0  0      0  68576    512   9828    0    0     0     0   48   60  0  2 98  0  0
0  0      0  68576    512   9828    0    0     0     0   49   60  0  2 98  0  0
0  0      0  68576    512   9828    0    0     0     0   50   60  0  1 99  0  0
0  0      0  68576    512   9828    0    0     0     0   50   57  1  2 98  0  0
2  0      0  68576    512   9828    0    0     0     0   50   54  1  1 98  0  0
2  0      0  68576    512   9828    0    0     0     0   46   54  0  1 99  0  0
0  0      0  68576    512   9828    0    0     0     0   54   68  1  1 98  0  0
0  0      0  68576    512   9828    0    0     0     0   52   54  0  2 98  0  0
0  0      0  68576    512   9828    0    0     0     0   45   58  1  0 99  0  0
1  0      0  68576    512   9828    0    0     0     0   51   57  1  1 98  0  0
0  0      0  68576    512   9828    0    0     0     0   49   60  1  1 98  0  0
0  0      0  68576    512   9828    0    0     0     0   52   54  0  2 98  0  0
0  0      0  68576    512   9828    0    0     0     0   54   61  1  1 98  0  0
0  0      0  68576    512   9828    0    0     0     0   51   61  0  2 98  0  0
0  0      0  68576    512   9828    0    0     0     0   48   60  1  2 98  0  0
0  0      0  68576    512   9828    0    0     0     0   53   58  1  2 98  0  0
0  0      0  68576    512   9828    0    0     0     0   49   58  0  1 98  0  0
1  0      0  68576    512   9828    0    0     0     0   51   58  0  2 98  0  0
0  0      0  68576    512   9828    0    0     0     0   48   58  0  2 98  0  0
0  0      0  68576    512   9828    0    0     0     0   51   58  1  2 98  0  0
0  0      0  68576    512   9828    0    0     0     0   50   58  1  2 98  0  0
0  0      0  68576    512   9828    0    0     0     0   49   62  1  1 98  0  0
0  0      0  68576    512   9828    0    0     0     0   46   56  1  1 99  0  0
0  0      0  68576    512   9828    0    0     0     0   53   59  1  2 98  0  0
0  0      0  68576    512   9828    0    0     0     0   47   56  1  1 99  0  0
0  0      0  68576    512   9828    0    0     0     0   49   59  0  2 98  0  0
0  0      0  68576    512   9828    0    0     0     0   51   59  1  2 98  0  0
0  0      0  68576    512   9828    0    0     0     0   50   56  0  2 98  0  0
0  0      0  68576    512   9828    0    0     0     0  132   37  1  7 93  0  0
===VMSTAT_END===
===CSV_START===
cycle,timestamp_s,execution_time_us,jitter_us,response_time_us,deadline_miss
1,0.051657,211.792,1657.296,1869.088,0
2,0.101765,141.024,1764.768,1905.792,0
3,0.151590,163.008,1590.080,1753.088,0
4,0.202423,149.984,2422.752,2572.736,0
5,0.251753,137.232,1752.656,1889.888,0
6,0.301812,145.072,1811.520,1956.592,0
7,0.351303,245.664,1302.720,1548.384,0
8,0.401389,166.640,1389.440,1556.080,0
9,0.451691,173.456,1691.120,1864.576,0
10,0.501604,138.432,1603.712,1742.144,0
11,0.551424,150.800,1423.728,1574.528,0
12,0.601430,147.376,1429.664,1577.040,0
13,0.651792,142.960,1792.448,1935.408,0
14,0.701630,133.296,1629.664,1762.960,0
15,0.751322,299.008,1322.496,1621.504,0
16,0.801665,173.776,1665.264,1839.040,0
17,0.851406,175.808,1406.256,1582.064,0
18,0.901425,146.048,1425.488,1571.536,0
19,0.951393,136.208,1392.560,1528.768,0
20,1.001409,176.928,1409.424,1586.352,0
21,1.051636,152.816,1635.792,1788.608,0
22,1.101387,175.168,1387.120,1562.288,0
23,1.151323,209.312,1323.184,1532.496,0
24,1.201403,148.672,1402.576,1551.248,0
25,1.251649,158.960,1648.768,1807.728,0
26,1.302476,189.296,2476.496,2665.792,0
27,1.351429,191.808,1429.168,1620.976,0
28,1.402684,132.896,2684.448,2817.344,0
29,1.451796,133.824,1796.000,1929.824,0
30,1.501431,152.160,1430.640,1582.800,0
31,1.551741,136.208,1740.592,1876.800,0
32,1.601653,197.024,1652.800,1849.824,0
33,1.651381,165.264,1380.544,1545.808,0
34,1.701657,186.352,1656.624,1842.976,0
35,1.751623,175.520,1623.168,1798.688,0
36,1.802703,143.808,2703.056,2846.864,0
37,1.851308,312.944,1308.336,1621.280,0
38,1.901766,144.656,1765.728,1910.384,0
39,1.951795,142.944,1794.528,1937.472,0
40,2.001760,133.376,1759.584,1892.960,0
41,2.051811,194.432,1810.720,2005.152,0
42,2.101621,190.352,1621.440,1811.792,0
43,2.151402,146.544,1402.208,1548.752,0
44,2.201660,184.784,1660.304,1845.088,0
45,2.253350,185.680,3349.664,3535.344,0
46,2.301258,222.368,1258.224,1480.592,0
47,2.351312,230.352,1312.016,1542.368,0
48,2.401384,156.880,1384.448,1541.328,0
49,2.451401,149.744,1400.688,1550.432,0
50,2.501465,144.608,1465.040,1609.648,0
51,2.551746,146.304,1746.336,1892.640,0
52,2.601686,176.912,1686.192,1863.104,0
53,2.651831,143.216,1830.528,1973.744,0
54,2.701383,185.296,1383.264,1568.560,0
55,2.751620,181.648,1619.568,1801.216,0
56,2.802371,153.872,2370.576,2524.448,0
57,2.851413,145.984,1412.832,1558.816,0
58,2.902346,165.600,2345.600,2511.200,0
59,2.951421,147.872,1421.376,1569.248,0
60,3.002699,133.248,2699.408,2832.656,0
61,3.051409,149.696,1408.640,1558.336,0
62,3.102379,164.304,2378.928,2543.232,0
63,3.151433,135.776,1432.864,1568.640,0
64,3.201750,170.848,1750.176,1921.024,0
65,3.251335,280.720,1335.376,1616.096,0
66,3.301830,205.376,1829.808,2035.184,0
67,3.351412,163.056,1411.536,1574.592,0
68,3.401789,142.944,1788.704,1931.648,0
69,3.451834,213.584,1834.048,2047.632,0
70,3.501825,143.552,1825.088,1968.640,0
71,3.551389,150.832,1389.120,1539.952,0
72,3.601631,171.504,1630.592,1802.096,0
73,3.651314,334.784,1314.080,1648.864,0
74,3.701381,172.944,1381.440,1554.384,0
75,3.751396,174.640,1396.432,1571.072,0
76,3.801329,221.296,1328.864,1550.160,0
77,3.851741,136.624,1741.264,1877.888,0
78,3.901618,174.224,1617.664,1791.888,0
79,3.951336,189.392,1336.464,1525.856,0
80,4.001390,169.616,1389.984,1559.600,0
81,4.051329,229.120,1328.976,1558.096,0
82,4.101698,150.976,1697.856,1848.832,0
83,4.151334,291.568,1334.176,1625.744,0
84,4.201402,146.208,1402.080,1548.288,0
85,4.251665,170.496,1665.056,1835.552,0
86,4.301747,136.336,1746.656,1882.992,0
87,4.351653,154.000,1653.408,1807.408,0
88,4.402301,279.424,2300.880,2580.304,0
89,4.451642,171.216,1642.448,1813.664,0
90,4.502724,133.424,2723.904,2857.328,0
91,4.551326,216.480,1325.888,1542.368,0
92,4.601269,194.208,1269.408,1463.616,0
93,4.651324,267.488,1323.680,1591.168,0
94,4.701431,134.768,1430.704,1565.472,0
95,4.751351,173.488,1351.264,1524.752,0
96,4.801379,160.368,1379.328,1539.696,0
97,4.851662,136.752,1661.760,1798.512,0
98,4.902326,207.360,2326.144,2533.504,0
99,4.951819,145.792,1819.072,1964.864,0
100,5.001463,189.088,1463.344,1652.432,0
101,5.051766,147.216,1765.616,1912.832,0
102,5.101686,153.232,1685.680,1838.912,0
103,5.151422,145.200,1421.936,1567.136,0
104,5.202374,170.816,2374.096,2544.912,0
105,5.251435,164.912,1435.328,1600.240,0
106,5.302421,172.928,2420.928,2593.856,0
107,5.351267,209.440,1267.040,1476.480,0
108,5.401614,158.896,1613.760,1772.656,0
109,5.451332,261.280,1331.712,1592.992,0
110,5.502395,146.352,2394.896,2541.248,0
111,5.551435,134.528,1435.376,1569.904,0
112,5.601404,145.392,1403.824,1549.216,0
113,5.651807,145.088,1806.512,1951.600,0
114,5.701429,145.488,1428.608,1574.096,0
115,5.751758,145.008,1757.600,1902.608,0
116,5.801722,142.064,1722.336,1864.400,0
117,5.851397,171.136,1397.472,1568.608,0
118,5.902619,132.816,2619.152,2751.968,0
119,5.951266,192.912,1265.664,1458.576,0
120,6.001406,145.136,1405.600,1550.736,0
121,6.051837,196.688,1837.392,2034.080,0
122,6.101367,146.640,1367.376,1514.016,0
123,6.151667,151.536,1666.992,1818.528,0
124,6.202415,145.456,2415.136,2560.592,0
125,6.251438,170.256,1438.368,1608.624,0
126,6.302458,136.672,2457.872,2594.544,0
127,6.351311,228.992,1310.560,1539.552,0
128,6.401425,145.776,1425.024,1570.800,0
129,6.451919,212.880,1918.880,2131.760,0
130,6.501462,174.064,1461.808,1635.872,0
131,6.551351,167.840,1350.544,1518.384,0
132,6.601398,145.872,1397.744,1543.616,0
133,6.651321,240.912,1320.736,1561.648,0
134,6.701402,159.632,1402.208,1561.840,0
135,6.751396,136.288,1395.792,1532.080,0
136,6.801427,138.112,1427.488,1565.600,0
137,6.851269,244.208,1268.768,1512.976,0
138,6.901799,143.648,1798.880,1942.528,0
139,6.951386,173.616,1385.776,1559.392,0
140,7.001389,167.536,1388.656,1556.192,0
141,7.051758,145.104,1757.632,1902.736,0
142,7.102361,147.488,2360.688,2508.176,0
143,7.151602,135.312,1601.840,1737.152,0
144,7.202369,174.800,2369.344,2544.144,0
145,7.251416,172.192,1415.520,1587.712,0
146,7.302651,170.576,2651.152,2821.728,0
147,7.351463,137.360,1462.672,1600.032,0
148,7.402407,152.528,2407.312,2559.840,0
149,7.451384,146.640,1383.920,1530.560,0
150,7.501962,135.616,1962.464,2098.080,0
151,7.551685,153.936,1684.800,1838.736,0
152,7.602363,139.984,2362.752,2502.736,0
153,7.651661,169.136,1660.608,1829.744,0
154,7.702331,271.408,2331.456,2602.864,0
155,7.751323,229.456,1322.752,1552.208,0
156,7.801416,145.824,1415.760,1561.584,0
157,7.851412,178.912,1411.840,1590.752,0
158,7.901400,173.984,1400.240,1574.224,0
159,7.951469,176.784,1469.440,1646.224,0
160,8.002321,286.432,2321.440,2607.872,0
161,8.052063,1043.728,2062.576,3106.304,0
162,8.101661,139.760,1661.424,1801.184,0
163,8.151369,174.512,1369.424,1543.936,0
164,8.201338,250.512,1337.952,1588.464,0
165,8.251296,254.480,1295.856,1550.336,0
166,8.301307,244.128,1307.440,1551.568,0
167,8.351417,134.592,1417.488,1552.080,0
168,8.401408,168.320,1408.176,1576.496,0
169,8.451703,142.960,1703.152,1846.112,0
170,8.501325,277.600,1325.456,1603.056,0
171,8.551629,134.352,1629.456,1763.808,0
172,8.602765,133.856,2765.312,2899.168,0
173,8.651648,134.720,1648.080,1782.800,0
174,8.702405,166.784,2404.752,2571.536,0
175,8.751417,145.824,1416.784,1562.608,0
176,8.801984,165.808,1983.696,2149.504,0
177,8.851674,154.304,1673.872,1828.176,0
178,8.902288,234.752,2287.968,2522.720,0
179,8.951401,138.352,1401.280,1539.632,0
180,9.001813,135.360,1813.008,1948.368,0
181,9.051948,159.872,1947.808,2107.680,0
182,9.101970,157.568,1969.632,2127.200,0
183,9.151696,159.024,1695.808,1854.832,0
184,9.201762,153.168,1761.760,1914.928,0
185,9.251370,135.424,1370.352,1505.776,0
186,9.302177,142.544,2176.928,2319.472,0
187,9.351437,152.512,1437.424,1589.936,0
188,9.401455,133.584,1454.640,1588.224,0
189,9.451399,159.440,1398.688,1558.128,0
190,9.501332,272.336,1331.664,1604.000,0
191,9.551326,290.160,1326.320,1616.480,0
192,9.601408,146.800,1407.808,1554.608,0
193,9.651318,245.856,1317.648,1563.504,0
194,9.701313,234.496,1312.848,1547.344,0
195,9.751663,168.672,1663.008,1831.680,0
196,9.802408,148.032,2408.080,2556.112,0
197,9.851407,168.304,1406.528,1574.832,0
198,9.901308,243.344,1308.400,1551.744,0
199,9.951386,172.128,1386.480,1558.608,0
200,10.001759,135.120,1758.912,1894.032,0
201,10.051297,236.048,1297.408,1533.456,0
202,10.101366,147.344,1365.760,1513.104,0
203,10.151398,166.320,1398.496,1564.816,0
204,10.201761,134.496,1761.296,1895.792,0
205,10.251691,136.160,1690.784,1826.944,0
206,10.302519,168.944,2519.472,2688.416,0
207,10.351439,188.736,1438.848,1627.584,0
208,10.402428,135.232,2428.080,2563.312,0
209,10.451403,148.240,1403.072,1551.312,0
210,10.501861,132.624,1861.216,1993.840,0
211,10.551787,134.192,1787.232,1921.424,0
212,10.601682,150.528,1682.336,1832.864,0
213,10.651934,170.976,1933.824,2104.800,0
214,10.701327,228.640,1326.672,1555.312,0
215,10.751631,136.416,1630.656,1767.072,0
216,10.802378,165.760,2378.320,2544.080,0
217,10.851319,284.448,1319.360,1603.808,0
218,10.901936,196.688,1935.904,2132.592,0
219,10.951327,320.912,1326.944,1647.856,0
220,11.001431,135.008,1431.296,1566.304,0
221,11.051969,153.056,1969.472,2122.528,0
222,11.101851,216.752,1851.456,2068.208,0
223,11.151999,1021.824,1999.440,3021.264,0
224,11.201326,278.240,1325.520,1603.760,0
225,11.251666,177.632,1666.112,1843.744,0
226,11.301437,180.336,1437.248,1617.584,0
227,11.351242,214.752,1242.112,1456.864,0
228,11.401779,144.256,1778.656,1922.912,0
229,11.451652,163.808,1652.288,1816.096,0
230,11.502843,184.512,2843.296,3027.808,0
231,11.551765,147.312,1764.960,1912.272,0
232,11.601399,147.984,1399.136,1547.120,0
233,11.651448,177.488,1447.792,1625.280,0
234,11.702656,169.552,2656.112,2825.664,0
235,11.751918,204.640,1917.680,2122.320,0
236,11.801427,145.488,1426.880,1572.368,0
237,11.851946,194.384,1945.856,2140.240,0
238,11.901840,132.368,1840.480,1972.848,0
239,11.951449,176.016,1449.280,1625.296,0
240,12.002432,167.680,2431.696,2599.376,0
241,12.051445,198.096,1445.056,1643.152,0
242,12.102393,173.056,2392.768,2565.824,0
243,12.151317,220.752,1317.296,1538.048,0
244,12.201663,180.960,1662.880,1843.840,0
245,12.251414,150.832,1413.824,1564.656,0
246,12.302435,138.704,2435.232,2573.936,0
247,12.352027,1184.912,2027.424,3212.336,0
248,12.401399,171.760,1399.056,1570.816,0
249,12.451473,137.632,1473.264,1610.896,0
250,12.502447,146.304,2446.976,2593.280,0
251,12.551411,147.888,1411.360,1559.248,0
252,12.601405,148.176,1404.976,1553.152,0
253,12.651642,195.456,1641.632,1837.088,0
254,12.701689,142.320,1689.248,1831.568,0
255,12.751608,182.864,1608.496,1791.360,0
256,12.802831,142.944,2831.168,2974.112,0
257,12.851632,184.288,1632.272,1816.560,0
258,12.901844,211.536,1844.208,2055.744,0
259,12.951421,148.720,1421.168,1569.888,0
260,13.002478,148.464,2477.680,2626.144,0
261,13.051406,193.360,1405.712,1599.072,0
262,13.102385,158.768,2385.248,2544.016,0
263,13.151825,145.456,1825.440,1970.896,0
264,13.201427,145.664,1426.688,1572.352,0
265,13.251416,179.248,1415.776,1595.024,0
266,13.302425,146.112,2425.024,2571.136,0
267,13.351387,204.496,1387.008,1591.504,0
268,13.402429,145.856,2429.280,2575.136,0
269,13.451404,146.176,1403.712,1549.888,0
270,13.501834,194.784,1834.352,2029.136,0
271,13.551453,133.856,1453.440,1587.296,0
272,13.601761,134.544,1760.992,1895.536,0
273,13.651940,183.248,1940.448,2123.696,0
274,13.701834,222.992,1834.016,2057.008,0
275,13.751742,136.688,1741.504,1878.192,0
276,13.801296,236.800,1296.304,1533.104,0
277,13.851356,153.184,1355.808,1508.992,0
278,13.901777,160.160,1777.472,1937.632,0
279,13.951374,136.544,1373.984,1510.528,0
280,14.001389,152.016,1389.024,1541.040,0
281,14.051392,173.216,1391.744,1564.960,0
282,14.102866,174.432,2865.856,3040.288,0
283,14.151460,163.760,1460.400,1624.160,0
284,14.202768,143.872,2768.240,2912.112,0
285,14.251672,172.416,1671.968,1844.384,0
286,14.302321,153.824,2321.232,2475.056,0
287,14.351447,136.224,1446.688,1582.912,0
288,14.402445,145.536,2444.592,2590.128,0
289,14.451442,144.880,1441.872,1586.752,0
290,14.502435,171.360,2434.640,2606.000,0
291,14.551663,147.728,1663.312,1811.040,0
292,14.602804,133.568,2804.368,2937.936,0
293,14.651410,233.008,1410.016,1643.024,0
294,14.702626,164.576,2626.384,2790.960,0
295,14.751668,165.264,1667.616,1832.880,0
296,14.802738,147.344,2738.416,2885.760,0
297,14.851474,166.944,1473.712,1640.656,0
298,14.902386,153.792,2385.728,2539.520,0
299,14.951396,171.248,1396.464,1567.712,0
300,15.001401,145.584,1401.248,1546.832,0
301,15.051362,187.104,1362.336,1549.440,0
302,15.101603,164.672,1603.040,1767.712,0
303,15.151809,133.664,1809.216,1942.880,0
304,15.201370,139.632,1370.048,1509.680,0
305,15.251598,189.056,1598.304,1787.360,0
306,15.301611,135.984,1610.608,1746.592,0
307,15.351296,228.464,1295.600,1524.064,0
308,15.401468,177.472,1468.272,1645.744,0
309,15.451318,304.112,1317.664,1621.776,0
310,15.503079,145.184,3079.408,3224.592,0
311,15.551410,150.000,1410.304,1560.304,0
312,15.602406,177.136,2406.112,2583.248,0
313,15.651388,147.088,1388.192,1535.280,0
314,15.702645,172.112,2644.592,2816.704,0
315,15.751812,132.560,1811.888,1944.448,0
316,15.801777,144.736,1777.008,1921.744,0
317,15.851348,165.040,1348.240,1513.280,0
318,15.901439,145.216,1438.912,1584.128,0
319,15.951733,134.480,1733.024,1867.504,0
320,16.001399,175.328,1399.120,1574.448,0
321,16.051369,173.584,1369.264,1542.848,0
322,16.101698,143.584,1698.000,1841.584,0
323,16.151805,133.744,1804.896,1938.640,0
324,16.201695,132.960,1694.912,1827.872,0
325,16.251622,174.976,1621.600,1796.576,0
326,16.302386,173.456,2386.064,2559.520,0
327,16.351643,140.096,1642.608,1782.704,0
328,16.403124,133.456,3123.632,3257.088,0
329,16.451596,133.344,1595.888,1729.232,0
330,16.502344,276.320,2344.144,2620.464,0
331,16.551772,133.088,1771.520,1904.608,0
332,16.601422,145.264,1421.904,1567.168,0
333,16.651521,169.728,1520.864,1690.592,0
334,16.702606,171.312,2606.384,2777.696,0
335,16.751909,191.152,1909.024,2100.176,0
336,16.801335,291.680,1335.072,1626.752,0
337,16.851381,137.536,1380.864,1518.400,0
338,16.901395,135.680,1395.056,1530.736,0
339,16.951326,294.288,1326.016,1620.304,0
340,17.002302,304.144,2302.288,2606.432,0
341,17.051752,134.800,1751.712,1886.512,0
342,17.101434,144.832,1434.064,1578.896,0
343,17.151854,210.176,1854.384,2064.560,0
344,17.201313,210.848,1312.944,1523.792,0
345,17.251829,132.928,1829.040,1961.968,0
346,17.301749,145.632,1748.800,1894.432,0
347,17.351591,159.424,1590.720,1750.144,0
348,17.402390,179.984,2390.064,2570.048,0
349,17.451984,161.472,1983.904,2145.376,0
350,17.501386,174.768,1385.920,1560.688,0
351,17.551468,136.768,1468.496,1605.264,0
352,17.602427,135.408,2427.088,2562.496,0
353,17.651387,177.760,1386.624,1564.384,0
354,17.702818,134.048,2817.968,2952.016,0
355,17.751309,254.224,1309.168,1563.392,0
356,17.801556,138.608,1556.384,1694.992,0
357,17.851943,177.392,1942.784,2120.176,0
358,17.901311,226.208,1311.456,1537.664,0
359,17.951747,135.536,1746.576,1882.112,0
360,18.001755,134.432,1754.944,1889.376,0
361,18.051316,269.856,1316.400,1586.256,0
362,18.101381,167.488,1380.704,1548.192,0
363,18.151433,161.040,1432.768,1593.808,0
364,18.201398,147.680,1398.464,1546.144,0
365,18.251322,220.192,1322.480,1542.672,0
366,18.301323,293.696,1322.992,1616.688,0
367,18.351344,213.376,1343.920,1557.296,0
368,18.401463,146.336,1463.072,1609.408,0
369,18.451386,136.848,1385.536,1522.384,0
370,18.501380,139.584,1379.760,1519.344,0
371,18.551620,133.488,1620.080,1753.568,0
372,18.602424,157.856,2424.208,2582.064,0
373,18.651407,135.120,1407.008,1542.128,0
374,18.701350,170.160,1349.584,1519.744,0
375,18.751375,174.064,1375.440,1549.504,0
376,18.801244,196.336,1244.096,1440.432,0
377,18.851359,156.000,1358.880,1514.880,0
378,18.901261,224.752,1260.960,1485.712,0
379,18.951335,213.392,1334.832,1548.224,0
380,19.001253,272.048,1252.720,1524.768,0
381,19.051743,136.176,1743.312,1879.488,0
382,19.101719,133.312,1719.472,1852.784,0
383,19.151387,150.080,1387.440,1537.520,0
384,19.201366,147.312,1365.984,1513.296,0
385,19.251256,199.072,1255.696,1454.768,0
386,19.301784,133.744,1784.480,1918.224,0
387,19.351374,177.440,1373.920,1551.360,0
388,19.401815,133.104,1815.120,1948.224,0
389,19.451837,142.704,1837.264,1979.968,0
390,19.501329,268.832,1329.472,1598.304,0
391,19.551658,172.368,1657.648,1830.016,0
392,19.602686,167.280,2686.288,2853.568,0
393,19.651445,182.112,1444.784,1626.896,0
394,19.702322,203.840,2321.792,2525.632,0
395,19.751311,219.312,1311.344,1530.656,0
396,19.801300,218.672,1300.480,1519.152,0
397,19.851446,135.568,1445.520,1581.088,0
398,19.902649,172.368,2648.832,2821.200,0
399,19.951769,134.432,1768.752,1903.184,0
400,20.001734,137.792,1734.288,1872.080,0
401,20.051304,246.992,1304.032,1551.024,0
402,20.102369,171.536,2368.720,2540.256,0
403,20.151322,240.432,1322.192,1562.624,0
404,20.201469,172.464,1469.040,1641.504,0
405,20.251382,176.880,1382.400,1559.280,0
406,20.301383,139.056,1383.408,1522.464,0
407,20.351332,272.256,1331.776,1604.032,0
408,20.401397,151.408,1396.592,1548.000,0
409,20.451462,154.864,1461.504,1616.368,0
410,20.502929,169.952,2929.472,3099.424,0
411,20.551374,184.752,1374.336,1559.088,0
412,20.602392,135.888,2392.320,2528.208,0
413,20.651387,154.672,1387.472,1542.144,0
414,20.701605,172.144,1605.104,1777.248,0
415,20.751447,153.520,1446.736,1600.256,0
416,20.802318,240.976,2318.048,2559.024,0
417,20.851644,172.784,1644.192,1816.976,0
418,20.902340,217.152,2340.080,2557.232,0
419,20.951269,208.000,1268.880,1476.880,0
420,21.001378,207.488,1377.584,1585.072,0
421,21.051695,154.176,1695.488,1849.664,0
422,21.101734,133.648,1733.568,1867.216,0
423,21.151698,144.112,1698.304,1842.416,0
424,21.201586,135.680,1586.464,1722.144,0
425,21.251686,172.528,1685.552,1858.080,0
426,21.301370,177.040,1370.240,1547.280,0
427,21.351301,224.976,1301.312,1526.288,0
428,21.401368,210.784,1367.792,1578.576,0
429,21.451816,143.344,1816.080,1959.424,0
430,21.501613,133.264,1612.688,1745.952,0
431,21.551952,144.784,1952.080,2096.864,0
432,21.601246,201.680,1246.304,1447.984,0
433,21.651371,176.384,1370.832,1547.216,0
434,21.701766,143.248,1765.632,1908.880,0
435,21.751310,244.144,1309.520,1553.664,0
436,21.801395,135.616,1394.704,1530.320,0
437,21.851679,155.280,1679.280,1834.560,0
438,21.902312,254.064,2312.192,2566.256,0
439,21.951407,136.016,1406.944,1542.960,0
440,22.001395,158.176,1394.608,1552.784,0
441,22.051317,231.376,1316.640,1548.016,0
442,22.101888,239.344,1888.496,2127.840,0
443,22.151465,168.160,1465.216,1633.376,0
444,22.202406,145.280,2405.760,2551.040,0
445,22.251433,185.568,1432.864,1618.432,0
446,22.302812,177.408,2811.776,2989.184,0
447,22.351263,217.408,1263.152,1480.560,0
448,22.401332,293.312,1332.000,1625.312,0
449,22.451378,173.152,1377.600,1550.752,0
450,22.501374,159.488,1373.664,1533.152,0
451,22.551425,198.112,1425.248,1623.360,0
452,22.602319,281.648,2319.168,2600.816,0
453,22.651907,166.032,1906.592,2072.624,0
454,22.701521,134.336,1521.088,1655.424,0
455,22.751471,187.456,1470.736,1658.192,0
456,22.802672,185.248,2672.320,2857.568,0
457,22.851678,165.824,1678.496,1844.320,0
458,22.902601,133.184,2600.624,2733.808,0
459,22.951597,137.936,1597.040,1734.976,0
460,23.002358,166.976,2358.304,2525.280,0
461,23.051814,133.840,1814.304,1948.144,0
462,23.102748,133.296,2748.416,2881.712,0
463,23.151553,134.688,1552.976,1687.664,0
464,23.202323,254.976,2323.376,2578.352,0
465,23.251335,224.432,1335.344,1559.776,0
466,23.301566,156.240,1566.032,1722.272,0
467,23.351261,208.608,1260.816,1469.424,0
468,23.401680,159.552,1680.192,1839.744,0
469,23.451526,177.632,1526.336,1703.968,0
470,23.502404,153.920,2404.480,2558.400,0
471,23.551415,145.488,1415.472,1560.960,0
472,23.602407,146.400,2406.528,2552.928,0
473,23.651320,234.432,1319.504,1553.936,0
474,23.701405,157.216,1405.216,1562.432,0
475,23.751809,134.016,1808.752,1942.768,0
476,23.801429,146.704,1428.800,1575.504,0
477,23.851300,209.024,1299.536,1508.560,0
478,23.901383,204.336,1383.168,1587.504,0
479,23.951604,191.440,1603.552,1794.992,0
480,24.001369,135.856,1368.624,1504.480,0
481,24.051324,315.280,1323.712,1638.992,0
482,24.101272,207.616,1271.840,1479.456,0
483,24.151729,147.072,1728.944,1876.016,0
484,24.201770,134.384,1769.632,1904.016,0
485,24.251843,198.160,1843.040,2041.200,0
486,24.302667,178.000,2667.136,2845.136,0
487,24.351462,144.880,1462.208,1607.088,0
488,24.402328,274.624,2327.616,2602.240,0
489,24.451380,149.712,1380.496,1530.208,0
490,24.502647,176.336,2646.848,2823.184,0
491,24.551735,145.312,1735.264,1880.576,0
492,24.601381,157.760,1381.152,1538.912,0
493,24.651783,145.344,1782.656,1928.000,0
494,24.701397,146.176,1396.880,1543.056,0
495,24.751530,151.504,1529.792,1681.296,0
496,24.802389,210.336,2388.816,2599.152,0
497,24.851626,146.688,1625.632,1772.320,0
498,24.902399,163.440,2398.944,2562.384,0
499,24.951427,138.352,1426.864,1565.216,0
500,25.002603,194.080,2603.456,2797.536,0
501,25.051362,176.464,1361.600,1538.064,0
502,25.101822,133.792,1821.520,1955.312,0
503,25.151385,229.584,1385.072,1614.656,0
504,25.202766,134.112,2766.144,2900.256,0
505,25.251455,196.304,1454.560,1650.864,0
506,25.302403,145.840,2402.544,2548.384,0
507,25.351426,146.080,1425.888,1571.968,0
508,25.401400,156.944,1400.416,1557.360,0
509,25.451395,135.904,1394.864,1530.768,0
510,25.501823,207.888,1823.248,2031.136,0
511,25.551324,246.976,1323.648,1570.624,0
512,25.601402,135.360,1401.616,1536.976,0
513,25.651840,188.624,1839.664,2028.288,0
514,25.701322,329.472,1321.984,1651.456,0
515,25.751446,135.440,1445.904,1581.344,0
516,25.802412,135.440,2412.368,2547.808,0
517,25.851337,285.904,1336.896,1622.800,0
518,25.901296,236.000,1295.680,1531.680,0
519,25.951302,244.000,1302.384,1546.384,0
520,26.001588,134.688,1587.856,1722.544,0
521,26.051305,218.128,1305.264,1523.392,0
522,26.101456,134.400,1456.304,1590.704,0
523,26.151647,134.544,1646.736,1781.280,0
524,26.202437,181.632,2436.624,2618.256,0
525,26.251361,195.440,1360.640,1556.080,0
526,26.301381,185.808,1380.928,1566.736,0
527,26.351657,168.912,1656.784,1825.696,0
528,26.402441,137.200,2440.672,2577.872,0
529,26.452235,148.880,2235.296,2384.176,0
530,26.506837,133.808,6837.232,6971.040,1
531,26.551533,148.128,1533.264,1681.392,0
532,26.602589,172.304,2588.768,2761.072,0
533,26.651829,143.456,1829.184,1972.640,0
534,26.701445,134.816,1445.104,1579.920,0
535,26.751787,134.480,1787.072,1921.552,0
536,26.801835,142.944,1835.088,1978.032,0
537,26.851737,144.928,1737.248,1882.176,0
538,26.901694,146.096,1694.000,1840.096,0
539,26.951294,196.912,1294.096,1491.008,0
540,27.001825,133.424,1825.360,1958.784,0
541,27.051373,143.664,1373.152,1516.816,0
542,27.101432,135.456,1431.936,1567.392,0
543,27.151470,175.200,1469.728,1644.928,0
544,27.202466,169.488,2466.064,2635.552,0
545,27.251397,265.904,1396.736,1662.640,0
546,27.302472,134.256,2472.320,2606.576,0
547,27.351423,149.232,1423.296,1572.528,0
548,27.401574,158.016,1574.224,1732.240,0
549,27.451650,167.120,1649.568,1816.688,0
550,27.501391,164.784,1390.800,1555.584,0
551,27.551687,134.400,1687.120,1821.520,0
552,27.602396,146.960,2395.648,2542.608,0
553,27.651293,255.312,1293.104,1548.416,0
554,27.701322,222.928,1321.568,1544.496,0
555,27.751361,173.152,1361.136,1534.288,0
556,27.802684,155.584,2683.824,2839.408,0
557,27.851627,170.736,1626.672,1797.408,0
558,27.902472,175.008,2471.600,2646.608,0
559,27.951422,146.384,1422.256,1568.640,0
560,28.002359,144.880,2359.200,2504.080,0
561,28.051326,244.688,1325.504,1570.192,0
562,28.101387,137.728,1386.832,1524.560,0
563,28.151377,172.192,1376.544,1548.736,0
564,28.202406,145.760,2406.320,2552.080,0
565,28.251712,142.224,1712.256,1854.480,0
566,28.301771,134.400,1770.656,1905.056,0
567,28.351446,133.648,1446.272,1579.920,0
568,28.401878,187.568,1877.888,2065.456,0
569,28.451410,159.440,1409.632,1569.072,0
570,28.502401,163.616,2400.896,2564.512,0
571,28.551641,193.424,1641.024,1834.448,0
572,28.602596,134.656,2595.920,2730.576,0
573,28.651407,146.720,1406.928,1553.648,0
574,28.702373,186.064,2373.296,2559.360,0
575,28.751323,240.992,1322.640,1563.632,0
576,28.801530,191.232,1530.176,1721.408,0
577,28.851353,172.704,1353.328,1526.032,0
578,28.901695,173.696,1695.248,1868.944,0
579,28.951384,154.544,1383.616,1538.160,0
580,29.001363,150.464,1363.360,1513.824,0
581,29.051663,183.216,1663.280,1846.496,0
582,29.101295,257.168,1295.008,1552.176,0
583,29.151814,133.712,1813.952,1947.664,0
584,29.201666,133.856,1665.632,1799.488,0
585,29.251408,146.544,1408.256,1554.800,0
586,29.302409,146.384,2408.864,2555.248,0
587,29.351656,171.536,1655.744,1827.280,0
588,29.402410,186.080,2409.824,2595.904,0
589,29.451447,161.840,1446.800,1608.640,0
590,29.502407,146.064,2407.472,2553.536,0
591,29.551317,256.368,1316.576,1572.944,0
592,29.601394,146.240,1394.080,1540.320,0
593,29.651672,166.880,1671.664,1838.544,0
594,29.702816,185.040,2816.368,3001.408,0
595,29.751310,244.976,1309.904,1554.880,0
596,29.801317,251.216,1316.672,1567.888,0
597,29.851410,136.288,1410.208,1546.496,0
598,29.901386,136.496,1386.288,1522.784,0
599,29.951387,185.696,1387.088,1572.784,0
===CSV_END===
Statistics sent to li VM via shared memory
Run #10 completed. Waiting for next START command...
Waiting for START command from li VM...
