========================================
net_sender_li (pinger) — Scenario 3 reversed
EB corbos Linux Network Determinism
Metric: Round-Trip Latency (RTL)
========================================
Target:       10.0.1.1:5000
Probes:       2000
Protocol:     UDP
Period:       1 ms
Msg size:     64 B
Flood rate:   0 Mbps
Echo timeout: 10 ms

net_sender_li: SCHED_FIFO OK (priority 90)
Sending HELLO to 10.0.1.1:5000 (protocol=UDP)...
HELLO_ACK received — protocol=UDP
Starting ping-echo loop (2000 probes at 1 ms period)...


========== NET SENDER_LI (PINGER) RESULTS ==========
Probes sent:        2000
Echoes received:    2000
Lost (no echo):       13 (0.650%)
Elapsed:           12.034 s
RTL (us):
  Mean: 5984.423    Std dev: 898.196
  Min:  3771.504    Max:     15304.096
  P50:  5867.312    P95:     7251.760
  P99:  8845.440    P99.9:   15240.800
IAJ (us):
  Mean: 4972.273    Std dev: 722.478
  Min:  2788.064    Max:     8967.744
  P50:  4893.472    P95:     6206.224
  P99:  7050.272    P99.9:   8698.512
===CSV_START===
index,send_time_ns,recv_time_ns,rtl_ns,iaj_ns
0,914765017424,914773950272,8932848,7149776
1,914774170672,914782100048,7929376,6682784
2,914782286912,914789782832,7495920,4207904
3,914789798784,914794990736,5191952,5144704
4,914795009088,914801135440,6126352,7785136
5,914801151712,914809920576,8768864,6288096
6,914809937056,914817208672,7271616,4674528
7,914817224608,914822883200,5658592,6165008
8,914822912912,914830048208,7135296,6478240
9,914830064368,914837526448,7462080,5011696
10,914837542000,914843538144,5996144,6087696
11,914843598384,914850625840,7027456,5891408
12,914850642960,914857517248,6874288,4892064
13,914857533072,914863409312,5876240,5207568
14,914863424880,914869616880,6192000,4913680
15,914869632544,914875530560,5898016,6657136
16,914875583024,914883187696,7604672,5561056
17,914883205584,914889748752,6543168,4438032
18,914889764640,914895186784,5422144,5558976
19,914895202384,914901745760,6543376,4208720
20,914901761696,914906954480,5192784,5168800
21,914906969584,914913123280,6153696,4500080
22,914913138560,914918623360,5484800,5611856
23,914918639008,914925235216,6596208,4927232
24,914925275360,914931162448,5887088,5804912
25,914931178048,914937967360,6789312,6734480
26,914937983248,914945701840,7718592,6334112
27,914945717472,914953035952,7318480,5089520
28,914953051776,914959125472,6073696,5919456
29,914959141152,914966044928,6903776,6147248
30,914966061536,914973192176,7130640,8698512
31,914973209632,914982890688,9681056,5138592
32,914982909280,914989029280,6120000,4863936
33,914989044864,914994893216,5848352,5790016
34,914994910432,915001683232,6772800,4829696
35,915001698400,915007512928,5814528,5195648
36,915007577232,915013708576,6131344,4869296
37,915013748048,915019577872,5829824,5747968
38,915019619808,915026325840,6706032,5778400
39,915026340656,915033104240,6763584,4949552
40,915033120144,915039053792,5933648,5149728
41,915039069456,915045203520,6134064,5160864
42,915045227568,915051364384,6136816,5813536
43,915051393408,915058177920,6784512,6049984
44,915058193760,915065227904,7034144,4678736
45,915065243408,915070906640,5663232,5321072
46,915070923936,915077227712,6303776,4934672
47,915077280944,915083162384,5881440,5483536
48,915083179344,915089645920,6466576,6486320
49,915089662160,915097132240,7470080,5305856
50,915097147696,915103438096,6290400,5583600
51,915103455168,915110021696,6566528,6096176
52,915110040848,915117117872,7077024,5072496
53,915117139168,915123190368,6051200,5189744
54,915123207584,915129380112,6172528,5398608
55,915129440016,915135778720,6338704,6320832
56,915135861360,915143099552,7238192,5274240
57,915143124928,915149373792,6248864,4844176
58,915149419168,915155217968,5798800,5752560
59,915155233296,915161970528,6737232,5041552
60,915162034496,915168012080,5977584,6061184
61,915168063888,915175073264,7009376,5443152
62,915175088304,915181516416,6428112,5054480
63,915181532496,915187570896,6038400,5793408
64,915187624320,915194364304,6739984,6319808
65,915194380560,915201684112,7303552,4810400
66,915201700832,915207494512,5793680,6042512
67,915207510192,915214537024,7026832,6075088
68,915214553008,915221612112,7059104,4797152
69,915221630368,915227409264,5778896,5528560
70,915227425968,915233937824,6511856,5103824
71,915233998368,915240041648,6043280,5607936
72,915240057600,915246649584,6591984,6204480
73,915246664944,915253854064,7189120,6206224
74,915253897264,915261060288,7163024,5176160
75,915261075280,915267236448,6161168,5573344
76,915267252208,915273809792,6557584,4225808
77,915273825456,915279035600,5210144,5439104
78,915279052416,915285474704,6422288,4536368
79,915285489360,915291011072,5521712,5177712
80,915291059328,915297188784,6129456,4912432
81,915297204752,915303101216,5896464,5010688
82,915303116624,915309111904,5995280,4802032
83,915309127472,915314913936,5786464,5304240
84,915314929040,915321218176,6289136,5010736
85,915321234368,915327228912,5994544,5432784
86,915327244288,915333661696,6417408,4004560
87,915333677280,915338666256,4988976,6125760
88,915338681152,915345792016,7110864,5167904
89,915345807968,915351959920,6151952,7821408
90,915351975904,915360781328,8805424,5249488
91,915360797264,915367030816,6233552,5155840
92,915367046880,915373186656,6139776,4611280
93,915373211040,915378797936,5586896,5319920
94,915378813296,915385117856,6304560,5064352
95,915385136112,915391182208,6046096,5614320
96,915391200224,915397796528,6596304,5141648
97,915397812144,915403938176,6126032,5734976
98,915403953456,915410673152,6719696,5242064
99,915410711408,915416915216,6203808,7275024
100,915416930592,915425190240,8259648,4412688
101,915425206512,915430602928,5396416,5909904
102,915430617088,915437512832,6895744,4370096
103,915437528192,915442882928,5354736,4208320
104,915442898400,915448091248,5192848,5565088
105,915448106624,915454656336,6549712,5254752
106,915454670992,915460911088,6240096,4693264
107,915460925984,915466604352,5678368,6512576
108,915466619648,915474116928,7497280,4137872
109,915474131984,915479254800,5122816,4858016
110,915479312672,915485112816,5800144,4803360
111,915485127296,915490916176,5788880,4162016
112,915490930720,915496078192,5147472,5234384
113,915496093600,915502312576,6218976,6142672
114,915502329072,915509455248,7126176,4163328
115,915509470464,915514618576,5148112,5875840
116,915514632256,915521494416,6862160,4415504
117,915521509200,915526909920,5400720,4952800
118,915526924176,915532862720,5938544,4494704
119,915532876464,915538357424,5480960,6150752
120,915538371888,915545508176,7136288,3871568
121,915545531888,915550379744,4847856,5647760
122,915550439008,915557027504,6588496,4600288
123,915557044608,915562627792,5583184,5872416
124,915562642784,915569500208,6857424,4313264
125,915569514944,915574813472,5298528,3947360
126,915574828064,915579760832,4932768,5105744
127,915579775488,915585866576,6091088,4610064
128,915585884432,915591476640,5592208,4937424
129,915591491424,915597414064,5922640,4696784
130,915597429280,915603110848,5681568,4941344
131,915603125824,915609052192,5926368,4513408
132,915609067280,915614565600,5498320,6160896
133,915614611296,915621726496,7115200,4436688
134,915621741424,915627163184,5421760,4986848
135,915627181632,915633150032,5968400,4653376
136,915633186560,915638803408,5616848,7125264
137,915638818416,915646928672,8110256,4177392
138,915646944368,915652106064,5161696,5061696
139,915652120640,915658167760,6047120,5526240
140,915658183136,915664694000,6510864,4800752
141,915664738080,915670494752,5756672,5552976
142,915670511904,915677047728,6535824,5215824
143,915677065408,915683263552,6198144,4698976
144,915683278368,915688962528,5684160,4825472
145,915688977248,915694788000,5810752,5105200
146,915694802496,915700893200,6090704,4626880
147,915700907776,915706520080,5612304,5912992
148,915706535136,915713433072,6897936,6617936
149,915713448544,915721051008,7602464,4940672
150,915721065952,915726991680,5925728,4974528
151,915727036784,915732966208,5929424,4992096
152,915732982240,915738958304,5976064,5415776
153,915739014640,915745374080,6359440,6401472
154,915745389376,915752775552,7386176,4659328
155,915752790768,915758434880,5644112,5590256
156,915758450288,915765025136,6574848,5168256
157,915765039984,915771193392,6153408,5305232
158,915771208768,915777498624,6289856,4686480
159,915777514640,915783185104,5670464,6055920
160,915783201152,915790241024,7039872,5611712
161,915790291552,915796852736,6561184,3585152
162,915796868752,915801437888,4569136,6617360
163,915801452832,915809055248,7602416,7193936
164,915809070832,915817249184,8178352,5345776
165,915817265152,915823594960,6329808,5512816
166,915823610304,915830107776,6497472,5773584
167,915830122736,915836881360,6758624,4584464
168,915836914304,915842465824,5551520,5960736
169,915842482432,915849426560,6944128,4361008
170,915849479424,915854787568,5308144,5072560
171,915854802768,915860860128,6057360,4792144
172,915860875296,915866652272,5776976,5835392
173,915866667152,915873487664,6820512,4668064
174,915873502544,915879155728,5653184,5879520
175,915879196944,915886035248,6838304,4891408
176,915886084016,915891926656,5842640,5574992
177,915891941616,915898501648,6560032,5448480
178,915898518544,915904950128,6431584,4740608
179,915904964032,915910690736,5726704,4451232
180,915910747040,915916141968,5394928,5818464
181,915917308752,915922960432,5651680,5006192
182,915922975280,915928966624,5991344,4860304
183,915928981968,915934826928,5844960,5097488
184,915934843008,915940924416,6081408,5214512
185,915940949648,915947138928,6189280,4982608
186,915947154288,915953121536,5967248,4842800
187,915953175520,915958964336,5788816,4724640
188,915958979344,915964688976,5709632,4912192
189,915964703904,915970601168,5897264,4177200
190,915970616240,915975778368,5162128,5043616
191,915975793104,915981821984,6028880,4424272
192,915981863568,915987246256,5382688,5285008
193,915987261184,915993531264,6270080,4001968
194,915993546432,915998533232,4986800,5311312
195,915998585856,916004844544,6258688,4882768
196,916004859776,916010727312,5867536,5023408
197,916010742672,916016750720,6008048,4757728
198,916016782464,916022508448,5725984,5505440
199,916022525184,916029013888,6488704,5936544
200,916029029808,916035950432,6920624,5588480
201,916036010288,916042538912,6528624,5511520
202,916042554240,916049050432,6496192,4773712
203,916049066208,916054824144,5757936,4079440
204,916054840208,916059903584,5063376,5521472
205,916059918784,916066425056,6506272,5311104
206,916066491680,916072736160,6244480,5430048
207,916072774672,916079166208,6391536,4640064
208,916079183376,916084806272,5622896,5042976
209,916084822896,916090849248,6026352,5260112
210,916090865568,916097109360,6243792,4818544
211,916097126704,916102927904,5801200,3806048
212,916102989360,916107733952,4744592,5083968
213,916107749040,916113817920,6068880,3925712
214,916113834352,916118743632,4909280,4371136
215,916118759056,916124114768,5355712,6199376
216,916125252752,916131314144,6061392,5296480
217,916131331008,916137610624,6279616,4721152
218,916137627008,916143331776,5704768,5759408
219,916143347936,916150091184,6743248,6045344
220,916150108080,916157136528,7028448,4707584
221,916157176352,916162844112,5667760,4176160
222,916162861568,916168020272,5158704,5195792
223,916168056272,916174216064,6159792,6831552
224,916174232576,916182047616,7815040,4918624
225,916182064672,916187966240,5901568,5441536
226,916188037152,916194407776,6370624,5634416
227,916194424432,916201042192,6617760,4644128
228,916201110272,916206686320,5576048,5399440
229,916206754448,916213085760,6331312,4867136
230,916213165248,916218952896,5787648,4093760
231,916219034384,916224046656,5012272,5865680
232,916224084224,916230912336,6828112,5003488
233,916230928736,916236915824,5987088,4397376
234,916236932752,916242313200,5380448,5892688
235,916242329584,916249205888,6876304,4985232
236,916249222496,916255191120,5968624,6912672
237,916255207776,916263103792,7896016,5089200
238,916263162736,916269192992,6030256,4454272
239,916269213168,916274647264,5434096,4395360
240,916274663776,916280042624,5378848,5745568
241,916280059824,916286788192,6728368,4205920
242,916286804480,916291994112,5189632,5235008
243,916292012752,916298229120,6216368,5715200
244,916298245584,916304944320,6698736,4732816
245,916304961216,916310677136,5715920,6274048
246,916310693712,916317951184,7257472,4517296
247,916317980368,916323468480,5488112,4985216
248,916323486736,916329453696,5966960,4192768
249,916329470640,916334646464,5175824,5373520
250,916334662464,916341019984,6357520,5055056
251,916341038736,916347075040,6036304,4923296
252,916347091488,916352998336,5906848,4791744
253,916353059488,916358790080,5730592,5079584
254,916358806240,916364869664,6063424,4793776
255,916364886288,916370663440,5777152,4289488
256,916370679824,916375952928,5273104,5924528
257,916375969392,916382877456,6908064,5041600
258,916382894320,916388919056,6024736,4861664
259,916388935840,916394780720,5844880,4142640
260,916394796768,916399923360,5126592,5096576
261,916399938752,916406019936,6081184,4838592
262,916406036848,916411858528,5821680,4642864
263,916411875280,916425087520,13212240,5695520
264,916425149376,916430730384,5581008,4104368
265,916430774576,916437425904,6651328,5159696
266,916437443424,916442530272,5086848,4694464
267,916442547616,916448689968,6142352,5678608
268,916448746144,916454384432,5638288,4693760
269,916454440064,916461063040,6622976,5297536
270,916461081344,916466756800,5675456,4893472
271,916466773568,916473054336,6280768,4679744
272,916473070896,916478947808,5876912,4601264
273,916478968144,916484627552,5659408,5703536
274,916484643824,916490228816,5584992,4655936
275,916490245232,916496932352,6687120,5161440
276,916496948416,916502588288,5639872,4363216
277,916502604848,916508749728,6144880,4489408
278,916508765920,916514112944,5347024,4889328
279,916514129440,916519602352,5472912,4508624
280,916519618720,916525491680,5872960,4802992
281,916525507584,916531000304,5492720,4666272
282,916531074352,916536803296,5728944,5495088
283,916536819536,916542469568,5650032,4558944
284,916542485632,916548964656,6479024,5136672
285,916548981584,916554523600,5542016,4687248
286,916554540064,916560660272,6120208,4743792
287,916560676880,916566347520,5670640,5588320
288,916566375280,916572091312,5716032,5139424
289,916572740048,916578679632,5939584,4705328
290,916578729584,916584819056,6089472,5457872
291,916584835072,916590524384,5689312,4616704
292,916590540672,916596982256,6441584,5460304
293,916596998752,916602598960,5600208,4757296
294,916602615632,916609059264,6443632,5017792
295,916609076464,916614816560,5740096,4814336
296,916614832816,916620834352,6001536,6369984
297,916620904160,916626648688,5744528,4159328
298,916626665424,916634018672,7353248,5164576
299,916634035088,916639178000,5142912,5156320
300,916639202800,916645342576,6139776,5554336
301,916645363328,916651498896,6135568,5914736
302,916651515280,916658053232,6537952,5210096
303,916658069984,916664967968,6897984,4954512
304,916664984624,916671178064,6193440,4510336
305,916671193904,916677132576,5938672,5893408
306,916677148992,916682642912,5493920,4546352
307,916682659072,916689536320,6877248,5252528
308,916689552992,916695082672,5529680,4334832
309,916695099056,916701335200,6236144,5158784
310,916701353568,916706670032,5316464,5466688
311,916706686848,916712828816,6141968,5398208
312,916712845216,916719295504,6450288,6177072
313,916719312048,916725693712,6381664,5043328
314,916725757520,916732870784,7113264,6099168
315,916732887792,916738914112,6026320,4411216
316,916738930496,916746013280,7082784,4726576
317,916746030608,916751424496,5393888,4601984
318,916751443472,916757151072,5707600,5327200
319,916757169072,916762753056,5583984,5125552
320,916762769248,916769080256,6311008,5361232
321,916769098752,916775205808,6107056,4357776
322,916775221008,916781567040,6346032,4778672
323,916781583712,916786924816,5341104,4590368
324,916786940816,916792703488,5762672,5727184
325,916792751920,916798293856,5541936,4644880
326,916798310144,916805021040,6710896,5468688
327,916805037616,916810665920,5628304,4389616
328,916810682416,916817134608,6452192,5292560
329,916817152240,916822524224,5371984,5010672
330,916822540608,916828816784,6276176,4806640
331,916828832960,916834827456,5994496,5074224
332,916834843408,916840634096,5790688,5099248
333,916840652512,916846708320,6055808,4853888
334,916846754688,916852807568,6052880,4951440
335,916852824048,916858661456,5837408,5058400
336,916858678096,916864612896,5934800,5872944
337,916864629552,916870671296,6041744,6562496
338,916870687520,916877544240,6856720,4857504
339,916877616528,916885106736,7490208,5200224
340,916885123488,916890964240,5840752,4809360
341,916890980336,916897164464,6184128,5018272
342,916897180768,916902973824,5793056,4360192
343,916902989952,916908992096,6002144,5856688
344,916909010240,916914352288,5342048,4474256
345,916914368736,916921208976,6840240,4488880
346,916921225520,916926683232,5457712,5353552
347,916926701600,916932172112,5470512,6308960
348,916932737552,916938525664,5788112,4748064
349,916938550576,916945834624,7284048,4761760
350,916945851264,916951582688,5731424,4617552
351,916951651696,916957344448,5692752,4803360
352,916957360464,916962962000,5601536,4837040
353,916963027296,916968765360,5738064,5733936
354,916968781536,916974602400,5820864,4209968
355,916974618592,916981336336,6717744,4246480
356,916981352736,916986546304,5193568,5369296
357,916986572496,916991792784,5220288,6076512
358,916991809664,916998162080,6352416,4723776
359,916998178416,917005238592,7060176,5179536
360,917005255088,917010962368,5707280,4724000
361,917010983056,917017141904,6158848,4099744
362,917017158400,917022865904,5707504,6001072
363,917022956704,917027965648,5008944,4818080
364,917027981792,917034966720,6984928,4848960
365,917034992144,917040784800,5792656,4284192
366,917040801200,917046633760,5832560,6209312
367,917046651536,917051917952,5266416,4941088
368,917051934720,917059127264,7192544,4497824
369,917059143408,917065068352,5924944,5424464
370,917065086880,917070566176,5479296,4900960
371,917070583536,917076990640,6407104,4136480
372,917077008640,917082891600,5882960,5186400
373,917082987040,917088028080,5041040,4480240
374,917088044128,917094214480,6170352,5472352
375,917094275488,917099694720,5419232,4512800
376,917099710992,917106167072,6456080,4845824
377,917106183024,917111679872,5496848,6950304
378,917111695808,917117525696,5829888,4639888
379,917117541840,917125476000,7934160,4868672
380,917125521152,917131115888,5594736,4367040
381,917131132544,917136984560,5852016,6651600
382,917137006000,917142351600,5345600,6146224
383,917142367504,917150003200,7635696,4464768
384,917150019728,917157149424,7129696,5302848
385,917157165936,917162614192,5448256,4626128
386,917162631920,917168917040,6285120,5462720
387,917168942736,917174543168,5600432,4865840
388,917174589344,917181005888,6416544,4742720
389,917181021792,917186871728,5849936,4721296
390,917186924400,917192614448,5690048,4394864
391,917192630464,917198335744,5705280,4485808
392,917198353312,917203730608,5377296,4888368
393,917203746432,917209216416,5469984,4677584
394,917209232704,917215104784,5872080,4705872
395,917215121440,917220782368,5660928,6049888
396,917220798624,917226488240,5689616,4662752
397,917226505280,917233538128,7032848,5565568
398,917233555088,917239200880,5645792,4528224
399,917239238832,917245766448,6527616,5897552
400,917245783760,917251294672,5510912,5651696
401,917251311936,917258192224,6880288,4455312
402,917258208640,917264843920,6635280,3633120
403,917264862240,917270299232,5436992,5042816
404,917270315104,917274932352,4617248,5310272
405,917274947280,917280975168,6027888,5655136
406,917280991344,917287285440,6294096,4213088
407,917287311664,917293940576,6628912,4727424
408,917293957312,917299153664,5196352,4766496
409,917299170608,917304881088,5710480,4407536
410,917304974688,917310647584,5672896,5857984
411,917310679392,917316055120,5375728,4772352
412,917316070720,917322913104,6842384,4054112
413,917322929440,917328685456,5756016,3774240
414,917328700720,917333739568,5038848,5430784
415,917333782416,917338513808,4731392,4865904
416,917338528896,917344944592,6415696,5048784
417,917344977520,917350810496,5832976,4510864
418,917350826912,917356859280,6032368,5804336
419,917356875936,917362370144,5494208,4749008
420,917362386208,917369174480,6788272,5176960
421,917369190736,917374923488,5732752,4980608
422,917374939616,917381100448,6160832,4827488
423,917381117392,917387081056,5963664,4277584
424,917387097248,917392908544,5811296,5883568
425,917392923808,917398186128,5262320,5196560
426,917398202464,917405069696,6867232,5092288
427,917405086000,917411266256,6180256,5638784
428,917411283152,917417358544,6075392,6247056
429,917417375088,917430593104,13218016,4003824
430,917430609760,917441056480,10446720,5409328
431,917441077296,917447695264,6617968,4659472
432,917447712224,917454942320,7230096,5448720
433,917454958768,917459946144,4987376,5620976
434,917459962624,917466355472,6392848,4251744
435,917466371488,917472014944,5643456,6059872
436,917472030352,917478463664,6433312,4658976
437,917478480240,917485084640,6604400,4915264
438,917485101040,917490336384,5235344,4878400
439,917490352480,917497396256,7043776,5204320
440,917497456000,917503055232,5599232,4695936
441,917503073152,917508970496,5897344,5974720
442,917508986784,917514848896,5862112,4223616
443,917514865568,917521053216,6187648,3715616
444,917521069376,917526749152,5679776,4885680
445,917526823360,917533723872,6900512,4377360
446,917533766624,917538947488,5180864,4765344
447,917538963952,917543663104,4699152,4599264
448,917543679184,917549548784,5869600,5447792
449,917549564816,917554926144,5361328,4769504
450,917554942672,917560691488,5748816,5287776
451,917560763744,917566290752,5527008,4617584
452,917566307024,917572738544,6431520,5543776
453,917572810944,917578508048,5697104,4908432
454,917578526048,917584795824,6269776,5193424
455,917584811712,917590413408,5601696,4328496
456,917590429248,917596957184,6527936,4649520
457,917596973232,917602865616,5892384,5452288
458,917602881728,917609059040,6177312,6085472
459,917609075760,917614387536,5311776,4449952
460,917614403840,917620037056,5633216,3919664
461,917620750016,917626489344,5739328,8337024
462,917626509376,917633574816,7065440,4983936
463,917633591200,917639024768,5433568,5150784
464,917639050560,917643944432,4893872,4688768
465,917643961184,917653281456,9320272,3993600
466,917653296928,917659265392,5968464,5725968
467,917659318816,917665416176,6097360,4176416
468,917665432912,917671104944,5672032,5356976
469,917671121280,917676098544,4977264,6105408
470,917676115120,917682824512,6709392,4332832
471,917682841216,917688000928,5159712,4251232
472,917688017168,917694357904,6340736,5487360
473,917694374416,917701463312,7088896,5477040
474,917701479648,917706796144,5316496,4843968
475,917706812688,917712047376,5234688,5196160
476,917712063712,917718534736,6471024,4435168
477,917718591872,917725011776,6419904,5215152
478,917725030656,917730855744,5825088,4852592
479,917730872256,917737051904,6179648,6258384
480,917737068144,917742487072,5418928,4199904
481,917742503648,917748702224,6198576,4596048
482,917748760336,917754554816,5794480,4731488
483,917754570944,917761813200,7242256,5961840
484,917761829744,917767013104,5183360,4314688
485,917767029392,917772609152,5579760,5903552
486,917772629072,917778340640,5711568,4127808
487,917778396000,917785302480,6906480,5270816
488,917785370192,917790617168,5246976,4402432
489,917790633664,917797520720,6887056,5731552
490,917797537232,917802648528,5111296,4835984
491,917802664896,917808919344,6254448,5474624
492,917808934848,917814321776,5386928,3813392
493,917814338912,917821053328,6714416,6703584
494,917821110448,917826889312,5778864,5080160
495,917826906192,917833363936,6457744,4756784
496,917833380080,917846570096,13190016,4883888
497,917846586592,917851383488,4796896,5533648
498,917851400384,917859087072,7686688,4983344
499,917859104320,917865167232,6062912,5130352
500,917865183952,917870924016,5740064,4510240
501,917870940592,917876807904,5867312,4743248
502,917876824432,917883341552,6517120,5803120
503,917883358144,917889324896,5966752,4947888
504,917889341072,917895455248,6114176,4940432
505,917895472304,917900965488,5493184,4603840
506,917900981680,917906708736,5727056,4056608
507,917906751280,917913511856,6760576,5530016
508,917913528080,917919459744,5931664,5121632
509,917919476336,917925400176,5923840,4868992
510,917925474752,917931004016,5529264,5637712
511,917931020880,917936060624,5039744,4791168
512,917936076480,917942590640,6514160,4040304
513,917942608992,917948712272,6103280,5418656
514,917948730368,917954581264,5850896,6036000
515,917954597808,917961218976,6621168,5549712
516,917961235600,917967010144,5774544,5620608
517,917967026624,917972050448,5023824,5080784
518,917972065696,917978469104,6403408,4516016
519,917978521152,917985505104,6983952,5524176
520,917985521520,917992054816,6533296,4789520
521,917992092384,917998675424,6583040,5807136
522,917998755792,918004756208,6000416,4285984
523,918004772576,918010272224,5499648,5460912
524,918010288624,918016796400,6507776,5822912
525,918016812864,918022585920,5773056,5481872
526,918022602528,918029393056,6790528,5553504
527,918029456432,918034679040,5222608,4756064
528,918034695376,918041139952,6444576,5153104
529,918041156320,918047962864,6806544,4995296
530,918047979408,918054444736,6465328,5125008
531,918054465120,918060998240,6533120,4768544
532,918061014688,918066754304,5739616,5826336
533,918066770480,918072907408,6136928,4163760
534,918072927408,918078902704,5975296,4155520
535,918078918656,918085027712,6109056,5673088
536,918085044080,918090796256,5752176,6110976
537,918090812640,918097622592,6809952,4310560
538,918097638768,918102786352,5147584,4737760
539,918102802736,918107941872,5139136,4907552
540,918107973904,918114614960,6641056,5460624
541,918114630768,918121725936,7095168,5005232
542,918121741664,918127036496,5294832,5012560
543,918127052720,918132774256,5721536,4530304
544,918132790960,918138681808,5890848,5430128
545,918138700032,918145142432,6442400,4524256
546,918145166544,918151147664,5981120,5300432
547,918151174432,918157160224,5985792,4926896
548,918157176640,918162690528,5513888,4936816
549,918162706528,918169120656,6414128,4646032
550,918169136688,918174644912,5508224,5710080
551,918174660960,918180945344,6284384,5050464
552,918180961648,918186872240,5910592,5150208
553,918186888960,918192809056,5920096,4453472
554,918192825504,918198455088,5629584,5212192
555,918198472912,918205165168,6692256,4782368
556,918205181504,918211215632,6034128,5100912
557,918211235040,918217365840,6130800,5608976
558,918217381488,918222819312,5437824,5046944
559,918222835744,918229031504,6195760,4505808
560,918229050320,918234813872,5763552,4888768
561,918234829760,918240914784,6085024,5107664
562,918240931040,918247523760,6592720,4761184
563,918247539024,918253570704,6031680,4748144
564,918253653632,918259076512,5422880,5427536
565,918259093216,918264965280,5872064,4885264
566,918264981760,918271072944,6091184,5081200
567,918271089488,918276834128,5744640,5608176
568,918276850448,918282582272,5731824,4917664
569,918282600800,918289009808,6409008,4431456
570,918289026224,918294895072,5868848,5103456
571,918294911376,918300976272,6064896,4650816
572,918301048368,918307584448,6536080,5386928
573,918307600752,918313502112,5901360,4948112
574,918313518848,918318933568,5414720,5269424
575,918318950096,918325037024,6086928,4668896
576,918325053072,918330687840,5634768,4957664
577,918330703936,918337074768,6370832,4709920
578,918337135296,918343022880,5887584,4254800
579,918343050688,918349292304,6241616,5432480
580,918349308304,918354961200,5652896,3818320
581,918354977552,918360918864,5941312,4597536
582,918360935184,918366628784,5693600,4771488
583,918366645168,918371883584,5238416,5618528
584,918371899904,918378316064,6416160,4534768
585,918378333744,918383134384,4800640,5366608
586,918383158208,918388731920,5573712,5146800
587,918388771072,918394503408,5732336,5965168
588,918394521136,918401121936,6600800,5024176
589,918401137488,918406656704,5519216,5773216
590,918406674464,918413023312,6348848,4235056
591,918413039664,918419170112,6130448,5280928
592,918419186560,918426135280,6948720,4295488
593,918426151520,918437319872,11168352,5164544
594,918437384224,918443344048,5959824,4769616
595,918443396832,918450117264,6720432,5074752
596,918450134160,918455352320,5218160,4601824
597,918455369168,918461633248,6264080,6068448
598,918461650992,918466928736,5277744,4278864
599,918466949760,918473093280,6143520,4840528
600,918473109296,918478862896,5753600,4567920
601,918478891920,918484937648,6045728,5970880
602,918484963280,918490539472,5576192,4374112
603,918490555376,918497607920,7052544,5624816
604,918497625664,918502886784,5261120,4299408
605,918502904896,918508727312,5822416,5610000
606,918508743920,918514295232,5551312,4579120
607,918514311888,918521266112,6954224,5844752
608,918521332960,918526640224,5307264,4109872
609,918526656400,918533265040,6608640,5234256
610,918533281344,918538564448,5283104,4686336
611,918538618112,918545174448,6556336,5922432
612,918545191072,918550753568,5562496,4502528
613,918550769664,918557598320,6828656,5006960
614,918557661104,918562708192,5047088,4670336
615,918562753232,918568942448,6189216,4327072
616,918568958768,918574628784,5670016,5005552
617,918574646848,918581551216,6904368,4168544
618,918581568016,918587053744,5485728,5128944
619,918587070448,918593060704,5990256,4689408
620,918593077088,918598731040,5653952,4095840
621,918598773616,918604058112,5284496,5234784
622,918604738480,918610063664,5325184,6583680
623,918610119456,918615232208,5112752,4112016
624,918615248368,918621361152,6112784,6614336
625,918621377440,918627050560,5673120,4409856
626,918627073792,918632146400,5072608,5376624
627,918632758624,918638381184,5622560,5520592
628,918638397216,918645964864,7567648,4828656
629,918646031312,918651076880,5045568,5837904
630,918651114208,918658691216,7577008,4253488
631,918658707888,918664101072,5393184,4125072
632,918664117632,918670477696,6360064,5486352
633,918670494640,918676998288,6503648,6221872
634,918677014864,918682826944,5812080,4949184
635,918682843456,918689664848,6821392,4186272
636,918689681136,918694918336,5237200,6002752
637,918694934688,918700043408,5108720,5051520
638,918700674704,918711196192,10521488,4963776
639,918711211616,918717682544,6470928,4857008
640,918717699264,918724904416,7205152,4528464
641,918724920992,918730853600,5932608,5582528
642,918730871424,918736039872,5168448,4819680
643,918736055952,918743042624,6986672,5075104
644,918743059488,918749094144,6034656,4599024
645,918749110256,918755057920,5947664,5624464
646,918755074000,918760914928,5840928,5304512
647,918760929920,918766443392,5513472,4926272
648,918766459632,918773025920,6566288,4233712
649,918773041904,918778845600,5803696,6519184
650,918778861616,918784920704,6059088,5551856
651,918784939056,918790519728,5580672,5096608
652,918790535392,918797144192,6608800,4081968
653,918797160704,918803448704,6288000,6009296
654,918803464672,918809374976,5910304,5034528
655,918809391120,918814608688,5217568,5080176
656,918814624624,918822127872,7503248,4931408
657,918822144528,918828679728,6535200,4723824
658,918828738896,918834776336,6037440,5462832
659,918834792736,918839858304,5065568,5527328
660,918839877328,918846867600,6990272,4683104
661,918846883600,918852902128,6018528,5062496
662,918852918160,918858982304,6064144,4919696
663,918858998832,918864913712,5914880,4347248
664,918864929760,918870637536,5707776,5478352
665,918870653360,918877100368,6447008,4849664
666,918877116800,918883627696,6510896,4782752
667,918883644128,918889310800,5666672,4382512
668,918889328352,918895373296,6044944,3991392
669,918895389920,918901292992,5903072,5015360
670,918901309136,918906640240,5331104,5257264
671,918906656640,918913118592,6461952,5218448
672,918913135568,918918968256,5832688,4186032
673,918918985184,918924751008,5765824,5064272
674,918924767856,918930133520,5365664,4502400
675,918930149680,918935124912,4975232,5670464
676,918935149264,918941140272,5991008,4551872
677,918941158016,918947397536,6239520,4507776
678,918947459824,918953615984,6156160,5295568
679,918953632112,918958802016,5169904,5485744
680,918958818672,918964866288,6047616,4331088
681,918964882112,918970368688,5486576,7492256
682,918970384608,918977039152,6654544,7031456
683,918977055264,918982591024,5535760,5307504
684,918982607984,918988098800,5490816,5564208
685,918988114704,918994394368,6279664,5363408
686,918994460496,919000880112,6419616,4912448
687,919000897792,919006211200,5313408,6422176
688,919006227504,919014703456,8475952,4622560
689,919014721248,919022734912,8013664,5039520
690,919022751504,919029042416,6290912,3976000
691,919029062880,919035606624,6543744,5277024
692,919035622976,919041970032,6347056,4381616
693,919042029408,919047882480,5853072,5244416
694,919047900800,919055304656,7403856,4293712
695,919055345648,919060927216,5581568,5053408
696,919060942448,919066966736,6024288,4879904
697,919066987824,919071942736,4954912,4600192
698,919071959200,919078219760,6260560,5438992
699,919078276256,919083601376,5325120,5004976
700,919083618880,919089845792,6226912,4636880
701,919089862384,919095139504,5277120,6118112
702,919095156576,919101192912,6036336,4645488
703,919101210928,919107072816,5861888,5912576
704,919107089040,919112673008,5583968,5615680
705,919112705776,919119112000,6406224,5189312
706,919119150752,919125116976,5966224,4846528
707,919125135792,919130753856,5618064,4860144
708,919130770000,919137871968,7101968,5356368
709,919137888608,919143517456,5628848,4662352
710,919143533776,919150430032,6896256,4867184
711,919150447216,919157045712,6598496,4878864
712,919157062992,919163235024,6172032,5629248
713,919163251872,919169081552,5829680,4707408
714,919169098544,919174941696,5843152,5833328
715,919174959104,919181298064,6338960,4439328
716,919181322112,919186960416,5638304,5181952
717,919186977632,919192827600,5849968,4774608
718,919192844496,919198706464,5861968,4782080
719,919198722368,919205335712,6613344,4955024
720,919205352192,919211043120,5690928,5780096
721,919211059712,919217876448,6816736,4203840
722,919217893216,919223315776,5422560,4931568
723,919223363472,919229497728,6134256,4740176
724,919229514528,919235272336,5757808,5815568
725,919235324144,919241054416,5730272,4844080
726,919241069792,919247009440,5939648,4971824
727,919247026048,919253789536,6763488,4403120
728,919253805424,919258993376,5187952,5496400
729,919259010192,919264924944,5914752,4496608
730,919264941552,919270665120,5723568,4117872
731,919270681248,919277480688,6799440,5579616
732,919277496416,919283324768,5828352,6188176
733,919283341104,919289296592,5955488,4987744
734,919289312992,919294699712,5386720,4819168
735,919294716064,919301196112,6480048,4209616
736,919301215952,919306692720,5476768,5704592
737,919306709200,919311810592,5101392,4457264
738,919311827072,919318390208,6563136,5382864
739,919318406784,919325578384,7171600,4662896
740,919325620800,919331566128,5945328,4022400
741,919331619760,919337385296,5765536,5433104
742,919337401808,919342594912,5193104,5667840
743,919342612656,919349299504,6686848,4888704
744,919349315504,919354756768,5441264,5902304
745,919354772688,919361139632,6366944,4355520
746,919361155104,919366802528,5647424,4848000
747,919366818448,919371824928,5006480,4329744
748,919371840976,919378258032,6417056,4829120
749,919378275824,919384925872,6650048,5229840
750,919384941904,919390814576,5872672,6267600
751,919390830160,919397716880,6886720,7908400
752,919397732816,919403072400,5339584,6367744
753,919403096320,919408920400,5824080,5429472
754,919408936336,919414250144,5313808,5449680
755,919414266096,919420079264,5813168,5955568
756,919420094720,919426309104,6214384,5210896
757,919426324944,919433576704,7251760,5533760
758,919433628048,919448932144,15304096,4168288
759,919448955024,919457840544,8885520,5402880
760,919457858000,919465208288,7350288,4682736
761,919465225616,919471637760,6412144,5037664
762,919471654832,919478087440,6432608,4950832
763,919478148464,919485043008,6894544,5193248
764,919485059200,919491253904,6194704,5131296
765,919491270944,919497787664,6516720,5596960
766,919497804464,919502955952,5151488,6198272
767,919502971552,919509358832,6387280,4911360
768,919509375488,919515041568,5666080,4897792
769,919515056720,919521079232,6022512,4767680
770,919521094880,919527030064,5935184,6953616
771,919527045856,919533223312,6177456,6063136
772,919533283728,919539354608,6070880,4692240
773,919539372048,919545951568,6579520,5610624
774,919545967568,919553149840,7182272,4595120
775,919553166832,919559061200,5894368,5010560
776,919559100960,919564958992,5858032,4571536
777,919565016704,919570726672,5709968,5363440
778,919570742976,919578680288,7937312,4442448
779,919578697328,919585743424,7046096,4913648
780,919585760112,919591435664,5675552,6153008
781,919591452448,919598046288,6593840,6101952
782,919598073584,919603641408,5567824,6206864
783,919603658208,919609651968,5993760,5388592
784,919609669408,919615223504,5554096,3838704
785,919615239552,919621586944,6347392,5119968
786,919621604544,919627029392,5424848,6055104
787,919627045088,919632943040,5897952,7861312
788,919632959360,919640096048,7136688,6205600
789,919640112560,919647198000,7085440,5650480
790,919647215008,919654404864,7189856,5173088
791,919654485200,919660793456,6308256,5235056
792,919660809952,919665632160,4822208,6264512
793,919665648512,919671752128,6103616,4524032
794,919671798592,919678807232,7008640,4274992
795,919678823104,919687668544,8845440,4806416
796,919687685536,919694874144,7188608,4378576
797,919694988576,919701524624,6536048,4729264
798,919701541552,919707697712,6156160,4274928
799,919707714608,919713932768,6218160,5756912
800,919713949392,919721197280,7247888,4223360
801,919721214672,919726721312,5506640,4853488
802,919726756768,919731996304,5239536,7140704
803,919732020192,919737802720,5782528,4773536
804,919737817776,919743181296,5363520,3679472
805,919743273520,919748910560,5637040,5781760
806,919748927120,919754185488,5258368,4691712
807,919754201616,919760942400,6740784,4992928
808,919760958944,919766165760,5206816,5147520
809,919766183264,919772019248,5835984,5590944
810,919772034736,919783796688,11761952,4891120
811,919783812288,919791937392,8125104,5957360
812,919791954800,919797710928,5756128,7050272
813,919797728800,919802390400,4661600,6354208
814,919802407536,919809172160,6764624,7073296
815,919809188128,919814863872,5675744,6970000
816,919814881104,919820856800,5975696,6390624
817,919820874992,919827004320,6129328,5243040
818,919827025536,919833595264,6569728,8533760
819,919833611920,919839486384,5874464,5674016
820,919839503552,919846443744,6940192,6463696
821,919846461328,919854494016,8032688,6136304
822,919854511088,919861848224,7337136,6196768
823,919861922592,919869921520,7998928,6555376
824,919869939408,919877891520,7952112,5230544
825,919877919392,919885282144,7362752,6212720
826,919885300176,919891525184,6225008,6228848
827,919891572400,919901058944,9486544,6185184
828,919901085520,919907732960,6647440,5254464
829,919907777504,919915196656,7419152,5978384
830,919915214144,919922332960,7118816,6396592
831,919922350432,919929529728,7179296,5088816
832,919929547040,919937085104,7538064,5834416
833,919937103120,919943315648,6212528,6651568
834,919943332944,919950528368,7195424,5872432
835,919950545488,919957757216,7211728,4857520
836,919957799536,919964942400,7142864,7272608
837,919964964144,919971196864,6232720,5035920
838,919971213872,919978175248,6961376,5285568
839,919978192784,919985571840,7379056,4991696
840,919985624160,919991660656,6036496,5980944
841,919991677664,919998495072,6817408,5335024
842,919998511072,920006146640,7635568,5291600
843,920006163824,920013019072,6855248,5301248
844,920013035952,920018876592,5840640,4695328
845,920018893728,920029007456,10113728,4624848
846,920029024336,920037280064,8255728,5317344
847,920037296544,920043315984,6019440,6191616
848,920043332064,920049601552,6269488,6550320
849,920049618096,920055593248,5975152,4890832
850,920055610032,920062574192,6964160,6961696
851,920062590384,920068909216,6318832,5994576
852,920068969568,920075200816,6231248,5747392
853,920075252384,920081502064,6249680,5106656
854,920081561824,920087197392,5635568,6204640
855,920087213760,920092822240,5608480,5778464
856,920092846432,920099139584,6293152,6192912
857,920099155712,920106331200,7175488,5278912
858,920106347424,920113881520,7534096,5923792
859,920113898736,920119772352,5873616,6292016
860,920119836944,920127734048,7897104,5124480
861,920127750976,920134728624,6977648,5607760
862,920134745376,920141476016,6730640,7084528
863,920141493216,920147582672,6089456,6624240
864,920147599168,920154787312,7188144,6628240
865,920154851056,920161565776,6714720,6573088
866,920161583728,920168758688,7174960,5674064
867,920168777904,920175037600,6259696,5306048
868,920175055024,920181961392,6906368,6058112
869,920181978240,920189253408,7275168,5328496
870,920189270272,920195377888,6107616,5310784
871,920195394800,920201985648,6590848,4776864
872,920202044304,920210070176,8025872,5183120
873,920210087952,920217694416,7606464,5037008
874,920217711776,920225322656,7610880,5985232
875,920225339792,920232895744,7555952,6150240
876,920232913856,920239569808,6655952,5421520
877,920239586928,920245875856,6288928,6083680
878,920245893344,920252933968,7040624,6027648
879,920252952064,920259262464,6310400,6244064
880,920259289152,920265573248,6284096,5753440
881,920265628112,920271350112,5722000,4959232
882,920271366928,920277533232,6166304,6124240
883,920277551616,920283570240,6018624,5212336
884,920283586848,920290555472,6968624,6472848
885,920290590512,920297705712,7115200,6529120
886,920297722768,920304127232,6404464,6298480
887,920304144368,920311210912,7066544,5861792
888,920311229408,920318238560,7009152,4522608
889,920318255504,920325482624,7227120,6013552
890,920325499888,920332236064,6736176,5297760
891,920332252912,920338195296,5942384,5658528
892,920338211760,920345319536,7107776,4292656
893,920345343888,920351531872,6187984,5975584
894,920351548064,920359004720,7456656,5563696
895,920359032864,920366533840,7500976,5176992
896,920366551760,920373832320,7280560,5356336
897,920373883104,920380694112,6811008,5303024
898,920380711808,920386216720,5504912,5651664
899,920386271568,920393230272,6958704,5414432
900,920393275616,920399528032,6252416,5375728
901,920399545808,920406186560,6640752,5605696
902,920406203488,920411479216,5275728,7554256
903,920411496576,920418454800,6958224,6809632
904,920418471760,920425018496,6546736,6306000
905,920425121744,920431195488,6073744,5263568
906,920431257264,920437551824,6294560,7046432
907,920437567600,920443854848,6287248,6189008
908,920443878384,920450506512,6628128,6052256
909,920450565520,920456920944,6355424,4749264
910,920456996624,920463296672,6300048,6020784
911,920463313216,920469902368,6589152,3944352
912,920469919296,920478456624,8537328,5522208
913,920478473680,920486266256,7792576,5798640
914,920486296432,920493572256,7275824,5309680
915,920493589856,920499835824,6245968,4541216
916,920499852992,920507882256,8029264,4920704
917,920507901856,920515071264,7169408,4971808
918,920515088000,920522123520,7035520,4917216
919,920522140464,920527872784,5732320,4824800
920,920527889840,920534893568,7003728,4663072
921,920534910800,920539837920,4927120,4607232
922,920539855568,920546360128,6504560,4992560
923,920546377088,920553158768,6781680,4090864
924,920553175488,920559468448,6292960,4934816
925,920559485936,920565009664,5523728,5099616
926,920565035616,920570930368,5894752,4831200
927,920570947632,920576902176,5954544,4634080
928,920576919360,920582819392,5900032,4558336
929,920582868096,920588644192,5776096,5602336
930,920588670976,920594307264,5636288,5636704
931,920594332736,920599914496,5581760,4998176
932,920599931856,920605907056,5975200,6147424
933,920605923888,920610997920,5074032,4591280
934,920611034672,920616932736,5898064,5387536
935,920616984352,920623032352,6048000,5475824
936,920623055584,920628863552,5807968,4718400
937,920628888848,920634497632,5608784,4141648
938,920634514096,920640055968,5541872,5538688
939,920641055488,920646658304,5602816,5832048
940,920646674672,920653295008,6620336,4779696
941,920653311920,920659293184,5981264,5058624
942,920659309856,920666440608,7130752,5072352
943,920666457664,920672031888,5574224,5561312
944,920672047472,920678419424,6371952,4042160
945,920678438208,920684895248,6457040,5250960
946,920684912544,920690613648,5701104,5763872
947,920690629680,920695755296,5125616,5261216
948,920695771680,920702293984,6522304,4379328
949,920702311872,920709126032,6814160,6471376
950,920709142496,920714905728,5763232,4145584
951,920714922112,920720964352,6042240,5585952
952,920720980208,920727036704,6056496,4387856
953,920727052544,920733598016,6545472,5196912
954,920733614288,920738640176,5025888,4168336
955,920738657072,920744891136,6234064,5418352
956,920744910848,920751655008,6744160,3977024
957,920751694400,920757916224,6221824,4229152
958,920757931936,920763295552,5363616,5260784
959,920763312016,920770766928,7454912,5757648
960,920770783472,920775912512,5129040,4690544
961,920775929456,920782498464,6569008,5702496
962,920782516672,920787886320,5369648,4767312
963,920787902032,920794083232,6181200,5044944
964,920794098512,920799251568,5153056,4569120
965,920799267056,920805669920,6402864,5527488
966,920805685312,920810646944,4961632,4734928
967,920810662688,920815876096,5213408,4741952
968,920815893232,920822136880,6243648,4935824
969,920822161616,920828894528,6732912,5041440
970,920828910848,920834585072,5674224,4888736
971,920834602768,920841287568,6684800,4142576
972,920841303648,920847054880,5751232,4645840
973,920847070656,920853099824,6029168,4787856
974,920853149872,920858668944,5519072,4806112
975,920858709872,920865196432,6486560,5438592
976,920865213920,920870931360,5717440,5745440
977,920870947536,920876673312,5725776,4252848
978,920876712480,920882609136,5896656,4984048
979,920882625728,920888650576,6024848,4848416
980,920888666688,920894539312,5872624,5300448
981,920894555216,920899681888,5126672,4430032
982,920899759424,920905327728,5568304,4125904
983,920905343808,920911115584,5771776,5692864
984,920911132512,920916921696,5789184,4285296
985,920916995664,920923360288,6364624,5283072
986,920923377104,920930105728,6728624,6331248
987,920930126080,920935358576,5232496,4284672
988,920935375568,920941342624,5967056,4172096
989,920941359200,920947191040,5831840,5350304
990,920947207840,920953491488,6283648,5369856
991,920953507680,920958921520,5413840,5070016
992,920958937792,920964047424,5109632,5294208
993,920964087664,920970740288,6652624,4491984
994,920970756640,920976025584,5268944,5008624
995,920976053504,920982308656,6255152,4916976
996,920982324336,920989639904,7315568,4318224
997,920989656080,920994924576,5268496,5704560
998,920994941296,921000096672,5155376,5294352
999,921000862496,921006446976,5584480,4652576
1000,921006462192,921012816832,6354640,4452048
1001,921012832976,921018886848,6053872,5717104
1002,921018903392,921025181056,6277664,5032592
1003,921025196896,921030673040,5476144,4252272
1004,921030737888,921036681664,5943776,4317200
1005,921036697728,921042598640,5900912,5268384
1006,921042616880,921047916864,5299984,4169280
1007,921047934544,921054621424,6686880,4907168
1008,921054637120,921060915776,6278656,4444448
1009,921060932832,921066568352,5635520,6178528
1010,921066622320,921072020400,5398080,4371392
1011,921072036784,921078737504,6700720,4221648
1012,921078753632,921084770096,6016464,6034992
1013,921084785776,921090022368,5236592,3959696
1014,921090038080,921095339568,5301488,6378896
1015,921095356256,921101607952,6251696,4455488
1016,921101624608,921106777232,5152624,4482000
1017,921106802016,921112684400,5882384,5443808
1018,921112722880,921118128848,5405968,4691984
1019,921118145472,921125307376,7161904,5476144
1020,921125323776,921130678768,5354992,4610000
1021,921130729168,921135900416,5171248,5652704
1022,921135916304,921142935408,7019104,4799776
1023,921142952016,921147895104,4943088,3894560
1024,921147911536,921155274000,7362464,5259888
1025,921155291328,921160729488,5438160,4851968
1026,921160744992,921166211488,5466496,5589440
1027,921166230352,921172655296,6424944,4546656
1028,921172671648,921178347280,5675632,5253616
1029,921178363696,921184823424,6459728,5511904
1030,921184875632,921190433424,5557792,4817648
1031,921190489456,921197086128,6596672,4128288
1032,921197106672,921202885904,5779232,5682144
1033,921202901600,921207780464,4878864,4242016
1034,921207796288,921214040352,6244064,4951344
1035,921214056624,921219892320,5835696,4565088
1036,921219908864,921226481760,6572896,5409520
1037,921226498496,921232028416,5529920,4293040
1038,921232047296,921238282032,6234736,4017584
1039,921238300576,921244793936,6493360,5464672
1040,921244810432,921250611584,5801152,5806928
1041,921250643312,921255739872,5096560,4801760
1042,921255756160,921262422016,6665856,5357344
1043,921262440992,921267664032,5223040,4296128
1044,921267704832,921273615376,5910544,4420624
1045,921273632240,921279180464,5548224,5998288
1046,921279196576,921285589984,6393408,5857696
1047,921285606272,921290883024,5276752,5900400
1048,921290947792,921295900608,4952816,4966592
1049,921295916304,921302365280,6448976,4235376
1050,921302381952,921309172208,6790256,5114144
1051,921309195504,921314973968,5778464,6396064
1052,921314990592,921321331312,6340720,4641264
1053,921321348400,921326627440,5279040,5274080
1054,921326644176,921332048064,5403888,4341856
1055,921332064368,921339046352,6981984,4920400
1056,921339090032,921345904048,6814016,5087632
1057,921345920848,921352804448,6883600,5059424
1058,921352820768,921358771040,5950272,4404944
1059,921358787696,921364006416,5218720,5765248
1060,921364046016,921370120560,6074544,4889376
1061,921370180960,921377516624,7335664,5023408
1062,921377542288,921383157888,5615600,4694432
1063,921383175824,921389431968,6256144,4397456
1064,921389450368,921394773824,5323456,5454112
1065,921394789904,921400694224,5904320,5815632
1066,921400710816,921406781856,6071040,4927008
1067,921406797104,921412841280,6044176,5384384
1068,921412893504,921418246224,5352720,4672352
1069,921418287296,921425011472,6724176,5188736
1070,921425029824,921430900848,5871024,4202896
1071,921430917104,921436924256,6007152,5980576
1072,921436940592,921442618688,5678096,4844656
1073,921442635376,921448016144,5380768,5601936
1074,921448075024,921454470256,6395232,4911344
1075,921454485840,921461285888,6800048,6396128
1076,921461303296,921467212896,5909600,5073520
1077,921467266800,921473597280,6330480,4281408
1078,921473614144,921479269632,5655488,5673424
1079,921479296704,921485458368,6161664,4602352
1080,921485475376,921490661264,5185888,5240560
1081,921490705920,921497641840,6935920,4661648
1082,921497659024,921503486496,5827472,4830864
1083,921503504672,921510088432,6583760,4442608
1084,921510107248,921515999776,5892528,5580688
1085,921516019984,921523395904,7375920,4820768
1086,921523412832,921529469424,6056592,5493216
1087,921529488064,921534750832,5262768,4552720
1088,921534767168,921541424256,6657088,4406032
1089,921541479744,921547026608,5546864,5491824
1090,921547042944,921553267168,6224224,4376816
1091,921553283408,921558928816,5645408,5286736
1092,921558944896,921564759680,5814784,5824144
1093,921564774832,921570202288,5427456,4578832
1094,921570218144,921576782976,6564832,5221440
1095,921576798592,921582603744,5805152,4408272
1096,921582619760,921589096960,6477200,4862208
1097,921589141072,921594649680,5508608,5684160
1098,921594665472,921600055712,5390240,5362288
1099,921600089952,921606547536,6457584,5618592
1100,921606587984,921611924352,5336368,5692944
1101,921611940928,921618211088,6270160,5686432
1102,921618225936,921625035232,6809296,5372560
1103,921625051680,921630614064,5562384,4964480
1104,921630630016,921636835504,6205488,4987008
1105,921636860624,921642243776,5383152,4703072
1106,921642260512,921648105984,5845472,4328864
1107,921649067440,921654790144,5722704,5714528
1108,921654806176,921661152432,6346256,5281648
1109,921661169216,921667771024,6601808,5080784
1110,921667787712,921674463968,6676256,4296496
1111,921674480512,921681150400,6669888,5448592
1112,921681168368,921687522960,6354592,4652112
1113,921687585952,921693487440,5901488,4897792
1114,921693504336,921699474448,5970112,4700096
1115,921699501408,921705177520,5676112,5775680
1116,921705195664,921710506384,5310720,4687504
1117,921710521312,921717220912,6699600,3990880
1118,921717236016,921723502560,6266544,5260064
1119,921723593696,921729583344,5989648,5915504
1120,921729600272,921734879840,5279568,4586688
1121,921734894960,921741328432,6433472,4137968
1122,921741345264,921746980544,5635280,5833520
1123,921747037680,921752878336,5840656,4321024
1124,921752894560,921758578432,5683872,5586800
1125,921758596048,921765354112,6758064,5229968
1126,921765369232,921771041616,5672384,5471504
1127,921771057968,921776032496,4974528,4981888
1128,921776047408,921782292560,6245152,4732496
1129,921782308640,921789208064,6899424,5163168
1130,921789226176,921794794752,5568576,4584992
1131,921794810544,921799932720,5122176,5104224
1132,921799950208,921806766240,6816032,4576832
1133,921806781536,921812087264,5305728,5992000
1134,921812142944,921818674064,6531120,4418208
1135,921818739840,921824904032,6164192,5228208
1136,921824920608,921831375536,6454928,5082112
1137,921831431824,921837357424,5925600,5264000
1138,921837374160,921843089920,5715760,4527920
1139,921843105712,921849253088,6147376,4865808
1140,921849269648,921854838080,5568432,6048944
1141,921854901792,921860942304,6040512,4948400
1142,921860991040,921866519136,5528096,5417536
1143,921866574064,921873511136,6937072,6451344
1144,921873527744,921878929344,5401600,4462032
1145,921878945472,921885157552,6212080,5311504
1146,921885193168,921891239664,6046496,4741920
1147,921891256704,921897503664,6246960,5173632
1148,921897519184,921903031584,5512400,4630256
1149,921903051568,921908897392,5845824,6021760
1150,921908914272,921918966640,10052368,6176992
1151,921918982128,921926015584,7033456,4843136
1152,921926034880,921931963984,5929104,4986720
1153,921932008000,921938381520,6373520,4772960
1154,921938440160,921945832864,7392704,6051184
1155,921945848720,921951294896,5446176,4958368
1156,921951312000,921957606400,6294400,5861168
1157,921957622720,921963348320,5725600,4958976
1158,921963365232,921969521952,6156720,4696288
1159,921969581216,921975152208,5570992,4580160
1160,921975177472,921982173968,6996496,6387616
1161,921982190608,921989350960,7160352,4740896
1162,921989367472,921995194096,5826624,4442912
1163,921995211136,922001180816,5969680,6438816
1164,922001198928,922006953776,5754848,4073808
1165,922007027088,922014004960,6977872,5038112
1166,922014021424,922019963328,5941904,4852464
1167,922019979920,922026824496,6844576,3951920
1168,922026841328,922032783472,5942144,5829808
1169,922032798912,922038479760,5680848,4102640
1170,922038496528,922044059920,5563392,6158848
1171,922044076256,922051447536,7371280,8967744
1172,922051463760,922057188432,5724672,5280896
1173,922057207152,922062631344,5424192,5208368
1174,922062647776,922070070160,7422384,4258464
1175,922070087136,922075143968,5056832,5205328
1176,922075159952,922081182080,6022128,5429216
1177,922081200208,922087034544,5834336,4912096
1178,922087066240,922091986464,4920224,5263152
1179,922092713024,922098816272,6103248,4928048
1180,922098832336,922103918912,5086576,4197600
1181,922103935680,922111077760,7142080,3996512
1182,922111101344,922121045504,9944160,4308064
1183,922121063312,922127326400,6263088,4748720
1184,922127343040,922133534768,6191728,4311712
1185,922133551936,922138793232,5241296,5226048
1186,922138817872,922144998560,6180688,4673680
1187,922145081648,922151427776,6346128,5264672
1188,922151443968,922157339872,5895904,4822992
1189,922157356592,922163603024,6246432,5257888
1190,922163619200,922169531072,5911872,5290640
1191,922169587312,922174728672,5141360,4238160
1192,922174744928,922179725184,4980256,4404240
1193,922179740304,922185033248,5292944,5104944
1194,922185049392,922190781968,5732576,4606896
1195,922190798112,922196093680,5295568,3707856
1196,922196109568,922202319728,6210160,4323008
1197,922202339152,922207993408,5654256,4597264
1198,922208009264,922214258080,6248816,5174144
1199,922214274736,922220081072,5806336,4451408
1200,922220096880,922226338960,6242080,5512368
1201,922226365056,922232629600,6264544,4580944
1202,922232646064,922237867760,5221696,5333200
1203,922237885024,922243272000,5386976,4127888
1204,922243289392,922249376944,6087552,4016384
1205,922249449984,922254983840,5533856,4990480
1206,922255013136,922259691696,4678560,4980336
1207,922259705952,922265014704,5308752,4306192
1208,922265042320,922270611968,5569648,4969104
1209,922270626656,922276786112,6159456,4893920
1210,922276801712,922282237520,5435808,5319568
1211,922282296352,922288749888,6453536,4804336
1212,922288765696,922294330832,5565136,5269776
1213,922294347136,922300664032,6316896,4743776
1214,922300730336,922305791920,5061584,4999472
1215,922305807872,922310808304,5000432,3984864
1216,922310823952,922316798784,5974832,4637328
1217,922316814704,922322779120,5964416,4339440
1218,922322795232,922328085312,5290080,4068544
1219,922328101280,922334054416,5953136,4705264
1220,922334071232,922339948336,5877104,5756080
1221,922339964848,922346267904,6303056,4752944
1222,922346286464,922352072240,5785776,4466528
1223,922352090320,922358342016,6251696,4227376
1224,922358357760,922364085792,5728032,5232528
1225,922364102160,922370085264,5983104,4906640
1226,922370102192,922375070128,4967936,5411936
1227,922375085760,922380707456,5621696,5574224
1228,922380722848,922386046896,5324048,4627232
1229,922386066112,922391115440,5049328,4179632
1230,922391131696,922396820704,5689008,4928768
1231,922396836784,922403576784,6740000,4020864
1232,922403592864,922409329728,5736864,3734224
1233,922409346432,922414796256,5449824,4465856
1234,922414812528,922420023632,5211104,4321648
1235,922420043536,922426256160,6212624,5548608
1236,922426272816,922432162800,5889984,4372384
1237,922432778896,922438574736,5795840,4054048
1238,922438590688,922445148960,6558272,5194912
1239,922445188160,922450776192,5588032,4335168
1240,922450792768,922455955824,5163056,5170688
1241,922456019840,922461884592,5864752,4794624
1242,922461901936,922466905456,5003520,5139392
1243,922466921152,922471639680,4718528,4473712
1244,922471655536,922477105536,5450000,5215520
1245,922477120400,922482427184,5306784,4611488
1246,922482443584,922488975792,6532208,4823824
1247,922488991760,922494348176,5356416,5065456
1248,922494362656,922499402224,5039568,4608976
1249,922499417984,922505597136,6179152,4750736
1250,922505613344,922510932304,5318960,4065808
1251,922510948272,922517102992,6154720,5130240
1252,922517162144,922522897616,5735472,4527168
1253,922522913920,922529037008,6123088,5363856
1254,922529053984,922534510720,5456736,4416320
1255,922534526816,922540726240,6199424,3522560
1256,922540742928,922546337728,5594800,4250896
1257,922546353872,922552161552,5807680,5181232
1258,922552779472,922558227008,5447536,4058752
1259,922558283616,922563835984,5552368,4717264
1260,922563852096,922569586720,5734624,4564432
1261,922569601696,922574652528,5050832,3732256
1262,922574668336,922580782768,6114432,4675344
1263,922580799120,922586309936,5510816,4623712
1264,922586325536,922592673792,6348256,6077616
1265,922592689440,922598090112,5400672,4665440
1266,922598106176,922602612672,4506496,5043568
1267,922602627184,922607863568,5236384,4828224
1268,922607935568,922614044800,6109232,3660544
1269,922614062768,922619103552,5040784,4894720
1270,922619120016,922624820816,5700800,4554352
1271,922624872544,922630385248,5512704,4921584
1272,922630437120,922635117504,4680384,4475968
1273,922635133472,922640792848,5659376,5631120
1274,922640808928,922646416560,5607632,4454880
1275,922646469360,922653494176,7024816,5437888
1276,922653510592,922659159616,5649024,4833248
1277,922659176128,922665203184,6027056,5077280
1278,922665220016,922671031408,5811392,4331440
1279,922671047920,922675691952,4644032,5587808
1280,922675708080,922681586672,5878592,4581760
1281,922681602656,922687141024,5538368,4679504
1282,922687157408,922693062608,5905200,4903136
1283,922693079440,922698538576,5459136,4234096
1284,922698554576,922705169696,6615120,4677408
1285,922705187712,922710624576,5436864,4906512
1286,922710641296,922717062464,6421168,4165040
1287,922717078240,922722895712,5817472,5622096
1288,922722911696,922728972992,6061296,5259984
1289,922728988576,922734304432,5315856,4645328
1290,922734320336,922740892240,6571904,4466464
1291,922740908384,922746474000,5565616,5151888
1292,922746490608,922752153504,5662896,4126304
1293,922752772224,922758056640,5284416,5080272
1294,922758071536,922763290736,5219200,4562000
1295,922763308736,922768968144,5659408,3948208
1296,922768983456,922774874656,5891200,5100928
1297,922774889856,922780039696,5149840,4217952
1298,922780055712,922786661792,6606080,4908096
1299,922786717296,922792921776,6204480,4790912
1300,922792938400,922798567104,5628704,4006560
1301,922798584736,922804033568,5448832,5618608
1302,922804056416,922810185456,6129040,5910464
1303,922810201200,922815311760,5110560,4530144
1304,922815331520,922821392032,6060512,4727040
1305,922821418976,922826954032,5535056,5217232
1306,922827016944,922831902240,4885296,3915728
1307,922831918144,922838003168,6085024,5049136
1308,922838049232,922843221120,5171888,5226544
1309,922843301776,922849129216,5827440,6256768
1310,922849145664,922854920128,5774464,4750112
1311,922854975664,922859926688,4951024,4851296
1312,922859942752,922866545296,6602544,4919712
1313,922866601680,922873455760,6854080,4520704
1314,922873471616,922878985904,5514288,5885920
1315,922879046800,922884712944,5666144,5017152
1316,922884729008,922890930176,6201168,4661968
1317,922890946208,922895845904,4899696,4676912
1318,922895862544,922901895040,6032496,5568368
1319,922901910960,922908121584,6210624,4433648
1320,922908803008,922915378352,6575344,5568336
1321,922915440096,922921128464,5688368,5134736
1322,922921144112,922926979760,5835648,4589728
1323,922927029616,922932899472,5869856,4676272
1324,922932918832,922938420176,5501344,5422880
1325,922938436336,922945306096,6869760,4336928
1326,922945322528,922951323248,6000720,5935072
1327,922951339360,922956985216,5645856,4498656
1328,922957002784,922962662128,5659344,4801008
1329,922962677936,922969230496,6552560,4276976
1330,922969287088,922974664144,5377056,3769472
1331,922974680160,922981232480,6552320,4281344
1332,922981274800,922987367216,6092416,5383744
1333,922987383632,922992956944,5573312,5662880
1334,922992972992,922998633216,5660224,4182048
1335,922998649808,923005056096,6406288,3788000
1336,923005072144,923010393024,5320880,3622032
1337,923010408896,923017328096,6919200,4396208
1338,923017344480,923022826752,5482272,4704528
1339,923022842496,923028627760,5785264,5078752
1340,923028642784,923033904736,5261952,4545680
1341,923033920320,923038674208,4753888,5729776
1342,923038731344,923043955552,5224208,4998336
1343,923043974976,923050339296,6364320,4577648
1344,923050356464,923057002176,6645712,4573376
1345,923057017600,923062184224,5166624,4404640
1346,923062199648,923066972224,4772576,4998736
1347,923067045136,923071594256,4549120,4283712
1348,923071609392,923076990464,5381072,4778752
1349,923077007712,923082694992,5687280,4560160
1350,923082710096,923088773744,6063648,5672512
1351,923088789568,923094319424,5529856,4720752
1352,923094347792,923101049200,6701408,5018816
1353,923101106192,923107047536,5941344,4446592
1354,923107105696,923112625184,5519488,3963408
1355,923112640416,923118198560,5558144,3743584
1356,923118214976,923123603200,5388224,5103408
1357,923123618912,923129601936,5983024,4023312
1358,923129619024,923134885648,5266624,4830400
1359,923134903984,923140664400,5760416,4849136
1360,923140704048,923146224560,5520512,5291088
1361,923146240640,923152897072,6656432,4437152
1362,923152913040,923158617824,5704784,5750960
1363,923158633936,923164636640,6002704,4556912
1364,923164653424,923170083232,5429808,5271664
1365,923170099120,923175046640,4947520,4739664
1366,923175061472,923179790224,4728752,5678000
1367,923179806064,923185893632,6087568,4632240
1368,923185910544,923190916944,5006400,5035936
1369,923190932816,923196747344,5814528,4356736
1370,923196763344,923202596480,5833136,5355808
1371,923202612480,923208887568,6275088,4731312
1372,923208902336,923214324720,5422384,5746720
1373,923214340960,923221075680,6734720,4358112
1374,923221091296,923226632592,5541296,5569184
1375,923226647904,923232904256,6256352,4575600
1376,923232920944,923238643920,5722976,5196928
1377,923238660112,923245321920,6661808,4754720
1378,923245337664,923250954160,5616496,6369328
1379,923250970288,923256990096,6019808,3997840
1380,923257004960,923262346832,5341872,5412496
1381,923262362000,923268702640,6340640,4268272
1382,923268718480,923274433952,5715472,5643104
1383,923274449584,923281180672,6731088,4506240
1384,923281225472,923286538784,5313312,4280640
1385,923286588112,923293107968,6519856,5116976
1386,923293185504,923298683568,5498064,4112160
1387,923298699680,923304880496,6180816,4772112
1388,923304902048,923310635216,5733168,4490352
1389,923310650928,923318004544,7353616,5106928
1390,923318029344,923323002384,4973040,4769808
1391,923323035168,923329414880,6379712,5500896
1392,923329485520,923334683152,5197632,4533456
1393,923334753136,923341326256,6573120,5597824
1394,923341342272,923346832496,5490224,4494736
1395,923346848256,923352113136,5264880,5167296
1396,923352192656,923358230112,6037456,4553968
1397,923358245584,923363342272,5096688,6458992
1398,923363358048,923369114384,5756336,4174592
1399,923369129776,923374604736,5474960,4869200
1400,923374620160,923380711664,6091504,4219744
1401,923380727040,923386481472,5754432,4469952
1402,923386497136,923392982368,6485232,4897136
1403,923392999088,923398515824,5516736,4060432
1404,923398532256,923405113648,6581392,5387648
1405,923405171952,923410608384,5436432,4666080
1406,923410623696,923416775680,6151984,5149984
1407,923416792832,923422329648,5536816,5361904
1408,923422346608,923429788640,7442032,4734656
1409,923429804208,923434963232,5159024,4224848
1410,923434979792,923440832432,5852640,4343760
1411,923440849168,923446052176,5203008,4706144
1412,923446068128,923451522128,5454000,4422752
1413,923451538432,923457419264,5880832,5996288
1414,923457435904,923462479696,5043792,4210016
1415,923462495888,923468867344,6371456,5168048
1416,923468883984,923474533424,5649440,4450448
1417,923474577072,923480683408,6106336,5332384
1418,923480698320,923487045312,6346992,4958784
1419,923487062352,923492779968,5717616,5703360
1420,923492794880,923498004816,5209936,4251664
1421,923498031184,923503348576,5317392,5762944
1422,923503364992,923509054720,5689728,4208672
1423,923509071152,923514477472,5406320,5181328
1424,923514493344,923521473760,6980416,4632368
1425,923521489232,923526683776,5194544,5686752
1426,923526726544,923532851824,6125280,4613296
1427,923532867840,923538302272,5434432,5400480
1428,923538317792,923544634656,6316864,4322288
1429,923544649840,923550593440,5943600,4680832
1430,923550609648,923557296800,6687152,5204704
1431,923557314624,923562548464,5233840,4235120
1432,923562597344,923569311408,6714064,4462688
1433,923569329360,923574520080,5190720,4632032
1434,923574536272,923580701408,6165136,5482720
1435,923580717040,923586333776,5616736,4855680
1436,923586351168,923593020528,6669360,4198160
1437,923593036528,923598633824,5597296,5287728
1438,923598650048,923605034304,6384256,6241392
1439,923605050144,923610356592,5306448,4295760
1440,923610372208,923616037424,5665216,5331936
1441,923616053888,923622242128,6188240,4539824
1442,923622258864,923627477248,5218384,5428160
1443,923627493328,923632939936,5446608,4409184
1444,923633004256,923638571968,5567712,4288992
1445,923638588048,923645054688,6466640,4701440
1446,923645069952,923650910368,5840416,4394080
1447,923650926192,923656108528,5182336,3986544
1448,923656124144,923662396256,6272112,5343424
1449,923662412960,923669637648,7224688,3841488
1450,923669654208,923674933408,5279200,3595392
1451,923674950128,923681265344,6315216,4385696
1452,923681280688,923686805168,5524480,4106960
1453,923686857520,923693233328,6375808,4239856
1454,923693270848,923698642512,5371664,4225536
1455,923698656816,923703931504,5274688,4238288
1456,923703946832,923709632944,5686112,3741280
1457,923709646832,923715027024,5380192,4358208
1458,923715051088,923720013568,4962480,4821696
1459,923720027632,923726356992,6329360,4096832
1460,923726371968,923731198480,4826512,3420064
1461,923731212368,923735793872,4581504,4306944
1462,923735808656,923741179568,5370912,3933296
1463,923741194128,923746286528,5092400,3726208
1464,923746300368,923751526384,5226016,4229520
1465,923751567792,923756751920,5184128,4762064
1466,923756765760,923761990208,5224448,4779696
1467,923762014400,923766731488,4717088,3762320
1468,923766746160,923772089696,5343536,4554640
1469,923772105072,923777911392,5806320,3738656
1470,923777927616,923783008224,5080608,5640992
1471,923783033264,923787428288,4395024,3928368
1472,923787513344,923792735232,5221888,4179776
1473,923792748784,923797668528,4919744,3932096
1474,923797682336,923802394736,4712400,4277952
1475,923802454496,923807624256,5169760,4114944
1476,923807639120,923813386320,5747200,3365264
1477,923813434080,923819166016,5731936,3556160
1478,923819179680,923823928336,4748656,3703936
1479,923823942752,923829482976,5540224,4457008
1480,923829496512,923834221632,4725120,4213360
1481,923834235424,923840862624,6627200,4195696
1482,923840876464,923845790992,4914528,4393584
1483,923845805696,923850970768,5165072,3957184
1484,923851043520,923855902864,4859344,3737424
1485,923855916496,923861180816,5264320,4062304
1486,923861194672,923866295760,5101088,4550240
1487,923866309392,923870661024,4351632,4292656
1488,923870674224,923875217184,4542960,4315664
1489,923875230288,923879921120,4690832,4725584
1490,923879935408,923885378128,5442720,4354704
1491,923885392704,923890591488,5198784,3450576
1492,923890605088,923895787184,5182096,4934880
1493,923895801264,923901180768,5379504,4270384
1494,923901194640,923906137952,4943312,4085168
1495,923906183376,923910875376,4692000,3519888
1496,923910891664,923915937680,5046016,5233872
1497,923915988608,923921487920,5499312,5264608
1498,923921503152,923926780576,5277424,3893024
1499,923926793952,923932096240,5302288,4957216
1500,923932673920,923937821824,5147904,4337728
1501,923937835872,923943176528,5340656,4587392
1502,923943190384,923947627104,4436720,4247184
1503,923947640544,923953561984,5921440,3773744
1504,923953602992,923964735264,11132272,4839936
1505,923964748976,923970005648,5256672,4348480
1506,923970022384,923975090816,5068432,3922288
1507,923975106528,923979610704,4504176,4865216
1508,923979625376,923985844576,6219200,4085104
1509,923985858976,924000761696,14902720,3601088
1510,924000785088,924007026304,6241216,4371888
1511,924007041008,924011919328,4878320,4385792
1512,924011934656,924017876544,5941888,4762128
1513,924017890336,924023214272,5323936,3660064
1514,924023230032,924028801664,5571632,4324784
1515,924028816608,924034048848,5232240,3943680
1516,924034071984,924038822592,4750608,3462464
1517,924038836144,924044662528,5826384,3637600
1518,924044708048,924050011008,5302960,4809616
1519,924050030848,924054933296,4902448,4225232
1520,924054946896,924060798512,5851616,3926848
1521,924060862944,924065883616,5020672,4775296
1522,924065897552,924070484704,4587152,3761824
1523,924070498512,924075856592,5358080,4620608
1524,924075873392,924081242384,5368992,4538784
1525,924081256800,924087004512,5747712,4631056
1526,924087021424,924091664576,4643152,4543024
1527,924091716256,924096989360,5273104,4878240
1528,924097006256,924101933040,4926784,4634416
1529,924101946912,924106395504,4448592,6230720
1530,924106409280,924111033104,4623824,3866592
1531,924111046768,924116842720,5795952,4196640
1532,924116856352,924122067952,5211600,5167984
1533,924122085504,924126994800,4909296,6109808
1534,924127018688,924132770096,5751408,4562416
1535,924132783824,924137531920,4748096,4180240
1536,924137546768,924143152528,5605760,5667872
1537,924143168480,924158409280,15240800,4241920
1538,924158470320,924163948064,5477744,5258320
1539,924163994400,924169579120,5584720,4539872
1540,924169592752,924175122144,5529392,4712288
1541,924175137440,924181000384,5862944,4262560
1542,924181015168,924186634800,5619632,4458944
1543,924186649456,924193865520,7216064,5267472
1544,924193879328,924198732112,4852784,4619824
1545,924198745696,924203928752,5183056,4935328
1546,924203943648,924210096736,6153088,4383296
1547,924210111424,924217206544,7095120,6272864
1548,924217220384,924222768960,5548576,5864048
1549,924222783840,924227949200,5165360,3931696
1550,924228002336,924234617072,6614736,3850704
1551,924234630736,924239858992,5228256,4965120
1552,924239872832,924246117312,6244480,4909536
1553,924246130720,924251657184,5526464,5129168
1554,924251671216,924257369472,5698256,5010752
1555,924257383136,924262632032,5248896,2788064
1556,924262645888,924268090976,5445088,5624224
1557,924268106112,924274358448,6252336,5256464
1558,924274373168,924279978272,5605104,5309984
1559,924280001712,924285913600,5911888,4217728
1560,924285927424,924291296896,5369472,4665584
1561,924291310512,924298569760,7259248,4663872
1562,924298586064,924305433808,6847744,4145920
1563,924305498112,924310365504,4867392,5335120
1564,924310379472,924315216208,4836736,4309632
1565,924315231536,924321181328,5949792,4859376
1566,924321195552,924327090864,5895312,4566624
1567,924327106080,924333220032,6113952,5435200
1568,924333273824,924339230784,5956960,4456528
1569,924339247344,924343018848,3771504,5829360
1570,924343034016,924349643072,6609056,4597024
1571,924349657776,924355899536,6241760,3864720
1572,924355923136,924362209520,6286384,5409936
1573,924362223712,924367427248,5203536,5171600
1574,924367482688,924373092832,5610144,4293120
1575,924373107136,924378756704,5649568,4335408
1576,924378771424,924383902624,5131200,4682096
1577,924383916400,924390237744,6321344,4433696
1578,924390251360,924395547376,5296016,4411552
1579,924395622688,924401406752,5784064,4600864
1580,924401460720,924406973376,5512656,4656224
1581,924406988736,924413408576,6419840,4009936
1582,924413461904,924418865104,5403200,5322832
1583,924418881488,924425694464,6812976,6724752
1584,924425729472,924431291488,5562016,4796640
1585,924431305840,924436156208,4850368,5136896
1586,924436817440,924442566144,5748704,5634832
1587,924442580160,924448737744,6157584,3853312
1588,924448773168,924454030864,5257696,3608272
1589,924454045520,924459366272,5320752,4852960
1590,924459380336,924465048368,5668032,4595536
1591,924465062336,924470482064,5419728,3802016
1592,924470495952,924475893616,5397664,4439536
1593,924475907712,924481494480,5586768,4737456
1594,924481509504,924487150704,5641200,3782592
1595,924487172112,924492160640,4988528,4420992
1596,924492969584,924498483472,5513888,4429680
1597,924498497568,924506208224,7710656,4998400
1598,924506222416,924512004864,5782448,4525056
1599,924512019120,924518141760,6122640,4814672
1600,924518159088,924524776592,6617504,5206128
1601,924524790816,924529629904,4839088,4463104
1602,924529643712,924534238176,4594464,5869664
1603,924534252080,924540091136,5839056,4164336
1604,924540105280,924545686672,5581392,4608704
1605,924545721184,924550488688,4767504,5349712
1606,924550504192,924555928224,5424032,5401648
1607,924555942992,924561665680,5722688,4290128
1608,924561679808,924566448272,4768464,3675296
1609,924566462544,924571869264,5406720,5119408
1610,924571883584,924577298944,5415360,4021808
1611,924577341568,924583297344,5955776,4041952
1612,924583318960,924588822400,5503440,5916192
1613,924588837056,924594637072,5800016,4934032
1614,924594651120,924600843200,6192080,4885472
1615,924600889744,924606306304,5416560,4022000
1616,924606353744,924613175968,6822224,5527856
1617,924613190016,924618340304,5150288,4235920
1618,924618354448,924623949008,5594560,5733392
1619,924623963312,924630298720,6335408,4645952
1620,924630322352,924636700368,6378016,5735328
1621,924636749728,924641990496,5240768,4263184
1622,924642038736,924646665792,4627056,5312528
1623,924646679680,924652785200,6105520,4710512
1624,924652798848,924657807008,5008160,3749072
1625,924657820976,924662848960,5027984,4490112
1626,924662865056,924669765152,6900096,4267856
1627,924669781936,924675699184,5917248,5515344
1628,924675734992,924681584656,5849664,4731328
1629,924681601456,924686606656,5005200,5554336
1630,924686621792,924693134512,6512720,4306016
1631,924693181872,924698370432,5188560,5584432
1632,924698384464,924705103824,6719360,4786416
1633,924705119120,924710749776,5630656,5316448
1634,924710763760,924717485104,6721344,4325456
1635,924717500624,924722748288,5247664,6661280
1636,924722761776,924729060816,6299040,4767120
1637,924729076800,924734771328,5694528,5349248
1638,924734785472,924739520400,4734928,5934144
1639,924739566928,924745010512,5443584,4462496
1640,924745025216,924750278368,5253152,5752272
1641,924750307376,924756793712,6486336,4838160
1642,924756807920,924762525040,5717120,4756768
1643,924762581456,924769079376,6497920,4562144
1644,924769118800,924774385392,5266592,4399632
1645,924774443760,924780969824,6526064,5149712
1646,924780992736,924786756240,5763504,4271184
1647,924786843728,924793072688,6228960,5317936
1648,924793121504,924798398144,5276640,3962464
1649,924798456480,924806059424,7602944,5727248
1650,924806074912,924811826544,5751632,4268928
1651,924811841280,924818175792,6334512,6401664
1652,924818191328,924825109936,6918608,4020992
1653,924825124912,924830572432,5447520,5170960
1654,924830616144,924837324704,6708560,4405776
1655,924837340528,924843162864,5822336,4064128
1656,924843178208,924848919632,5741424,5274400
1657,924848955904,924854481776,5525872,4365360
1658,924854496960,924859881408,5384448,5020000
1659,924859917024,924866031120,6114096,4199216
1660,924866045872,924871302304,5256432,4628528
1661,924871316496,924877620240,6303744,4942688
1662,924877634032,924882582704,4948672,3558304
1663,924882596688,924889309952,6713264,4494688
1664,924889323904,924894578880,5254976,4983136
1665,924894622128,924901980544,7358416,4993936
1666,924901995664,924907001536,5005872,4975904
1667,924907024576,924913172496,6147920,4187648
1668,924913187712,924918578272,5390560,4747696
1669,924918592048,924923642400,5050352,4011216
1670,924923656336,924929916800,6260464,4980352
1671,924929931616,924935282160,5350544,5243952
1672,924935298928,924941302160,6003232,5494016
1673,924941316464,924946501376,5184912,4551680
1674,924946515280,924952129904,5614624,5592928
1675,924952145968,924958072592,5926624,4617376
1676,924958086496,924962630896,4544400,5354736
1677,924962645184,924968125584,5480400,4317680
1678,924968788512,924974108720,5320208,5654880
1679,924974123552,924980102656,5979104,4537184
1680,924980117664,924986078560,5960896,5534832
1681,924986093296,924991266208,5172912,4537120
1682,924991280352,924997013904,5733552,5890320
1683,924997028880,925002025120,4996240,4284832
1684,925002041920,925008005472,5963552,5379136
1685,925008019264,925014249424,6230160,4306016
1686,925014296128,925020743440,6447312,4408032
1687,925020789440,925026295120,5505680,4806160
1688,925026312176,925032888048,6575872,4080352
1689,925032946768,925038505424,5558656,5454160
1690,925038519040,925044860160,6341120,4586416
1691,925044908112,925050177840,5269728,5381728
1692,925050191664,925056832720,6641056,4609920
1693,925056847120,925062369904,5522784,5266208
1694,925062384496,925068904736,6520240,4476960
1695,925068920032,925074441856,5521824,5698720
1696,925074457312,925081332176,6874864,4213120
1697,925081346288,925086617008,5270720,4689280
1698,925086630928,925092996144,6365216,5343920
1699,925093011552,925098302160,5290608,5776736
1700,925098316368,925103710192,5393824,4574960
1701,925103744720,925109516352,5771632,5557696
1702,925109530528,925114596704,5066176,4417920
1703,925114611120,925121050864,6439744,5454416
1704,925121103008,925126637280,5534272,4631440
1705,925126651008,925133019008,6368000,5829712
1706,925133032624,925138628928,5596304,3773712
1707,925138644304,925144895136,6250832,4630432
1708,925144909440,925150372096,5462656,5029024
1709,925150387280,925157070816,6683536,4046304
1710,925157110720,925162283936,5173216,5151552
1711,925162298304,925167973216,5674912,4748480
1712,925168014832,925174317136,6302304,3947600
1713,925174331264,925181093872,6762608,5014528
1714,925181108384,925186668832,5560448,4937152
1715,925186683776,925193226528,6542752,5121312
1716,925193240416,925198644448,5404032,3637200
1717,925198659888,925205098864,6438976,5353904
1718,925205113376,925210730304,5616928,4173520
1719,925210786464,925217560016,6773552,3954448
1720,925217573792,925222333728,4759936,4539360
1721,925222347664,925227964160,5616496,4458096
1722,925227982064,925233993184,6011120,4041184
1723,925234006976,925239039488,5032512,4897888
1724,925239055008,925245191040,6136032,4797328
1725,925245207440,925250939520,5732080,5052288
1726,925250999968,925255887120,4887152,4122736
1727,925255902448,925261901648,5999200,3667872
1728,925261924016,925267838800,5914784,5226816
1729,925267853664,925273960112,6106448,4612416
1730,925273977712,925278597312,4619600,5497296
1731,925278635664,925284951216,6315552,4467840
1732,925284965456,925290124736,5159280,5196336
1733,925290139712,925295079184,4939472,4098624
1734,925295102496,925300618544,5516048,4256976
1735,925300631808,925306076640,5444832,4958800
1736,925306090416,925311117824,5027408,4174000
1737,925311132880,925317015712,5882832,4266416
1738,925317031200,925322813040,5781840,4831328
1739,925322868176,925328865328,5997152,4216208
1740,925328920976,925333988064,5067088,5300144
1741,925334016816,925338655936,4639120,4586128
1742,925338669120,925344882752,6213632,5548000
1743,925344904848,925350495168,5590320,6829664
1744,925350508688,925356992464,6483776,4264208
1745,925357010992,925362460304,5449312,3772176
1746,925362513728,925368656640,6142912,5296352
1747,925368670288,925373755264,5084976,4128304
1748,925373768480,925379012240,5243760,3368064
1749,925379025600,925384971040,5945440,5291920
1750,925384984880,925390145040,5160160,4339920
1751,925390158512,925395411456,5252944,5778288
1752,925395424640,925401242784,5818144,4436944
1753,925401259232,925406458992,5199760,5455248
1754,925406472704,925412759136,6286432,4207920
1755,925412773728,925418345264,5571536,3585264
1756,925418360016,925424893264,6533248,4108592
1757,925424907808,925432722928,7815120,4286288
1758,925432755392,925437987136,5231744,4503024
1759,925438047040,925442759312,4712272,4479392
1760,925442780080,925449055664,6275584,5029184
1761,925449070192,925454183968,5113776,3596784
1762,925454199216,925458552032,4352816,4435056
1763,925458640160,925464843952,6203792,5029168
1764,925464859536,925470183872,5324336,6094464
1765,925470199008,925476962160,6763152,4168224
1766,925476977648,925482399104,5421456,4442224
1767,925482413104,925488854352,6441248,5101840
1768,925488868560,925494062272,5193712,3565328
1769,925494076192,925498647536,4571344,3593184
1770,925498661328,925503756128,5094800,3930608
1771,925503770992,925509042416,5271424,4881344
1772,925509058256,925514545440,5487184,3913920
1773,925514593856,925520024832,5430976,3997616
1774,925520059856,925526054016,5994160,3898528
1775,925526105296,925530650800,4545504,4342320
1776,925530664416,925536085856,5421440,3980864
1777,925536800144,925542115024,5314880,4584288
1778,925542130016,925549209488,7079472,4163504
1779,925549224400,925554377712,5153312,3885024
1780,925554392560,925559819936,5427376,5125232
1781,925559835104,925565921776,6086672,4136784
1782,925565935408,925570487104,4551696,3810400
1783,925570500736,925575080288,4579552,5527904
1784,925575094256,925580010896,4916640,4280192
1785,925580024320,925585892240,5867920,5510016
1786,925585906032,925590806160,4900128,4609472
1787,925590820016,925595803776,4983760,6454976
1788,925595817600,925600702304,4884704,3505888
1789,925600716208,925606044624,5328416,3581888
1790,925606058496,925611025488,4966992,5424624
1791,925611042928,925616609776,5566848,4447376
1792,925616624528,925621773280,5148752,3978912
1793,925621786864,925626658304,4871440,4963744
1794,925626671936,925632783536,6111600,3546432
1795,925632797216,925637920320,5123104,4255760
1796,925637935040,925642730720,4795680,5415456
1797,925642767760,925649258624,6490864,5461952
1798,925649345744,925654538816,5193072,4653344
1799,925654552320,925661048832,6496512,5558240
1800,925661063600,925666658304,5594704,5051984
1801,925666673056,925674113280,7440224,5673360
1802,925674127488,925678619168,4491680,3759744
1803,925678668656,925683201056,4532400,5476256
1804,925683215984,925689625680,6409696,5042096
1805,925689642064,925695073056,5430992,3708000
1806,925695089760,925700051968,4962208,4314112
1807,925700070192,925706015712,5945520,4461152
1808,925706031472,925710562144,4530672,4567200
1809,925710576176,925715817904,5241728,5510576
1810,925715833536,925722233360,6399824,4170496
1811,925722249056,925728695312,6446256,4129648
1812,925728752688,925734348656,5595968,4703152
1813,925734364144,925740906896,6542752,4485168
1814,925740923472,925746958880,6035408,5197104
1815,925747020544,925753632240,6611696,3912720
1816,925753648560,925758391984,4743424,4749760
1817,925758408272,925764868240,6459968,4099856
1818,925764884640,925770910336,6025696,4196080
1819,925770926080,925775618336,4692256,3851264
1820,925775632704,925780932448,5299744,4638688
1821,925780947824,925786393600,5445776,4308880
1822,925786408752,925791960800,5552048,5008512
1823,925791975632,925798471376,6495744,4621968
1824,925798487104,925803641872,5154768,5590128
1825,925803657104,925808771520,5114416,4696784
1826,925808785792,925814474672,5688880,4899952
1827,925814489104,925819959840,5470736,4530688
1828,925819974352,925826156944,6182592,5725728
1829,925826173536,925831069664,4896128,4660880
1830,925831094496,925836819424,5724928,5245280
1831,925836834464,925841919280,5084816,4882352
1832,925841934720,925847115360,5180640,5280368
1833,925847131168,925851966624,4835456,4308592
1834,925851984368,925857605312,5620944,5538320
1835,925857619840,925862914192,5294352,4881136
1836,925862929584,925868922704,5993120,5309872
1837,925868937216,925874544672,5607456,4507456
1838,925874599056,925881134800,6535744,5215184
1839,925881150352,925886831584,5681232,4456144
1840,925886846480,925892731536,5885056,4011504
1841,925892748144,925898262224,5514080,4637872
1842,925898278256,925904987952,6709696,4134816
1843,925905003216,925910648832,5645616,3627840
1844,925910665264,925916894112,6228848,5357216
1845,925916910656,925922776464,5865808,4166176
1846,925922792320,925929056832,6264512,5595280
1847,925929074032,925934365424,5291392,3749552
1848,925934380304,925940903744,6523440,4903392
1849,925940988688,925946784880,5796192,5190896
1850,925946800576,925953094752,6294176,4680192
1851,925953112992,925958602208,5489216,4781024
1852,925958617968,925964817392,6199424,4464848
1853,925964832432,925970273536,5441104,7016240
1854,925970289008,925975285040,4996032,5818528
1855,925975299872,925980922912,5623040,7656928
1856,925980937952,925986057728,5119776,5885488
1857,925986078912,925990685568,4606656,4521552
1858,925990700400,925997042784,6342384,5745696
1859,925997057920,926002208960,5151040,4812784
1860,926002223808,926008804240,6580432,3791424
1861,926008819248,926013553792,4734544,4941568
1862,926013570048,926019457184,5887136,4064080
1863,926019475696,926025648080,6172384,5173728
1864,926025664976,926031328272,5663296,4616128
1865,926031344544,926037109296,5764752,6119152
1866,926037126656,926042574144,5447488,4320272
1867,926042590160,926050590384,8000224,5103680
1868,926050607968,926057408912,6800944,4493552
1869,926057425344,926066065840,8640496,5724704
1870,926066083040,926072951328,6868288,4524576
1871,926072972640,926078472880,5500240,3881152
1872,926078491376,926085218576,6727200,5257504
1873,926085237328,926091031360,5794032,4308192
1874,926091081824,926095822784,4740960,4869024
1875,926095840272,926101764352,5924080,4346608
1876,926101781136,926106828432,5047296,5424448
1877,926106844256,926113002160,6157904,4657072
1878,926113018768,926118618288,5599520,4440672
1879,926118635152,926125737440,7102288,5105456
1880,926125754784,926131057712,5302928,4102832
1881,926131133344,926137161392,6028048,4853104
1882,926137177344,926142654944,5477600,4754400
1883,926142672976,926149379648,6706672,5035392
1884,926149416944,926154904224,5487280,4581056
1885,926154920928,926159785376,4864448,6420112
1886,926159801856,926166042880,6241024,4188912
1887,926166071232,926171351072,5279840,5236528
1888,926171385440,926177220096,5834656,4541056
1889,926177235888,926182566704,5330816,5139488
1890,926182607824,926188991152,6383328,5000704
1891,926189007392,926194648224,5640832,4994224
1892,926194664720,926200088896,5424176,4866464
1893,926200643440,926206194352,5550912,4135168
1894,926206210320,926211297184,5086864,4953536
1895,926211313216,926217150288,5837072,3861840
1896,926217167952,926222904688,5736736,4156848
1897,926222922208,926228940080,6017872,4860656
1898,926228956960,926234521136,5564176,3665472
1899,926234537760,926241941248,7403488,5241712
1900,926241957824,926247130160,5172336,4135616
1901,926247185216,926253366688,6181472,3962992
1902,926253382736,926258907744,5525008,5121168
1903,926258923584,926265047232,6123648,4509696
1904,926265065360,926271047936,5982576,4457216
1905,926271109488,926277042160,5932672,5210784
1906,926277057824,926282908624,5850800,3900816
1907,926282925248,926288043792,5118544,4750048
1908,926288058976,926293997328,5938352,3929696
1909,926294012848,926298859168,4846320,3547568
1910,926298873744,926304016016,5142272,5549152
1911,926304031952,926309876672,5844720,4438672
1912,926309892528,926314542144,4649616,4313152
1913,926314599376,926320783856,6184480,4342768
1914,926320799200,926325919472,5120272,4527136
1915,926325934336,926330882464,4948128,4626464
1916,926330955792,926337003632,6047840,4748512
1917,926337034912,926342513328,5478416,3715472
1918,926342530224,926347970544,5440320,4283072
1919,926347987072,926354181328,6194256,4736016
1920,926354195936,926359082144,4886208,4124784
1921,926359096224,926364832192,5735968,4371360
1922,926364880144,926369761888,4881744,4512608
1923,926369776240,926374309456,4533216,4687600
1924,926374323712,926380858608,6534896,4714640
1925,926380874560,926386297280,5422720,4767168
1926,926386345216,926391610432,5265216,4087584
1927,926391625280,926396953200,5327920,5047200
1928,926396968272,926402480336,5512064,4190592
1929,926402494640,926408106800,5612160,5042160
1930,926408670032,926413855312,5185280,4469712
1931,926413870112,926418570784,4700672,5493024
1932,926418585232,926423853856,5268624,5272080
1933,926423886880,926429589872,5702992,4512112
1934,926429604336,926434714656,5110320,4303616
1935,926434729088,926440086016,5356928,4036240
1936,926440100080,926445598624,5498544,3830608
1937,926445612976,926451286224,5673248,5053600
1938,926451302208,926457000864,5698656,3746096
1939,926457016080,926462768032,5751952,4822864
1940,926462784096,926467855616,5071520,4317744
1941,926467871232,926473902816,6031584,4145760
1942,926473918976,926479093408,5174432,3737424
1943,926479108944,926485135568,6026624,4955280
1944,926485150048,926490605280,5455232,3801520
1945,926490620192,926497098304,6478112,5073184
1946,926497114800,926503370384,6255584,4208560
1947,926503387376,926508882496,5495120,4200960
1948,926508897696,926514186112,5288416,4850480
1949,926514201328,926519222352,5021024,4530976
1950,926519255392,926524052960,4797568,6173040
1951,926524086688,926530106560,6019872,4104496
1952,926530155616,926534852656,4697040,4172320
1953,926534892624,926540675520,5782896,5102736
1954,926540689712,926545993264,5303552,6033904
1955,926546030112,926551139024,5108912,4852768
1956,926551154544,926555876448,4721904,3942080
1957,926555899472,926561831728,5932256,4704304
1958,926561871424,926566633248,4761824,3802576
1959,926566648624,926572706432,6057808,4639696
1960,926572749840,926577914992,5165152,4786192
1961,926577929568,926583115952,5186384,4094400
1962,926583131104,926588966432,5835328,5542048
1963,926588999168,926594497408,5498240,3896416
1964,926594515648,926601670448,7154800,4662512
1965,926601735392,926606774944,5039552,5787920
1966,926606790912,926611947264,5156352,4871648
1967,926611963360,926618050000,6086640,4482816
1968,926618067440,926625083904,7016464,3947888
1969,926625100400,926630936672,5836272,3495856
1970,926630952384,926635878752,4926368,4181136
1971,926635894032,926641583056,5689024,4150880
1972,926641599376,926646385632,4786256,4944496
1973,926646399456,926652025328,5625872,4495840
1974,926652039200,926657811520,5772320,4128848
1975,926657826432,926662905920,5079488,5274960
1976,926662919792,926669447968,6528176,4031088
1977,926669463120,926674344384,4881264,5225520
1978,926674358176,926680006896,5648720,4689200
1979,926680046848,926686794816,6747968,3809648
1980,926686808768,926692666464,5857696,4480992
1981,926692680192,926698149280,5469088,4523024
1982,926698163504,926703097168,4933664,4226016
1983,926703110976,926707593024,4482048,5343104
1984,926707606912,926712774160,5167248,4330752
1985,926712787856,926717925040,5137184,4606272
1986,926717938720,926723869536,5930816,0
1987,926723885536,926729365376,5479840,0
1988,926729379472,926734494224,5114752,0
1989,926734508080,926740769184,6261104,0
1990,926740783568,926745800272,5016704,0
1991,926745836880,926752025792,6188912,0
1992,926752039536,926757714992,5675456,0
1993,926757728784,926762524640,4795856,0
1994,926762580976,926768005632,5424656,0
1995,926768019632,926773528656,5509024,0
1996,926773570608,926778754672,5184064,0
1997,926778768480,926785097776,6329296,0
1998,926785119248,926790428528,5309280,0
1999,926790478640,926796034800,5556160,0
===CSV_END===
===================================================
===VMSTAT_START===
procs -----------memory---------- ---swap-- -----io---- -system-- ------cpu-----
 r  b   swpd   free   buff  cache   si   so    bi    bo   in   cs us sy id wa st
 8  0      0 140808   3400  37260    0    0    13    13  286  201 50 31 19  0  0
 8  0      0 140748   3400  37264    0    0     0     0  622  423 12 39 49  0  0
 8  0      0 140748   3400  37264    0    0     0     0  618  404 10 41 50  0  0
 9  0      0 140748   3400  37264    0    0     0     0  619  414  9 42 49  0  0
 8  0      0 140688   3400  37264    0    0     0   120  634  416 11 40 47  2  0
10  0      0 140688   3400  37268    0    0     0     0  798  575 56 39  5  0  0
10  0      0 140688   3400  37268    0    0     0     0  687  485 25 39 35  0  0
===VMSTAT_END===
