========================================
net_sender_li (pinger) — Scenario 3 reversed
EB corbos Linux Network Determinism
Metric: Round-Trip Latency (RTL)
========================================
Target:       10.0.1.1:5000
Probes:       2000
Protocol:     UDP
Period:       1 ms
Msg size:     64 B
Flood rate:   0 Mbps
Echo timeout: 10 ms

net_sender_li: SCHED_FIFO OK (priority 90)
Sending HELLO to 10.0.1.1:5000 (protocol=UDP)...
HELLO_ACK received — protocol=UDP
Starting ping-echo loop (2000 probes at 1 ms period)...


========== NET SENDER_LI (PINGER) RESULTS ==========
Probes sent:        2000
Echoes received:    2000
Lost (no echo):       14 (0.700%)
Elapsed:           11.829 s
RTL (us):
  Mean: 5880.065    Std dev: 937.691
  Min:  3395.536    Max:     14365.488
  P50:  5783.888    P95:     7110.704
  P99:  9284.608    P99.9:   14297.056
IAJ (us):
  Mean: 4869.152    Std dev: 783.148
  Min:  2412.352    Max:     9335.872
  P50:  4813.696    P95:     6086.288
  P99:  7162.416    P99.9:   8794.160
===CSV_START===
index,send_time_ns,recv_time_ns,rtl_ns,iaj_ns
0,611903783200,611910844912,7061712,5752112
1,611911028304,611917597024,6568720,4138096
2,611917764032,611922735120,4971088,5495280
3,611922781664,611929230400,6448736,4805248
4,611929246960,611935035648,5788688,5453120
5,611935053056,611941488768,6435712,4115952
6,611941505376,611946604720,5099344,5564848
7,611946621328,611953169568,6548240,4668128
8,611953186128,611958837696,5651568,7780432
9,611958884784,611967618128,8733344,8740416
10,611967634928,611977358544,9723616,5753376
11,611977375504,611984111920,6736416,5982320
12,611984182992,611991094240,6911248,5733104
13,611991113504,611997827344,6713840,5030704
14,611997873584,612003858048,5984464,6114656
15,612003874176,612010972704,7098528,5555760
16,612010989296,612017528464,6539168,6982240
17,612017591568,612025510704,7919136,4940016
18,612025527424,612031450720,5923296,5350880
19,612031512128,612037801600,6289472,6485216
20,612037818752,612045286816,7468064,5193824
21,612045343376,612051480640,6137264,5789808
22,612051497152,612058270448,6773296,4773760
23,612058291088,612064044208,5753120,5827104
24,612064082080,612070871312,6789232,5270096
25,612070886944,612077141408,6254464,4907680
26,612077198912,612083049088,5850176,5702032
27,612083067008,612089751120,6684112,4395952
28,612089767520,612095147072,5379552,4845632
29,612095167392,612100992704,5825312,4795584
30,612101008624,612106788288,5779664,4324272
31,612106803824,612112112560,5308736,5971632
32,612112127600,612119084192,6956592,5042080
33,612119100176,612125126272,6026096,5277216
34,612125142704,612131403488,6260784,4721760
35,612131421472,612137125248,5703776,4696576
36,612137141136,612142821824,5680688,5047984
37,612142837872,612148869808,6031936,5592224
38,612148887872,612155462032,6574160,5151920
39,612155478208,612161613952,6135744,4516272
40,612161632736,612167130224,5497488,4973360
41,612167146208,612173103584,5957376,4946896
42,612173119168,612179050480,5931312,5242080
43,612179085504,612185292560,6207056,4674016
44,612185308720,612190966576,5657856,5252688
45,612190983808,612197219264,6235456,7162416
46,612197235776,612205381680,8145904,4806400
47,612205397584,612211188080,5790496,5493584
48,612211203360,612217681664,6478304,5013216
49,612217697888,612223694880,5996992,5825824
50,612223734992,612230520704,6785712,3976144
51,612230539600,612235496848,4957248,4671584
52,612235511952,612241168432,5656480,4848272
53,612241183312,612247016704,5833392,5225808
54,612247033216,612253242512,6209296,5054720
55,612253295296,612259297232,6001936,5188432
56,612259313712,612265485664,6171952,5211696
57,612265503568,612271697360,6193792,5794000
58,612271739200,612278491360,6752160,5872672
59,612278508208,612285364032,6855824,4711040
60,612285380256,612291075072,5694816,5057104
61,612291091488,612297132176,6040688,4773472
62,612297147488,612302905648,5758160,4838736
63,612302921184,612308744384,5823200,4770208
64,612308760032,612314514592,5754560,6020240
65,612314529904,612321534832,7004928,4258832
66,612321584192,612326793664,5209472,5011008
67,612326860128,612332804672,5944544,4625456
68,612332820240,612338430128,5609888,5190624
69,612338448208,612344620752,6172544,4632480
70,612344673152,612350253232,5580080,4314720
71,612350271200,612355567952,5296752,5113952
72,612355629808,612361681904,6052096,4344688
73,612361697248,612367026592,5329344,4632944
74,612367042944,612372659536,5616592,5378032
75,612372680704,612379037568,6356864,5107952
76,612379058432,612385145520,6087088,4494848
77,612385161536,612390640368,5478832,5890096
78,612390674464,612397530464,6856000,4464992
79,612397573040,612402995456,5422416,5429088
80,612403011120,612409424544,6413424,4249696
81,612409440400,612414674240,5233840,5542496
82,612414690160,612421216736,6526576,4826240
83,612421233216,612427042976,5809760,4021376
84,612427071520,612432064352,4992832,5231648
85,612432744320,612438296000,5551680,4392176
86,612438311552,612443688176,5376624,5277104
87,612443703536,612449965280,6261744,3829920
88,612449981216,612454795200,4813984,5281040
89,612454848928,612461076240,6227312,4567392
90,612461092032,612466643632,5551600,4407216
91,612466659024,612472050848,5391824,5117136
92,612472066720,612478167984,6101264,5600464
93,612478183664,612484768448,6584784,4744608
94,612484784144,612490513056,5728912,5669888
95,612490528816,612497182944,6654128,4328032
96,612497197936,612502510976,5313040,5423840
97,612502527072,612508934816,6407744,4447008
98,612508950720,612514381824,5431104,5657712
99,612514432608,612521039536,6606928,4685344
100,612521055472,612526724880,5669408,5554912
101,612526766704,612533279792,6513088,4315680
102,612533333616,612538595472,5261856,5791408
103,612538611440,612545386880,6775440,4664432
104,612545403024,612551051312,5648288,3738704
105,612551066272,612555790016,4723744,4749152
106,612555803808,612561539168,5735360,3949824
107,612561554352,612566488992,4934640,4515216
108,612566503296,612572004208,5500912,4754112
109,612572042080,612577758320,5716240,4205856
110,612577773888,612582964176,5190288,3547440
111,612583051600,612587511616,4460016,4643504
112,612587525952,612593155120,5629168,4516752
113,612593170688,612598671872,5501184,5320352
114,612598687584,612604992224,6304640,4767632
115,612605007568,612610759856,5752288,6061216
116,612610856896,612617821072,6964176,4546080
117,612617837856,612623367152,5529296,4982528
118,612623384016,612629349680,5965664,4389568
119,612629365888,612634739248,5373360,5265840
120,612634781024,612641005088,6224064,4366224
121,612641019984,612646371312,5351328,4655664
122,612646385904,612652026976,5641072,5639744
123,612652041664,612658666720,6625056,5079376
124,612658681632,612664746096,6064464,4610048
125,612664782656,612670356144,5573488,5635392
126,612670371520,612676991536,6620016,5375440
127,612677007360,612683366976,6359616,4695472
128,612683383248,612689062448,5679200,4582304
129,612689078864,612694644752,5565888,5716080
130,612694659568,612701360832,6701264,4622736
131,612701376464,612706983568,5607104,3643792
132,612707001392,612711627360,4625968,3422656
133,612711641248,612716050016,4408768,5549200
134,612717087456,612722599216,5511760,4261568
135,612722626976,612727860784,5233808,5209632
136,612727968400,612734070416,6102016,4053424
137,612734127376,612739123840,4996464,3902384
138,612739139664,612744026224,4886560,5039536
139,612744041328,612750065760,6024432,4402864
140,612750081120,612755468624,5387504,4989568
141,612755485888,612761458192,5972304,4631008
142,612761475312,612767089200,5613888,3622160
143,612767104736,612771711360,4606624,5276688
144,612771726672,612777988048,6261376,4379520
145,612778058432,612783367568,5309136,4622560
146,612783383680,612788990128,5606448,4634304
147,612789005920,612794624432,5618512,4334992
148,612794643120,612799959424,5316304,5333008
149,612799975280,612806292432,6317152,3600768
150,612806353552,612810893200,4539648,4043952
151,612810908464,612815937152,5028688,5418080
152,612815952832,612822355232,6402400,5995872
153,612822370400,612829351104,6980704,4931920
154,612829368224,612835283024,5914800,3640112
155,612835300144,612839923136,4622992,4936528
156,612839951456,612845859664,5908208,4130416
157,612845877376,612850990080,5112704,4641568
158,612851006160,612856631648,5625488,4470384
159,612856646208,612862102032,5455824,3799536
160,612862118560,612866901568,4783008,5276736
161,612866917984,612873178304,6260320,4426656
162,612873195744,612878604960,5409216,5295440
163,612878620192,612884900400,6280208,4265920
164,612884915392,612890166320,5250928,5963072
165,612890180800,612897129392,6948592,4328912
166,612897145312,612902458304,5312992,5420704
167,612902512144,612908879008,6366864,4656256
168,612908894464,612914535264,5640800,5435152
169,612914600256,612920970416,6370160,4353840
170,612920987648,612926324256,5336608,3943760
171,612926339024,612931268016,4928992,4785408
172,612931283440,612937053424,5769984,4232240
173,612937068016,612942285664,5217648,5546976
174,612942300896,612948832640,6531744,4565152
175,612948847072,612961476496,12629424,5563344
176,612961548880,612967041648,5492768,4238448
177,612967059264,612973604992,6545728,4203888
178,612973621248,612978843440,5222192,5036992
179,612978858032,612984047328,5189296,5326832
180,612984673296,612999038784,14365488,4839904
181,612999056816,613005075776,6018960,4779888
182,613005093248,613011402608,6309360,4150640
183,613011417680,613017242512,5824832,5263680
184,613017257648,613023022400,5764752,5614176
185,613023037408,613028173040,5135632,4790992
186,613028686624,613034436720,5750096,5492400
187,613034492048,613041050896,6558848,4714544
188,613041065632,613046841888,5776256,4847728
189,613046857456,613053334288,6476832,4621296
190,613053349904,613059048832,5698928,4451552
191,613059086128,613064896560,5810432,5073664
192,613064916176,613070517856,5601680,4607152
193,613070532528,613081622528,11090000,4189968
194,613081645984,613087074080,5428096,5164352
195,613087089728,613093147744,6058016,4009840
196,613093163536,613098754896,5591360,4932336
197,613098796800,613103944864,5148064,4673440
198,613103962368,613110109216,6146848,7373952
199,613110123792,613115119056,4995264,5959168
200,613115133136,613121051392,5918256,4977728
201,613121100192,613126724832,5624640,5303024
202,613126772592,613135098784,8326192,5391584
203,613135117296,613142057952,6940656,5489648
204,613142106656,613148035680,5929024,5126048
205,613148052304,613154338704,6286400,4565824
206,613154353584,613160730288,6376704,5635888
207,613160746320,613167219936,6473616,4612944
208,613167235184,613173345984,6110800,3886416
209,613173362544,613178911808,5549264,5139632
210,613178929744,613185547696,6617952,4873248
211,613185610432,613191160640,5550208,5885744
212,613191177712,613196047056,4869344,5134352
213,613196088880,613202186688,6097808,4730400
214,613202203136,613208059936,5856800,4133360
215,613208077184,613214945680,6868496,5340640
216,613214962208,613221080032,6117824,5504736
217,613221152672,613226810432,5657760,4658736
218,613226860416,613231943792,5083376,5897408
219,613231979264,613238284432,6305168,4381568
220,613238325120,613244789168,6464048,5351184
221,613244811360,613250447904,5636544,4760224
222,613250502480,613257345312,6842832,4180480
223,613257363024,613262726880,5363856,5483408
224,613262770384,613269078064,6307680,4633760
225,613269095584,613274838288,5742704,5304336
226,613274856160,613280018768,5162608,4596496
227,613280040848,613286502176,6461328,5005280
228,613286519264,613292135936,5616672,4191040
229,613292742528,613298440272,5697744,5119056
230,613298493616,613304036768,5543152,4727856
231,613304053936,613310042048,5988112,5069424
232,613310058704,613315233088,5174384,4887744
233,613315250352,613321352144,6101792,4636640
234,613321401136,613327080000,5678864,4577632
235,613327096816,613333149424,6052608,3830656
236,613333166448,613339037168,5870720,5384656
237,613339053808,613344673808,5620000,4173040
238,613344690832,613350251440,5560608,5407520
239,613350267872,613355082096,4814224,4642080
240,613355098576,613361466752,6368176,5395856
241,613361483872,613366639792,5155920,4637968
242,613366656144,613373047312,6391168,5321696
243,613373096544,613378689392,5592848,4741488
244,613378705872,613385085248,6379376,5150768
245,613385102576,613390723216,5620640,4324528
246,613390740416,613397044912,6304496,4488496
247,613397063968,613402786400,5722432,4891760
248,613402803008,613408937168,6134160,3934112
249,613408954064,613414261696,5307632,4297408
250,613414278320,613419750192,5471872,5233104
251,613419766928,613425641952,5875024,4062864
252,613425661072,613430576064,4914992,4943600
253,613430593936,613435873472,5279536,4530112
254,613435893120,613442106576,6213456,5247088
255,613442126960,613447169440,5042480,4502256
256,613447195904,613453113040,5917136,4560432
257,613453129728,613458643152,5513424,5036000
258,613458659808,613464890240,6230432,4492000
259,613464907200,613470392496,5485296,4863680
260,613470408944,613475952928,5543984,4590912
261,613475995168,613481988928,5993760,3977600
262,613482008496,613487480928,5472432,5236784
263,613487499968,613493344608,5844640,4110624
264,613493361632,613498935520,5573888,4636368
265,613498952528,613503913120,4960592,4684528
266,613503930192,613510149904,6219712,4314512
267,613510189856,613515260528,5070672,5231728
268,613515277456,613520896896,5619440,5599376
269,613520913872,613526581424,5667552,4982848
270,613526599696,613531895936,5296240,5171632
271,613531912720,613538127664,6214944,4384864
272,613538188352,613544727040,6538688,4207312
273,613544743984,613550709888,5965904,5444016
274,613550751376,613556881520,6130144,4112048
275,613556898144,613562266384,5368240,5312368
276,613562283472,613567473696,5190224,4446176
277,613567491168,613573917712,6426544,5676464
278,613573936304,613579029760,5093456,4571872
279,613579047504,613585342128,6294624,3937488
280,613585359552,613590788304,5428752,5256240
281,613590805632,613597464768,6659136,4236256
282,613597484448,613603036640,5552192,5218944
283,613603053584,613607974128,4920544,4471344
284,613607992112,613614230368,6238256,4983280
285,613614247120,613619466624,5219504,4635056
286,613619486112,613625685568,6199456,4312704
287,613625711584,613631156912,5445328,5275392
288,613631173936,613637140192,5966256,6113232
289,613637160064,613642775248,5615184,4241072
290,613642818208,613648087952,5269744,4105072
291,613648106208,613654363344,6257136,5063824
292,613654382752,613661476576,7093824,4010336
293,613661495232,613666717648,5222416,4154672
294,613666759792,613671822720,5062928,5116352
295,613671840320,613677886544,6046224,4741936
296,613677904336,613682896880,4992544,5052816
297,613682915696,613688051552,5135856,3930320
298,613688091808,613694167904,6076096,5512976
299,613694219072,613699909840,5690768,5101584
300,613699926912,613705962656,6035744,4921952
301,613706006016,613710892976,4886960,4211808
302,613710910064,613717405952,6495888,5145600
303,613717464784,613723507536,6042752,4634320
304,613723525008,613729429488,5904480,4613552
305,613729448864,613734641296,5192432,5545152
306,613734658320,613740786896,6128576,5614352
307,613740804336,613746421216,5616880,4357024
308,613746438240,613752034768,5596528,4600912
309,613752052000,613758579920,6527920,5100400
310,613758636880,613765194272,6557392,5663952
311,613765211040,613770551296,5340256,4744528
312,613770623200,613776152208,5529008,5300544
313,613776786640,613782252608,5465968,4567984
314,613782268240,613788916560,6648320,6065520
315,613788933696,613794661088,5727392,4156144
316,613794680464,613800961632,6281168,4281648
317,613800978736,613806529616,5550880,5194368
318,613806597504,613813595136,6997632,5514160
319,613813611648,613818751280,5139632,4837312
320,613818768544,613824032928,5264384,5917584
321,613824049616,613830227296,6177680,4384928
322,613830297280,613836741456,6444176,3751184
323,613836758864,613842578768,5819904,4813696
324,613842594656,613849496352,6901696,4131136
325,613849513200,613854881280,5368080,5183344
326,613854899264,613859632464,4733200,4741536
327,613859650624,613865446160,5795536,6768192
328,613865464496,613870577296,5112800,5598304
329,613870597792,613876760640,6162848,4412480
330,613876777728,613882502176,5724448,5877120
331,613882519328,613890270368,7751040,4726976
332,613890288096,613896868672,6580576,4904560
333,613896886176,613902281152,5394976,4455376
334,613902298496,613909158272,6859776,5445792
335,613909176816,613914885248,5708432,4987376
336,613914902864,613920789808,5886944,5067120
337,613920807248,613926245184,5437936,4732768
338,613926262400,613932690976,6428576,5195120
339,613932728512,613938678352,5949840,4455024
340,613938751712,613944745472,5993760,6086288
341,613944784368,613950478240,5693872,4454800
342,613950495504,613956673360,6177856,5055888
343,613956731632,613962128384,5396752,5211232
344,613962161888,613969214672,7052784,4884576
345,613969272384,613974669472,5397088,4825520
346,613974686128,613980725360,6039232,5804272
347,613980768992,613986936592,6167600,4222384
348,613986952672,613992821168,5868496,5691184
349,613992838240,613998646688,5808448,4116464
350,613998667712,614005450960,6783248,5297936
351,614005509984,614010673344,5163360,4548416
352,614010690288,614017364528,6674240,5903520
353,614017381024,614022480992,5099968,4330624
354,614022496784,614028778928,6282144,4463936
355,614028816688,614034327344,5510656,5031584
356,614034346448,614041230864,6884416,3902880
357,614041247840,614046561488,5313648,3755632
358,614046596048,614052025424,5429376,4406576
359,614052050400,614058057008,6006608,4883248
360,614058073296,614062959888,4886592,5238112
361,614062977232,614067715520,4738288,4415024
362,614067757216,614073122096,5364880,4541312
363,614073137984,614079005344,5867360,5278144
364,614079022704,614085243456,6220752,5793824
365,614085260400,614090658480,5398080,5204464
366,614090683632,614096199792,5516160,5130992
367,614096217136,614102477936,6260800,4203056
368,614102494624,614109271760,6777136,5716160
369,614109330224,614115476224,6146000,4136640
370,614115497280,614121607216,6109936,5199888
371,614121627216,614126810272,5183056,4570208
372,614126827472,614133526432,6698960,5231328
373,614133545520,614138663072,5117552,4760048
374,614138680208,614144862960,6182752,5739488
375,614144880064,614150433168,5553104,4784432
376,614150452016,614156664496,6212480,5556176
377,614156681968,614162424544,5742576,4535440
378,614162441952,614169164032,6722080,4737584
379,614169181296,614174948464,5767168,4579424
380,614175012000,614181504640,6492640,3901808
381,614181524144,614187040080,5515936,4839248
382,614187070000,614192777664,5707664,4681056
383,614192794864,614198357088,5562224,5531264
384,614198372928,614203258896,4885968,4950192
385,614203275536,614209098144,5822608,4796768
386,614209114928,614214779200,5664272,4482880
387,614214795616,614221310464,6514848,4096912
388,614221378816,614227260656,5881840,4808976
389,614227288160,614233057424,5769264,4626672
390,614233106704,614238540304,5433600,4674848
391,614238578752,614243637216,5058464,4753328
392,614243653280,614249446192,5792912,5394144
393,614249462384,614255072864,5610480,4570016
394,614255127824,614260747712,5619888,5660224
395,614260764624,614266501040,5736416,4481872
396,614266516416,614272895184,6378768,4224336
397,614272913216,614278465200,5551984,5252320
398,614278484448,614285125424,6640976,4058848
399,614285144016,614290607296,5463280,3886928
400,614290623904,614295831632,5207728,5070368
401,614295848336,614302083952,6235616,5940496
402,614302100576,614307142800,5042224,4233200
403,614307159264,614312029728,4870464,4483152
404,614312047296,614318100096,6052800,4593024
405,614318116992,614325040592,6923600,4188432
406,614325058080,614330273792,5215712,5432592
407,614330291664,614335756944,5465280,5087888
408,614335774176,614341349968,5575792,4044416
409,614341366976,614346538400,5171424,5744096
410,614346555232,614352970992,6415760,5365376
411,614352988464,614359058880,6070416,4614768
412,614359107888,614364103296,4995408,4891728
413,614364120416,614370847392,6726976,4631968
414,614370864096,614377212768,6348672,5744288
415,614377231840,614382827536,5595696,4510368
416,614382882080,614388719264,5837184,5921760
417,614388763600,614394351232,5587632,4075824
418,614394367760,614401095520,6727760,5693024
419,614401112384,614406605888,5493504,4307040
420,614406622608,614413527648,6905040,5276480
421,614413582928,614418603472,5020544,4779552
422,614418620128,614425296496,6676368,5623472
423,614425313152,614430603536,5290384,4332608
424,614430622544,614436880016,6257472,4441648
425,614436944000,614442659568,5715568,5467440
426,614442676912,614449283040,6606128,5233904
427,614449300432,614454615648,5315216,4418368
428,614454632400,614460057296,5424896,4040112
429,614460094096,614466524736,6430640,4691520
430,614466543024,614472758640,6215616,4741744
431,614472856608,614478177008,5320400,4257904
432,614478194832,614483217120,5022288,5161552
433,614483237808,614488908640,5670832,5638976
434,614488926240,614494650384,5724144,4889968
435,614494667232,614499908288,5241056,5436688
436,614499924736,614506069840,6145104,4572256
437,614506086432,614512708816,6622384,5493504
438,614512747280,614518598784,5851504,4533072
439,614518616240,614525035472,6419232,5337920
440,614525053216,614530607728,5554512,4630000
441,614530624816,614537101232,6476416,4440816
442,614537121392,614542634304,5512912,5516144
443,614542654496,614548972224,6317728,5405376
444,614549044112,614554602224,5558112,4169792
445,614554619216,614560043040,5423824,5707376
446,614560060112,614566559184,6499072,4755328
447,614566586320,614572964560,6378240,5306224
448,614572987392,614578134352,5146960,4458496
449,614578151984,614584841728,6689744,4397808
450,614584860384,614590597056,5736672,5308368
451,614590616352,614596903280,6286928,4262736
452,614596920416,614602361776,5441360,5108368
453,614602379824,614607759584,5379760,4097152
454,614607777648,614614067952,6290304,5379744
455,614614093984,614619330688,5236704,4523040
456,614619348112,614625439056,6090944,5677120
457,614625456128,614630536208,5080080,4906272
458,614630611664,614636915952,6304288,5326448
459,614636933456,614642438992,5505536,5318976
460,614642497920,614649116112,6618192,4843664
461,614649134496,614655022384,5887888,4397520
462,614655045216,614661348832,6303616,5477968
463,614661368592,614667667808,6299216,4272160
464,614667732752,614673511472,5778720,5458512
465,614673529088,614678908992,5379904,4463328
466,614678926384,614685386960,6460576,5210368
467,614685412864,614690659120,5246256,4732560
468,614690676272,614697117632,6441360,6623040
469,614697152320,614702580960,5428640,4951456
470,614702636752,614708791328,6154576,5083824
471,614708811968,614714523888,5711920,3704960
472,614714588640,614722146928,7558288,5564992
473,614722165744,614728098384,5932640,4304176
474,614728115536,614734182208,6066672,5261872
475,614734199680,614738887168,4687488,5264064
476,614738904416,614745452160,6547744,4986240
477,614745504112,614750756336,5252224,4964352
478,614750772880,614757018208,6245328,4810768
479,614757036192,614763282272,6246080,5044320
480,614763343584,614769268512,5924928,3899280
481,614769285728,614775232864,5947136,5185584
482,614775250912,614781043632,5792720,3636128
483,614781079568,614787087952,6008384,5110032
484,614787105600,614791987232,4881632,4205584
485,614792663600,614798172816,5509216,4003856
486,614798189168,614802808944,4619776,4987200
487,614802853520,614808918976,6065456,4530352
488,614808937568,614814124560,5186992,5970016
489,614814187936,614819128416,4940480,4058928
490,614819181904,614825115616,5933712,5362176
491,614825132624,614830645968,5513344,4641120
492,614830663584,614837615984,6952400,4996576
493,614837633600,614842674912,5041312,4488912
494,614842733680,614849037088,6303408,4888000
495,614849053888,614854678208,5624320,5210560
496,614854725328,614860674784,5949456,4807040
497,614860691472,614866163696,5472224,5551248
498,614866215264,614872051696,5836432,5262944
499,614872097792,614878262256,6164464,4252816
500,614878278768,614884069296,5790528,5720464
501,614884086016,614890620544,6534528,5142432
502,614890641872,614896883488,6241616,4616928
503,614896899760,614902136304,5236544,3880416
504,614902154272,614908856768,6702496,3887760
505,614908873840,614914999200,6125360,3428448
506,614915065280,614920616128,5550848,3409216
507,614920633136,614925496544,4863408,4523296
508,614925513408,614930384304,4870896,4153376
509,614930401392,614934812752,4411360,3568608
510,614934848112,614939221968,4373856,3203056
511,614939240640,614944745264,5504624,3281824
512,614944783776,614949898640,5114864,4076160
513,614949915008,614954467248,4552240,4121376
514,614954485456,614958670304,4184848,3933744
515,614958686832,614962952128,4265296,3556192
516,614962968560,614968028288,5059728,2996016
517,614968045616,614973149664,5104048,3392768
518,614973165728,614978083408,4917680,3960048
519,614978099728,614982639600,4539872,4104896
520,614982660608,614986635616,3975008,4172832
521,614986652416,614991028384,4375968,3215232
522,614991044720,614995988432,4943712,3535904
523,614996005040,615001093328,5088288,3852064
524,615001110448,615006266160,5155712,4697664
525,615006285088,615010481392,4196304,4218384
526,615010499200,615015017296,4518096,5053392
527,615015042096,615019869360,4827264,4092464
528,615019887280,615025567024,5679744,4109664
529,615025585056,615030785408,5200352,4863024
530,615030802848,615036838800,6035952,3544624
531,615036855792,615041931264,5075472,3841408
532,615041948400,615047040928,5092528,3515344
533,615047060080,615052903952,5843872,4226336
534,615052920784,615057448576,4527792,4151296
535,615057464896,615062289984,4825088,4275648
536,615062308304,615066805328,4497024,3157920
537,615066821936,615072031664,5209728,5733440
538,615072047152,615077182960,5135808,3880416
539,615077201200,615082458608,5257408,3957040
540,615082477056,615086616528,4139472,5043328
541,615086633904,615093349968,6716064,4541728
542,615093375024,615098230384,4855360,3156224
543,615098248032,615103187424,4939392,3197056
544,615103249424,615109230752,5981328,4887136
545,615109246432,615114772480,5526048,4455280
546,615114788688,615118928704,4140016,3194464
547,615118945200,615123125760,4180560,3371952
548,615123141920,615129012896,5870976,3864720
549,615129144944,615134468176,5323232,4481984
550,615134487520,615138662640,4175120,3971200
551,615138682976,615143034592,4351616,3468816
552,615143052336,615147899312,4846976,3625392
553,615147924368,615153381296,5456928,3463808
554,615153435824,615158352496,4916672,4543760
555,615158368880,615162821312,4452432,4004032
556,615162838064,615167446704,4608640,3534752
557,615167472336,615171910512,4438176,4028640
558,615171926816,615177454272,5527456,4323008
559,615177470720,615182458304,4987584,3772624
560,615182475232,615186993056,4517824,3535296
561,615187053456,615192021696,4968240,3412640
562,615192038496,615197344704,5306208,3833248
563,615197361248,615202117328,4756080,4112320
564,615202134176,615206652624,4518448,3742128
565,615206670816,615211065264,4394448,3644736
566,615211082992,615215898512,4815520,3896608
567,615215914656,615221010832,5096176,4477216
568,615221031120,615225752960,4721840,4246016
569,615225791664,615230397696,4606032,4012848
570,615230452240,615235294304,4842064,4855952
571,615235311520,615240771520,5460000,4485824
572,615240788736,615246017536,5228800,3362672
573,615246048464,615251030384,4981920,3248544
574,615251047248,615256886336,5839088,5058320
575,615256903248,615262372160,5468912,3858752
576,615262388608,615266734832,4346224,3540576
577,615266778720,615270983376,4204656,3665744
578,615271001776,615277041696,6039920,3929664
579,615277058096,615281900448,4842352,4475120
580,615281916848,615286441024,4524176,4088672
581,615286460160,615291106768,4646608,3292352
582,615291179472,615296036432,4856960,4041008
583,615296055792,615301511552,5455760,4296720
584,615301527984,615306600224,5072240,4218528
585,615306618832,615310892576,4273744,3170304
586,615310918656,615315933584,5014928,3612432
587,615315951136,615321230304,5279168,4588944
588,615321246992,615326448832,5201840,3833712
589,615326465232,615330619136,4153904,3914576
590,615330634976,615335231568,4596592,5589152
591,615335247376,615340820512,5573136,4625152
592,615340872096,615345654224,4782128,3797056
593,615345670368,615350568800,4898432,4180720
594,615350615712,615357157952,6542240,4117280
595,615357175136,615362783104,5607968,3642096
596,615362799600,615367580160,4780560,3221376
597,615367597824,615372760880,5163056,3880608
598,615372777872,615377878160,5100288,4585648
599,615377899728,615382520256,4620528,4792016
600,615382575360,615386741632,4166272,3887632
601,615386757888,615391622240,4864352,4549280
602,615391638496,615397207888,5569392,3867872
603,615397224944,615402999904,5774960,3514752
604,615403028224,615407887536,4859312,3254896
605,615407905248,615413436816,5531568,3860880
606,615413491232,615418304688,4813456,5197344
607,615418361872,615422819440,4457568,4253504
608,615422835696,615427074336,4238640,4463648
609,615427094416,615431935216,4840800,4447440
610,615431951248,615438132560,6181312,4754336
611,615438149120,615443386064,5236944,5439152
612,615443439264,615448849712,5410448,5654704
613,615448912624,615454297152,5384528,4362192
614,615454335760,615460051488,5715728,5172176
615,615460088720,615466490640,6401920,4718976
616,615466509888,615473145344,6635456,5335760
617,615473162064,615478507536,5345472,4627440
618,615478525968,615484679712,6153744,6095088
619,615484717376,615490398688,5681312,4598832
620,615490415232,615496734448,6319216,4667120
621,615496803952,615502361888,5557936,4806064
622,615502378272,615509456976,7078704,4496800
623,615509474464,615515055808,5581344,5042432
624,615515072848,615520722928,5650080,4089136
625,615520777264,615526528992,5751728,4602816
626,615526547024,615532025792,5478768,4561328
627,615532042416,615538068224,6025808,4722736
628,615538084752,615543157360,5072608,5533264
629,615543174800,615548760176,5585376,4809920
630,615548777328,615554321504,5544176,2888592
631,615554338224,615560044240,5706016,2841296
632,615560062480,615566577504,6515024,5971504
633,615566594112,615572387424,5793312,5626304
634,615572404624,615576276016,3871392,3914480
635,615576292416,615580117312,3824896,5666560
636,615582373328,615587088816,4715488,4469856
637,615587105504,615593715120,6609616,4096128
638,615593732704,615598629600,4896896,5418384
639,615598646208,615605296160,6649952,5669536
640,615605312848,615610766016,5453168,4954960
641,615610783088,615615862144,5079056,4873312
642,615615879200,615622280528,6401328,4677408
643,615622299552,615628950064,6650512,4547168
644,615629004448,615634905024,5900576,5213680
645,615634949184,615640778336,5829152,5553136
646,615640796064,615646455744,5659680,4507520
647,615646473280,615652002912,5529632,5825200
648,615652020464,615658216592,6196128,4965424
649,615658253200,615664769728,6516528,5138112
650,615664787728,615670277248,5489520,4821632
651,615670296656,615677102448,6805792,3868592
652,615677148640,615683067872,5919232,5217712
653,615683088064,615689205984,6117920,6020576
654,615689268080,615695027616,5759536,4492512
655,615695045296,615699896208,4850912,6092272
656,615699912656,615706113920,6201264,4253744
657,615706131280,615713134496,7003216,5193456
658,615713152304,615718627008,5474704,4526800
659,615718644176,615725719280,7075104,5196960
660,615725736704,615730973024,5236320,4332912
661,615730990128,615737166480,6176352,4685280
662,615737186752,615742693280,5506528,5249424
663,615742710144,615748890240,6180096,4007920
664,615748907648,615754223152,5315504,4903120
665,615754279152,615759908432,5629280,4302736
666,615759925152,615766157856,6232704,4394848
667,615766177072,615771165776,4988704,5010768
668,615771182592,615777068896,5886304,4001632
669,615777085072,615782371632,5286560,3896224
670,615782387904,615787766480,5378576,5714992
671,615787783536,615793777248,5993712,5939904
672,615793794176,615798778880,4984704,4755696
673,615798795664,615803675104,4879440,5261136
674,615803693344,615810390096,6696752,4747808
675,615810430576,615817330000,6899424,4814320
676,615817347184,615823085696,5738512,4780864
677,615823103408,615829346832,6243424,6637024
678,615829364800,615835094640,5729840,6251728
679,615835112672,615840908960,5796288,4809600
680,615840928000,615846689824,5761824,5376112
681,615846737392,615854326848,7589456,3927040
682,615854345888,615861578576,7232688,5248704
683,615861597472,615867388176,5790704,5227200
684,615867443600,615873764288,6320688,5968272
685,615873837248,615878691328,4854080,4804224
686,615878708656,615884940032,6231376,5781024
687,615884968016,615891167232,6199216,6486416
688,615891184464,615898135504,6951040,6266928
689,615898153936,615903939728,5785792,4478288
690,615903958288,615910720752,6762464,7015040
691,615910758464,615918207168,7448704,4877456
692,615918263104,615925474096,7210992,4742224
693,615925494416,615930952384,5457968,4120064
694,615930979680,615938967424,7987744,6343728
695,615938986176,615944844880,5858704,5777840
696,615944904912,615950587104,5682192,4144144
697,615950603840,615955707168,5103328,5594368
698,615955748784,615963050896,7302112,6715296
699,615963125184,615969828736,6703552,6847696
700,615969846320,615974972880,5126560,4597664
701,615974989680,615981567248,6577568,6338816
702,615981620544,615989282544,7662000,4442208
703,615989299024,615997130240,7831216,5236480
704,615997187072,616002727904,5540832,7172656
705,616002745248,616010066720,7321472,4788464
706,616010130192,616015508928,5378736,6797040
707,616015526112,616021745408,6219296,5136496
708,616021787808,616029918064,8130256,4784592
709,616029978240,616035706528,5728288,8788976
710,616035723856,616043503568,7779712,4902352
711,616043522048,616049640064,6118016,5155184
712,616049656992,616055424656,5767664,5246192
713,616055441632,616065213632,9772000,5171616
714,616065230944,616071115984,5885040,5236432
715,616071131872,616077271168,6139296,5793008
716,616077288528,616083517360,6228832,5952432
717,616083532912,616089688976,6156064,4413424
718,616089731728,616095925408,6193680,5657744
719,616095943232,616102718416,6775184,6790352
720,616102783824,616109670848,6887024,6557664
721,616109687344,616115084272,5396928,4915168
722,616115120048,616121742016,6621968,5381728
723,616121759664,616129532368,7772704,6479840
724,616129584592,616137090032,7505440,5386576
725,616137108832,616143005200,5896368,5105744
726,616143056848,616149386928,6330080,4899408
727,616149443552,616156866768,7423216,5663856
728,616156884592,616163253344,6368752,6610272
729,616163270720,616169359088,6088368,4570928
730,616169376320,616175258496,5882176,5471440
731,616175283120,616181922352,6639232,6717952
732,616181939440,616189532624,7593184,4719216
733,616189583024,616195103552,5520528,5057392
734,616195132016,616201574992,6442976,4947696
735,616201620160,616209292944,7672784,5161440
736,616209352240,616215012160,5659920,4899840
737,616215029072,616221069552,6040480,5654528
738,616221103936,616227017248,5913312,6364976
739,616227035472,616233178688,6143216,5495344
740,616233196080,616239078528,5882448,5426912
741,616239095472,616245733056,6637584,6255456
742,616245749840,616253098032,7348192,4793568
743,616253115472,616259593376,6477904,5448688
744,616259612816,616266020288,6407472,4777472
745,616266037392,616273275744,7238352,5317632
746,616273296800,616279069312,5772512,4112144
747,616279086816,616285518000,6431184,5021568
748,616285536080,616291295472,5759392,4957184
749,616291314160,616297613104,6298944,4262512
750,616297630464,616302725248,5094784,5560768
751,616302743776,616308746816,6003040,4412080
752,616308764352,616314704000,5939648,5633312
753,616314721456,616319966512,5245056,5381264
754,616319982912,616326527280,6544368,4553712
755,616326544704,616331939360,5394656,5496768
756,616331956560,616338572672,6616112,4481536
757,616338616864,616344953936,6337072,4461840
758,616345025440,616350507648,5482208,5594560
759,616350525136,616357004416,6479280,5431728
760,616357020720,616362485952,5465232,4892688
761,616362503056,616367947792,5444736,5232192
762,616367965504,616374542352,6576848,5192912
763,616374596624,616380974080,6377456,4792336
764,616380993344,616386866768,5873424,5088784
765,616386892400,616393098960,6206560,5475376
766,616393123408,616399291872,6168464,4463056
767,616399308256,616405084208,5775952,5548112
768,616405103712,616411172992,6069280,4445648
769,616411190432,616417648368,6457936,5416064
770,616417665824,616423111424,5445600,4604032
771,616423162912,616429659536,6496624,5548464
772,616429676480,616435105184,5428704,6748080
773,616435135424,616441521248,6385824,4324064
774,616441538432,616447125280,5586848,5078640
775,616447142768,616453673744,6530976,5129456
776,616453723136,616461421824,7698688,5553376
777,616461439776,616466745888,5306112,4486640
778,616466771920,616472824528,6052608,5095936
779,616472878608,616478953984,6075376,4586144
780,616479008992,616485507360,6498368,5257392
781,616485524640,616490994000,5469360,5082560
782,616491012080,616497089936,6077856,5654864
783,616497125360,616502676080,5550720,4260688
784,616502694720,616508933472,6238752,5206272
785,616508987936,616515016032,6028096,4810400
786,616515033456,616521670896,6637440,5718144
787,616521690000,616526931584,5241584,4456560
788,616526992096,616533137856,6145760,5259200
789,616533173136,616538948256,5775120,4671312
790,616538968032,616545666400,6698368,5622304
791,616545683200,616551122960,5439760,6498528
792,616551141584,616557382160,6240576,4765968
793,616557439776,616563053472,5613696,5575328
794,616563071072,616569675776,6604704,4910240
795,616569693200,616577174304,7481104,5305776
796,616577191680,616582940272,5748592,5187744
797,616582959392,616589515600,6556208,5997744
798,616589532976,616595425840,5892864,5531360
799,616595445744,616601731616,6285872,4710288
800,616601748672,616607919360,6170688,5172208
801,616607936864,616614917104,6980240,5002656
802,616614966416,616621448464,6482048,5697504
803,616621494512,616627158752,5664240,5978720
804,616627177520,616633330960,6153440,4999600
805,616633348480,616639333616,5985136,6064768
806,616639351008,616646031120,6680112,6257952
807,616646049872,616653009840,6959968,5183648
808,616653053488,616659009440,5955952,5491696
809,616659056448,616666074208,7017760,6049984
810,616666091200,616673332160,7240960,4821184
811,616673349680,616679515808,6166128,5474704
812,616679532960,616686007504,6474544,4671904
813,616686025392,616693057488,7032096,5148160
814,616693075104,616698878672,5803568,4901072
815,616698896160,616705353376,6457216,5319552
816,616705371952,616711025280,5653328,4580400
817,616711044496,616717173440,6128944,5627328
818,616717190736,616723074512,5883776,4181968
819,616723093696,616729394064,6300368,5492592
820,616729455712,616734974464,5518752,4437728
821,616735000768,616741601792,6601024,4891648
822,616741619344,616746783760,5164416,5275248
823,616746849152,616753276352,6427200,4139344
824,616753292736,616758714080,5421344,6125376
825,616758757536,616764605728,5848192,4978960
826,616764621664,616770880976,6259312,4840560
827,616770896432,616776020320,5123888,5520384
828,616776036896,616783145696,7108800,4869216
829,616783164832,616789124656,5959824,5017264
830,616789141088,616794965216,5824128,5307216
831,616795045136,616801485600,6440464,5354416
832,616801504976,616807354816,5849840,5777712
833,616807371040,616813372080,6001040,4527632
834,616813388512,616819679296,6290784,5998592
835,616819695936,616826033712,6337776,4572128
836,616826052752,616832811424,6758672,5040784
837,616832828624,616838339056,5510432,4718800
838,616838354624,616845337648,6983024,6441856
839,616845357632,616850909776,5552144,5833728
840,616850926528,616856950560,6024032,4344656
841,616856974912,616862669360,5694448,5354672
842,616862688064,616870111216,7423152,4575984
843,616870129072,616876944944,6815872,4457328
844,616876963392,616882289600,5326208,4743632
845,616882309008,616888644272,6335264,4235648
846,616888661920,616894220256,5558336,5304448
847,616894236608,616899677584,5440976,4601168
848,616899694352,616905421216,5726864,6049856
849,616905438848,616910656864,5218016,6600864
850,616910673552,616916961312,6287760,4680800
851,616916978080,616922562480,5584400,5155504
852,616922578880,616929612336,7033456,4377888
853,616929660800,616937213200,7552400,5936688
854,616937232288,616942894000,5661712,5670736
855,616942912928,616949049504,6136576,5554192
856,616949070496,616954427392,5356896,5381920
857,616954444160,616961364080,6919920,4565632
858,616961381728,616968034816,6653088,5427424
859,616968053792,616974589008,6535216,4702144
860,616974606448,616980970928,6364480,6120000
861,616980987936,616986536560,5548624,4097664
862,616986581296,616992963984,6382688,4750720
863,616992981072,616998666128,5685056,4314720
864,616998683056,617005786128,7103072,4028704
865,617005803632,617010883792,5080160,5381664
866,617010904960,617016634512,5729552,4043536
867,617016651424,617021949232,5297808,4639920
868,617021966192,617026977936,5011744,5705632
869,617026994672,617033359600,6364928,4972880
870,617033376064,617038403136,5027072,4910112
871,617038420352,617049130256,10709904,4541328
872,617049150256,617054770176,5619920,7305248
873,617054788032,617061475808,6687776,5377040
874,617061493392,617067448688,5955296,5242880
875,617067466560,617073358800,5892240,6845648
876,617073375280,617085091840,11716560,7063456
877,617085107568,617090633168,5525600,6340912
878,617090650208,617098938416,8288208,6465904
879,617098956272,617105315456,6359184,6157088
880,617105333136,617111558336,6225200,5622176
881,617111576640,617119403984,7827344,5896320
882,617119420848,617127467440,8046592,5403632
883,617127485440,617134808352,7322912,6774016
884,617134825440,617142274256,7448816,4438016
885,617142292048,617149431344,7139296,5852992
886,617149448192,617156053520,6605328,4600448
887,617156080832,617162949840,6869008,5315248
888,617163015792,617169353472,6337680,5322736
889,617169369536,617177127488,7757952,6106864
890,617177146752,617182565504,5418752,5823680
891,617182582704,617189418496,6835792,7088976
892,617189435728,617195018944,5583216,4971472
893,617195036768,617201334192,6297424,5570784
894,617201352768,617207656928,6304160,5193728
895,617207673824,617214763792,7089968,5805552
896,617214780736,617221587472,6806736,6545088
897,617221604480,617229676448,8071968,5604064
898,617229693552,617235647920,5954368,5340816
899,617235665056,617242218704,6553648,4946384
900,617242235152,617253801728,11566576,5300192
901,617253848464,617259995456,6146992,5151952
902,617260016576,617266801008,6784432,4009680
903,617266818176,617274346096,7527920,5536304
904,617274365120,617280950160,6585040,4511312
905,617280967840,617287290976,6323136,5532944
906,617287308384,617293237360,5928976,4481872
907,617293254640,617299537552,6282912,5308128
908,617299593344,617305689504,6096160,5032304
909,617305738496,617310699184,4960688,5107376
910,617310715888,617317235488,6519600,4740960
911,617317296368,617322746800,5450432,6232640
912,617322790336,617329279744,6489408,5954720
913,617329296608,617334761616,5465008,5048000
914,617334805376,617341069744,6264368,7143104
915,617341127120,617347102048,5974928,5423344
916,617347119456,617353209424,6089968,4846704
917,617353226432,617358950384,5723952,5370672
918,617358967072,617366183024,7215952,5877712
919,617366201904,617373137744,6935840,5206544
920,617373154464,617379185744,6031280,4993664
921,617379202560,617387328848,8126288,4242832
922,617387345296,617393752192,6406896,6006560
923,617393800528,617399598896,5798368,5245648
924,617399647856,617405969568,6321712,7820288
925,617406010432,617412847280,6836848,4655616
926,617412864368,617419053824,6189456,5240976
927,617419107216,617429632096,10524880,4900128
928,617429684368,617435625760,5941392,5105520
929,617435642544,617445679824,10037280,4990848
930,617445717680,617450922656,5204976,5337840
931,617450940400,617457929216,6988816,5829840
932,617457947344,617464174864,6227520,5448080
933,617464192224,617472995152,8802928,5556304
934,617473011968,617478650768,5638800,4665744
935,617478667344,617484891744,6224400,4024064
936,617484908704,617490791872,5883168,5394000
937,617490809280,617496897392,6088112,4076800
938,617496914608,617502888240,5973632,4948544
939,617502905232,617509226080,6320848,4299520
940,617509292048,617516055920,6763872,6428672
941,617516092480,617522504000,6411520,4554800
942,617522521152,617529060304,6539152,5544096
943,617529078176,617534726048,5647872,4620736
944,617534768256,617539750112,4981856,5827632
945,617539792928,617546144112,6351184,5990672
946,617546161360,617551220912,5059552,4893728
947,617551286704,617557169456,5882752,6752320
948,617557186800,617562468976,5282176,5665904
949,617562485776,617569897648,7411872,5003600
950,617569914656,617575452448,5537792,5706576
951,617575468912,617581996544,6527632,6136192
952,617582012960,617587617280,5604320,4547856
953,617587634000,617594444912,6810912,6645840
954,617594461232,617601435584,6974352,5426224
955,617601453200,617607329312,5876112,5481664
956,617607346000,617615081632,7735632,7382976
957,617615099440,617621747536,6648096,6209184
958,617621765040,617627751136,5986096,5061648
959,617627767968,617634457712,6689744,4556624
960,617634474496,617641593904,7119408,5698128
961,617641610704,617647141760,5531056,6733680
962,617647159360,617654787600,7628240,4992912
963,617654804880,617661213824,6408944,5059552
964,617661230752,617667695488,6464736,4705232
965,617667712192,617676078464,8366272,3939712
966,617676813536,617683287648,6474112,5016496
967,617683305088,617689349296,6044208,4159872
968,617689365760,617694905920,5540160,4949040
969,617694923200,617701604048,6680848,4367424
970,617701622608,617709337728,7715120,5354768
971,617709354544,617715330640,5976096,4757984
972,617715346720,617721390192,6043472,5800112
973,617721429168,617727095424,5666256,4184112
974,617727112368,617732035136,4922768,5504320
975,617732053328,617738051632,5998304,4564016
976,617738067856,617743211504,5143648,5118624
977,617743227504,617749160544,5933040,4377600
978,617749177264,617754527968,5350704,4039264
979,617754546704,617760882736,6336032,5105424
980,617760899824,617766640720,5740896,4314688
981,617766658112,617773440832,6782720,5525200
982,617773506160,617778624944,5118784,4541168
983,617778642112,617785129264,6487152,4287744
984,617785145648,617790693280,5547632,5062144
985,617790709904,617796811904,6102000,4316432
986,617796878080,617802189504,5311424,4732496
987,617802206336,617807228768,5022432,4568112
988,617807245296,617813334192,6088896,5371792
989,617813351200,617818648880,5297680,4820960
990,617818665264,617825174080,6508816,5029456
991,617825190992,617830715248,5524256,4985072
992,617830732384,617836002992,5270608,5131216
993,617836019008,617842065136,6046128,4501344
994,617842082432,617847381568,5299136,5475488
995,617847444576,617853114064,5669488,4683424
996,617853130688,617858682176,5551488,5357872
997,617858699552,617865053968,6354416,5267792
998,617865098976,617870874928,5775952,4782336
999,617870891952,617876904384,6012432,4555568
1000,617876920912,617882889456,5968544,5233984
1001,617882906336,617889020672,6114336,4580880
1002,617889046832,617894522016,5475184,5996752
1003,617894539008,617900997504,6458496,4145744
1004,617901013856,617906680928,5667072,4315280
1005,617906697856,617913038800,6340944,5204272
1006,617913055424,617919306592,6251168,4408240
1007,617919323536,617925088928,5765392,5067536
1008,617925105248,617930644496,5539248,4472304
1009,617930661760,617936878480,6216720,4731808
1010,617936895184,617942459360,5564176,4709312
1011,617942475744,617949456112,6980368,5135200
1012,617949472912,617954601856,5128944,4323744
1013,617954620096,617959917136,5297040,4152464
1014,617959933632,617966121408,6187776,4939584
1015,617966138048,617971529648,5391600,4881568
1016,617971546752,617977597184,6050432,3780096
1017,617977614576,617983069488,5454912,4484112
1018,617983114560,617988801296,5686736,4642976
1019,617988817936,617994510608,5692672,5112656
1020,617994527520,618000645808,6118288,5091808
1021,618000662352,618005969552,5307200,3830400
1022,618005986736,618011122016,5135280,5604688
1023,618011138640,618017061600,5922960,5727216
1024,618017078576,618022943168,5864592,4765168
1025,618022960352,618027723264,4762912,4003680
1026,618027739552,618033207376,5467824,5092688
1027,618033226128,618038850352,5624224,3902832
1028,618038867408,618044963008,6095600,4094416
1029,618045023856,618051054816,6030960,4985088
1030,618051072192,618055885216,4813024,4719712
1031,618055901584,618062489904,6588320,5155456
1032,618062508848,618069217120,6708272,5039472
1033,618069234656,618074982288,5747632,5605152
1034,618074999680,618079985968,4986288,5835392
1035,618080011456,618086078656,6067200,4905504
1036,618086094656,618090981488,4886832,5701008
1037,618091026816,618096075904,5049088,4824352
1038,618096094576,618102060992,5966416,5729456
1039,618102077232,618107780704,5703472,5739472
1040,618107797040,618113936160,6139120,5341648
1041,618113953184,618125516496,11563312,5261200
1042,618125533024,618131555968,6022944,4980560
1043,618131603376,618138161120,6557744,4778256
1044,618138182016,618144996512,6814496,7241856
1045,618145056064,618150902016,5845952,4946208
1046,618150920000,618157603024,6683024,5052704
1047,618157656832,618163427376,5770544,4597760
1048,618163476992,618170156832,6679840,4874912
1049,618170173968,618176896304,6722336,4443200
1050,618176924096,618183237952,6313856,5817664
1051,618183255104,618189499152,6244048,4881296
1052,618189516688,618195479712,5963024,4056368
1053,618195519808,618201257968,5738160,5316544
1054,618201275264,618209499824,8224560,6000832
1055,618209517280,618215446032,5928752,5048576
1056,618215463632,618221498736,6035104,6358576
1057,618221515856,618227096496,5580640,5661616
1058,618227113872,618232971408,5857536,6189472
1059,618232988896,618238414608,5425712,4439136
1060,618238457808,618245232272,6774464,4084672
1061,618245281296,618251113568,5832272,6168000
1062,618251130192,618256169936,5039744,5515968
1063,618256716464,618262486480,5770016,6660016
1064,618262503296,618269487312,6984016,4975056
1065,618269504080,618282061760,12557680,5053232
1066,618282078176,618288110336,6032160,4701680
1067,618288189824,618295468912,7279088,5602784
1068,618295486048,618302130528,6644480,4572992
1069,618302190144,618309320000,7129856,5390544
1070,618309337664,618314759136,5421472,4995920
1071,618314806176,618319843808,5037632,5203504
1072,618319860816,618327011808,7150992,4345680
1073,618327031328,618333527776,6496448,4855936
1074,618333545008,618341187792,7642784,5215200
1075,618341205600,618347162848,5957248,4985904
1076,618347180048,618353216080,6036032,5074448
1077,618353267104,618358917760,5650656,4959232
1078,618358935072,618365520544,6585472,4839200
1079,618365537840,618371093536,5555696,4962272
1080,618371110720,618377484080,6373360,4982896
1081,618377503104,618383480000,5976896,5428976
1082,618383496448,618389683504,6187056,4462688
1083,618389723760,618395029184,5305424,4338720
1084,618395045664,618400885120,5839456,5649024
1085,618400901808,618407100320,6198512,5256544
1086,618407117488,618413086224,5968736,4956960
1087,618413103184,618419160672,6057488,5024896
1088,618419178032,618425119904,5941872,5139376
1089,618425176416,618430959104,5782688,5012816
1090,618431023040,618436921376,5898336,4864864
1091,618436938864,618442904272,5965408,6073904
1092,618442921248,618449333248,6412000,6052768
1093,618449350784,618454795936,5445152,4566048
1094,618454813680,618460134656,5320976,5283200
1095,618460937280,618466783680,5846400,4486928
1096,618466800944,618473040224,6239280,5510320
1097,618473068192,618478997184,5928992,5064352
1098,618479025136,618485022080,5996944,4997552
1099,618485039744,618491161456,6121712,4641472
1100,618491180176,618497174272,5994096,4182112
1101,618497191440,618503039136,5847696,5578208
1102,618503056304,618510113040,7056736,5417680
1103,618510130688,618517165808,7035120,5095056
1104,618517182912,618522731856,5548944,5010976
1105,618522749120,618529015056,6265936,4975328
1106,618529034768,618534501984,5467216,4838688
1107,618534518768,618541012304,6493536,4669552
1108,618541029216,618547076656,6047440,5592096
1109,618547101264,618553074208,5972944,4803136
1110,618553091280,618558715680,5624400,4200016
1111,618558732368,618563897792,5165424,5400784
1112,618563914400,618570476000,6561600,4233808
1113,618570493712,618576893680,6399968,5345552
1114,618576910848,618582988736,6077888,4996512
1115,618583005376,618588999712,5994336,5392224
1116,618589049808,618594975040,5925232,6177488
1117,618595032912,618600813728,5780816,4181280
1118,618600859408,618606483280,5623872,4150096
1119,618606499808,618613075376,6575568,6538512
1120,618613092496,618618878512,5786016,4888448
1121,618618898192,618624078528,5180336,4960464
1122,618624095472,618630479312,6383840,4744864
1123,618630495984,618635713120,5217136,4595072
1124,618635789216,618642058672,6269456,5387680
1125,618642083344,618648055184,5971840,4979536
1126,618648090256,618654447408,6357152,5968208
1127,618654464800,618661624896,7160096,4946976
1128,618661641216,618666806176,5164960,5365120
1129,618666862016,618671956272,5094256,5587984
1130,618671972960,618679494784,7521824,4748464
1131,618679511600,618685383232,5871632,4490656
1132,618685400544,618691343696,5943152,5578784
1133,618691361120,618697088560,5727440,4307712
1134,618697104784,618702683632,5578848,5572032
1135,618702700416,618709071312,6370896,5302624
1136,618709087568,618715050848,5963280,4808336
1137,618715083296,618722019056,6935760,5741168
1138,618722035424,618727966032,5930608,4330160
1139,618728005440,618734331152,6325712,5065504
1140,618734348560,618740919136,6570576,4577392
1141,618740935696,618746667600,5731904,4461728
1142,618746728640,618752158256,5429616,5398240
1143,618752749472,618758737040,5987568,5359472
1144,618758755120,618764044752,5289632,4385776
1145,618764063728,618770616784,6553056,4171488
1146,618770633872,618776919408,6285536,4703952
1147,618776936992,618782727744,5790752,4824848
1148,618782744368,618789468912,6724544,5117408
1149,618789485280,618794799072,5313792,4724560
1150,618794815344,618800864576,6049232,6314080
1151,618800882448,618806441968,5559520,3942032
1152,618806458000,618811903696,5445696,5255152
1153,618811919760,618818301936,6382176,4821216
1154,618818319456,618824661408,6341952,5153200
1155,618824729872,618830047184,5317312,4395456
1156,618830064016,618835218672,5154656,5585376
1157,618835273328,618840922624,5649296,4965888
1158,618840938656,618846747472,5808816,5361904
1159,618846763600,618852864880,6101280,4378032
1160,618852920688,618858589440,5668752,5325168
1161,618858605584,618865903520,7297936,4823728
1162,618865920464,618870845552,4925088,4801344
1163,618870863984,618877100704,6236720,4440864
1164,618877117008,618882921920,5804912,6012896
1165,618882939120,618889075120,6136000,4592608
1166,618889091040,618894470576,5379536,4239968
1167,618894486784,618901055952,6569168,5468400
1168,618901072832,618907021840,5949008,5891248
1169,618907040816,618913383744,6342928,4506208
1170,618913433408,618918761776,5328368,4230336
1171,618918779136,618925086944,6307808,5355136
1172,618925104064,618930910672,5806608,5217152
1173,618930927296,618936712016,5784720,4798208
1174,618936728384,618942152880,5424496,6127568
1175,618942187584,618949165776,6978192,4530448
1176,618949185520,618954758384,5572864,4888416
1177,618954775328,618959998352,5223024,4876448
1178,618960016656,618966466752,6450096,4962864
1179,618966483568,618973358000,6874432,5085824
1180,618973375136,618978864208,5489072,4101024
1181,618978881200,618984094544,5213344,5446368
1182,618984111744,618990449680,6337936,5368816
1183,618990466512,618996666832,6200320,4603536
1184,618996714400,619002465040,5750640,5366288
1185,619002481904,619009592608,7110704,4986528
1186,619009610544,619015123056,5512512,4970144
1187,619015141296,619021011472,5870176,4263136
1188,619021031328,619026887920,5856592,4590768
1189,619026905280,619032850784,5945504,4588848
1190,619032871328,619038936608,6065280,4695728
1191,619038953200,619044037632,5084432,7157424
1192,619044054000,619050484000,6430000,4620544
1193,619050500960,619056852816,6351856,5270352
1194,619056870096,619062456352,5586256,4022112
1195,619062472704,619068822640,6349936,5638928
1196,619068882304,619074809168,5926864,5424704
1197,619074826048,619080779312,5953264,5109232
1198,619080796544,619086042448,5245904,5015872
1199,619086058768,619091633216,5574448,4772208
1200,619091650848,619097222064,5571216,4096352
1201,619097239920,619102917792,5677872,5426688
1202,619102934656,619111075216,8140560,5465648
1203,619111093248,619116695760,5602512,4663856
1204,619116713024,619122966112,6253088,4455392
1205,619122983728,619127988224,5004496,5234528
1206,619128005408,619134627152,6621744,5763696
1207,619134644976,619141051856,6406880,5381008
1208,619141069552,619147161088,6091536,5198544
1209,619147178752,619153176960,5998208,4586688
1210,619153194224,619158949168,5754944,4783312
1211,619158966256,619164045520,5079264,4786960
1212,619164090784,619170472208,6381424,5010096
1213,619170489600,619176937856,6448256,4626464
1214,619176955536,619182601712,5646176,6108832
1215,619182618768,619188057104,5438336,4097936
1216,619188095648,619194291632,6195984,5103456
1217,619194349200,619201055328,6706128,4781952
1218,619201114592,619207436336,6321744,5219952
1219,619207453664,619213634880,6181216,4640144
1220,619213652384,619219221568,5569184,6076384
1221,619219278928,619225004880,5725952,4578592
1222,619225021952,619230791840,5769888,4708240
1223,619230809456,619236801936,5992480,4579040
1224,619236819744,619242428400,5608656,3835056
1225,619242488640,619249537232,7048592,3894960
1226,619249554896,619254635168,5080272,5883936
1227,619254652384,619260738624,6086240,4149600
1228,619260798256,619266520576,5722320,5122320
1229,619266537520,619272740528,6203008,4698544
1230,619272757792,619278380672,5622880,5095104
1231,619278449120,619285457056,7007936,4118384
1232,619285476272,619291035648,5559376,4773872
1233,619291052272,619296743888,5691616,4359120
1234,619296781952,619302322928,5540976,4740720
1235,619302340880,619307157984,4817104,5607104
1236,619307174240,619312052944,4878704,5343216
1237,619312091696,619318936880,6845184,4740384
1238,619318953872,619324086480,5132608,5368000
1239,619324103040,619330208800,6105760,4832080
1240,619330225248,619335907344,5682096,4800464
1241,619335924208,619342002448,6078240,4512704
1242,619342019120,619347120832,5101712,3925344
1243,619347191968,619352894704,5702736,5893792
1244,619352911680,619358253824,5342144,4179472
1245,619358305712,619363994544,5688832,4965584
1246,619364012080,619370601648,6589568,4407840
1247,619370620784,619376944864,6324080,5254688
1248,619376970656,619382685248,5714592,4776192
1249,619382750192,619389053248,6303056,5457856
1250,619389072736,619394885328,5812592,4453392
1251,619394903056,619400685792,5782736,4569744
1252,619400747072,619406198496,5451424,4899856
1253,619406215424,619411123840,4908416,4244720
1254,619411191088,619418017632,6826544,4607872
1255,619418042880,619423197104,5154224,4706288
1256,619423213744,619429162688,5948944,5244768
1257,619429179056,619434570528,5391472,4670096
1258,619434587280,619440825216,6237936,5571856
1259,619440883440,619446601408,5717968,5059952
1260,619446619712,619453059264,6439552,4643504
1261,619453075632,619458512656,5437024,5324592
1262,619458528960,619464082400,5553440,4802976
1263,619464099328,619469982256,5882928,4568288
1264,619469999040,619475226976,5227936,4538448
1265,619475292352,619480834848,5542496,5375104
1266,619480892480,619486541136,5648656,5776320
1267,619486598272,619492785904,6187632,4558128
1268,619492802768,619498456000,5653232,4198992
1269,619498473184,619505027856,6554672,5320768
1270,619505044848,619511087808,6042960,5452896
1271,619511104656,619516731312,5626656,4486768
1272,619516768576,619523055904,6287328,3996080
1273,619523074992,619528858880,5783888,3749104
1274,619528877280,619534427168,5549888,5142752
1275,619534444176,619539965616,5521440,4358576
1276,619539982368,619546340720,6358352,4527136
1277,619546357552,619553117040,6759488,5017728
1278,619553172816,619558675168,5502352,4133104
1279,619558692416,619563874160,5181744,5058320
1280,619563890752,619570194928,6304176,4520240
1281,619570211696,619576647824,6436128,4410176
1282,619576665360,619582134592,5469232,4716784
1283,619582152016,619587130672,4978656,4265776
1284,619587148064,619591879776,4731712,5641568
1285,619591906736,619598022528,6115792,5011248
1286,619598041472,619603381104,5339632,4727840
1287,619603397648,619608908240,5510592,3952208
1288,619608924784,619614925968,6001184,5012032
1289,619614942400,619620059072,5116672,4706864
1290,619620075504,619626117392,6041888,4617936
1291,619626133968,619631637632,5503664,4807712
1292,619631654960,619637047808,5392848,5600848
1293,619637064672,619642764592,5699920,4723728
1294,619642781744,619648030368,5248624,5987264
1295,619648047216,619654671936,6624720,4151264
1296,619654689184,619660683184,5994000,4106048
1297,619660758144,619666411024,5652880,5395568
1298,619666473056,619671363232,4890176,5495136
1299,619671379664,619677375264,5995600,4549312
1300,619677393008,619683082128,5689120,5966320
1301,619683098864,619688700064,5601200,4128816
1302,619688716976,619694507776,5790800,5563920
1303,619694526448,619701108624,6582176,4476432
1304,619701127424,619706832352,5704928,4241584
1305,619706849264,619713819616,6970352,4616864
1306,619713836896,619718970880,5133984,4935808
1307,619718987952,619724076928,5088976,5046512
1308,619724093312,619730472496,6379184,4602848
1309,619730489168,619736967632,6478464,4695168
1310,619737056384,619742516944,5460560,4678848
1311,619742533776,619749483264,6949488,5479152
1312,619749500416,619754612080,5111664,4659808
1313,619754629200,619761176000,6546800,5720400
1314,619761192752,619766652432,5459680,4263776
1315,619766669472,619771894016,5224544,5178080
1316,619771911136,619777510880,5599744,4528400
1317,619777528464,619783446688,5918224,4736672
1318,619783463792,619789493200,6029408,5819456
1319,619789510416,619795096048,5585632,5294896
1320,619795112864,619800791216,5678352,4328384
1321,619800808080,619806470064,5661984,6038784
1322,619806487936,619812949216,6461280,4183696
1323,619812965824,619818609024,5643200,5896400
1324,619818626080,619825329424,6703344,4335104
1325,619825346832,619830593200,5246368,5600048
1326,619830611792,619836771280,6159488,4002784
1327,619836788320,619842299680,5511360,5257216
1328,619842316912,619848036352,5719440,5210992
1329,619848053616,619854855808,6802192,5039328
1330,619854873168,619861150704,6277536,4489296
1331,619861182368,619866479088,5296720,4509664
1332,619866495648,619873517872,7022224,5469376
1333,619873534912,619878701568,5166656,5669968
1334,619878768944,619885597968,6829024,4651504
1335,619885614672,619890933072,5318400,3890656
1336,619890950560,619897533120,6582560,5108544
1337,619897550256,619902535904,4985648,3902352
1338,619902553184,619908793120,6239936,5265520
1339,619908809760,619915004112,6194352,4344976
1340,619915020976,619921043440,6022464,5442224
1341,619921060016,619926532736,5472720,4587120
1342,619926549648,619932042400,5492752,5301296
1343,619932076928,619938511776,6434848,4665792
1344,619938528656,619945181744,6653088,5656928
1345,619945199024,619950833248,5634224,4933264
1346,619950905344,619955723904,4818560,4819712
1347,619955741424,619961832448,6091024,4341760
1348,619961849056,619966734800,4885744,4533792
1349,619966751440,619973000320,6248880,5625072
1350,619973017120,619978345296,5328176,5788368
1351,619978362384,619984787520,6425136,4744736
1352,619984804880,619990374640,5569760,5153136
1353,619990431584,619996675936,6244352,4589376
1354,619996716448,620002341728,5625280,5518304
1355,620002358560,620008998656,6640096,4627408
1356,620009015472,620014931920,5916448,4245264
1357,620014948688,620020751632,5802944,5370976
1358,620020790176,620026093392,5303216,6098080
1359,620026109600,620031627184,5517584,4287872
1360,620031644416,620038252256,6607840,5137888
1361,620038268736,620045040624,6771888,4616048
1362,620045101328,620050785360,5684032,5753504
1363,620050802544,620056938496,6135952,4409424
1364,620056955616,620062527872,5572256,5623184
1365,620062544576,620069046176,6501600,4764208
1366,620069106528,620074673584,5567056,4133552
1367,620074690288,620079918848,5228560,5010192
1368,620079935600,620086289824,6354224,4105552
1369,620086355648,620093387904,7032256,4785248
1370,620093429440,620098675776,5246336,5566880
1371,620098692784,620104813664,6120880,5479696
1372,620104871840,620110429712,5557872,4409984
1373,620110461664,620117183216,6721552,4730736
1374,620117200448,620122592640,5392192,4864704
1375,620122661664,620129215824,6554160,3980976
1376,620129233024,620134980032,5747008,5422672
1377,620134996704,620140113584,5116880,5588000
1378,620140768608,620146123776,5355168,4435024
1379,620146177088,620151229328,5052240,6453664
1380,620151282400,620157014576,5732176,4268144
1381,620157041328,620163581456,6540128,7091584
1382,620163634224,620170061152,6426928,8738496
1383,620170077968,620175471136,5393168,5062624
1384,620175488224,620181201872,5713648,5410688
1385,620181218192,620187066576,5848384,4719024
1386,620187084000,620192047552,4963552,4963808
1387,620192084832,620198470224,6385392,5062912
1388,620198487680,620205058224,6570544,5218688
1389,620205075712,620210493248,5417536,4694096
1390,620210510160,620217946912,7436752,5585200
1391,620217964640,620223215056,5250416,4459776
1392,620223276032,620231306640,8030608,4829168
1393,620231324720,620243210480,11885760,5034640
1394,620243226256,620252948976,9722720,4230496
1395,620252967824,620259011600,6043776,5358784
1396,620259055968,620265422288,6366320,4441968
1397,620265441936,620271141312,5699376,5481392
1398,620271157920,620277105120,5947200,5743392
1399,620277123904,620283168032,6044128,4591552
1400,620283190416,620289386720,6196304,5228416
1401,620289403792,620295080816,5677024,5253472
1402,620295097968,620301666016,6568048,5828704
1403,620301683088,620307125792,5442704,5713792
1404,620307153120,620312954960,5801840,5092576
1405,620312972560,620318989600,6017040,5052256
1406,620319006608,620324220096,5213488,5044128
1407,620324883600,620330578880,5695280,4999424
1408,620330597024,620336020848,5423824,5448496
1409,620336041152,620342502240,6461088,5353152
1410,620342520320,620349245632,6725312,4358432
1411,620349262576,620354837184,5574608,4706688
1412,620354907984,620361065600,6157616,4768320
1413,620361083392,620367319072,6235680,4334400
1414,620367337824,620374147776,6809952,5471232
1415,620374196640,620380861568,6664928,5612736
1416,620380879280,620386954144,6074864,4539424
1417,620386971680,620393006400,6034720,5992048
1418,620393159600,620399050528,5890928,4728256
1419,620399067456,620405049952,5982496,4986800
1420,620405067552,620411498448,6430896,4703600
1421,620411515120,620417851600,6336480,5446656
1422,620417868624,620423210032,5341408,4545296
1423,620423226800,620428916720,5689920,5329344
1424,620428934784,620434685040,5750256,4119040
1425,620434702320,620440019440,5317120,3832624
1426,620440041840,620446490672,6448832,5295296
1427,620446509088,620453103408,6594320,7262144
1428,620453122864,620458642832,5519968,3671184
1429,620458659536,620465634880,6975344,5437648
1430,620465652704,620471363136,5710432,4477888
1431,620471380336,620477349936,5969600,5202240
1432,620477366944,620483053536,5686592,4473152
1433,620483070656,620489500192,6429536,4871584
1434,620489516912,620495045488,5528576,4865056
1435,620495062432,620501374832,6312400,3979280
1436,620501436432,620506493872,5057440,4190464
1437,620506511792,620511326496,4814704,5266848
1438,620511343760,620517621792,6278032,4644064
1439,620517639424,620525883936,8244512,5817968
1440,620525911728,620530555120,4643392,5119616
1441,620530597840,620536992768,6394928,4201872
1442,620537010240,620542470656,5460416,3381760
1443,620542487344,620548672896,6185552,3504400
1444,620548689360,620554146048,5456688,5514224
1445,620554180400,620560017632,5837232,4341680
1446,620560059696,620565882688,5822992,5355072
1447,620565903040,620570861968,4958928,4581728
1448,620570896944,620576052432,5155488,4330976
1449,620576673904,620582319280,5645376,4492416
1450,620582347344,620587963344,5616000,4462240
1451,620587997600,620594781312,6783712,4595472
1452,620594819968,620600900928,6080960,3987584
1453,620600918144,620606102800,5184656,4177424
1454,620606119408,620610484560,4365152,3898992
1455,620610502496,620614988960,4486464,5095120
1456,620615036528,620621503184,6466656,4645872
1457,620621520192,620626844864,5324672,4276816
1458,620626861840,620633199936,6338096,3849824
1459,620633219088,620638781664,5562576,4308256
1460,620638798352,620644112640,5314288,3385152
1461,620644129504,620649605056,5475552,5227696
1462,620649623296,620655067296,5444000,4571232
1463,620655084736,620660662768,5578032,3029408
1464,620660679600,620665650352,4970752,5381536
1465,620665667712,620670827776,5160064,3783584
1466,620670845104,620675726768,4881664,3992656
1467,620675743968,620681821888,6077920,4713648
1468,620681838928,620687467760,5628832,3955968
1469,620687513216,620692744576,5231360,4520416
1470,620692784096,620697594400,4810304,4207392
1471,620697612048,620702902656,5290608,3817552
1472,620702919232,620707287808,4368576,4447184
1473,620707303952,620713515504,6211552,3912496
1474,620713532432,620719086736,5554304,4571312
1475,620719103920,620723116144,4012224,4391312
1476,620723134480,620729497680,6363200,3691088
1477,620729515200,620734281264,4766064,4296288
1478,620734297952,620739273920,4975968,4214912
1479,620739290960,620744987568,5696608,3976528
1480,620745052432,620749943536,4891104,4927232
1481,620749960128,620755463952,5503824,5246400
1482,620755481104,620760671344,5190240,5186816
1483,620760687984,620765488896,4800912,4427600
1484,620765505328,620770936080,5430752,3550048
1485,620770953168,620775848576,4895408,3715744
1486,620775868640,620781419888,5551248,5685456
1487,620781438976,620786811200,5372224,5377056
1488,620786827760,620791502288,4674528,4004896
1489,620791529232,620796798576,5269344,4436816
1490,620796815792,620802013488,5197696,4416080
1491,620802060704,620806990016,4929312,3920736
1492,620807007120,620812917248,5910128,4250992
1493,620812981520,620819163648,6182128,3898976
1494,620819181760,620825350464,6168704,4908064
1495,620825425776,620830778064,5352288,3613776
1496,620830795520,620835328112,4532592,3101872
1497,620835396896,620840043856,4646960,2848592
1498,620840667024,620846729312,6062288,3547248
1499,620846767712,620853106368,6338656,4706432
1500,620853130640,620858111264,4980624,4773232
1501,620858128096,620863548080,5419984,3616224
1502,620863564656,620868964160,5399504,5198176
1503,620868981088,620873884896,4903808,4349136
1504,620873912528,620879135888,5223360,3391184
1505,620879203792,620884034864,4831072,4707488
1506,620884055664,620889942928,5887264,3830288
1507,620890016880,620894556704,4539824,4329728
1508,620894573728,620898658576,4084848,5540928
1509,620898676672,620902507168,3830496,3825552
1510,620902524048,620907054416,4530368,3624864
1511,620907071824,620912760848,5689024,4742624
1512,620912840304,620918534080,5693776,4208640
1513,620918551376,620923150304,4598928,4553792
1514,620923172176,620929348480,6176304,5124704
1515,620929368848,620934697616,5328768,4272512
1516,620934715680,620939088800,4373120,4283696
1517,620939108544,620944796288,5687744,4896208
1518,620944814192,620949626576,4812384,3926976
1519,620949643744,620954956304,5312560,4012976
1520,620955016176,620961497232,6481056,4166624
1521,620961514256,620966322784,4808528,4089920
1522,620966341072,620970947648,4606576,5967056
1523,620970986512,620976690272,5703760,4070336
1524,620976708368,620981898912,5190544,3743232
1525,620981940192,620987452704,5512512,2969536
1526,620987470816,620993577408,6106592,3398944
1527,620993637216,620998849920,5212704,4498672
1528,620998871840,621004133616,5261776,3869792
1529,621004739920,621010029824,5289904,3879120
1530,621010047264,621014956800,4909536,3616752
1531,621014974144,621019969776,4995632,4446160
1532,621019987680,621025136400,5148720,3567728
1533,621025154160,621030226320,5072160,4149072
1534,621030243136,621037193376,6950240,3476928
1535,621037210128,621042263712,5053584,3473968
1536,621042280688,621047006944,4726256,4688880
1537,621047024560,621050976480,3951920,4015968
1538,621051004000,621055375424,4371424,3432864
1539,621055444624,621060874096,5429472,3179680
1540,621060894192,621065743888,4849696,2551152
1541,621065761472,621070623008,4861536,3465264
1542,621070640256,621075239760,4599504,3641840
1543,621075256912,621080685920,5429008,2607728
1544,621080736608,621085253648,4517040,5027840
1545,621085269312,621090402720,5133408,4334784
1546,621090464400,621094879648,4415248,5385360
1547,621094896656,621099353616,4456960,4414736
1548,621099369936,621105042496,5672560,3961952
1549,621105060080,621110058464,4998384,6473184
1550,621110075376,621114491328,4415952,3256592
1551,621114518864,621118671008,4152144,5884368
1552,621118687952,621122222160,3534208,4392096
1553,621122279856,621126687424,4407568,4698720
1554,621126737488,621131329264,4591776,3984832
1555,621131356144,621134936992,3580848,4612176
1556,621134961296,621140964832,6003536,5087888
1557,621140989936,621146299616,5309680,4149152
1558,621146318320,621152684976,6366656,3709936
1559,621152712112,621158099712,5387600,4811744
1560,621158118896,621163061664,4942768,4211776
1561,621163151088,621170534848,7383760,3319600
1562,621170552688,621174791440,4238752,5194768
1563,621174809216,621181675808,6866592,4221936
1564,621181742736,621187067904,5325168,4303664
1565,621187084784,621192766624,5681840,4620544
1566,621192783424,621197751456,4968032,3900224
1567,621197769648,621203363632,5593984,3603920
1568,621203381056,621209451520,6070464,3741408
1569,621209468944,621214600672,5131728,4793200
1570,621214618032,621219310608,4692576,3996560
1571,621219327296,621225122352,5795056,3545008
1572,621225139472,621230334128,5194656,3278832
1573,621230350880,621234653728,4302848,4108688
1574,621234672976,621240848496,6175520,4546016
1575,621240910160,621246070432,5160272,4283520
1576,621246087424,621251374096,5286672,3554688
1577,621251391520,621256994640,5603120,5081616
1578,621257089792,621261894864,4805072,4063184
1579,621261910576,621266498784,4588208,3445376
1580,621266515008,621271240192,4725184,5313728
1581,621271289952,621277033392,5743440,2412352
1582,621277055536,621282029952,4974416,2484736
1583,621282046000,621286574960,4528960,2541072
1584,621286627904,621290853792,4225888,6031632
1585,621290896688,621295962480,5065792,3459056
1586,621295982304,621301508496,5526192,3692000
1587,621301525744,621306792016,5266272,4724080
1588,621306808560,621311346704,4538144,4991664
1589,621311363312,621317428320,6065008,3399968
1590,621317445424,621322491504,5046080,4504448
1591,621322510464,621326936880,4426416,4097024
1592,621326953472,621333250608,6297136,3123616
1593,621333267424,621336662960,3395536,3163056
1594,621336679424,621340147696,3468272,3173328
1595,621340164000,621343688768,3524768,3679840
1596,621343704880,621350720400,7015520,4142384
1597,621350737664,621355179456,4441792,3744400
1598,621355196928,621359871456,4674528,4124752
1599,621359888096,621365595536,5707440,3261520
1600,621365612464,621371587200,5974736,3560496
1601,621371606112,621375987168,4381056,2996048
1602,621376005520,621381491616,5486096,3415200
1603,621381508528,621386588640,5080112,4478304
1604,621386606048,621390712256,4106208,3978080
1605,621390729376,621394875312,4145936,3355616
1606,621394892400,621399048640,4156240,2642160
1607,621399065344,621403728480,4663136,3391760
1608,621403744880,621408870864,5125984,3549872
1609,621408887360,621413615264,4727904,3522880
1610,621413630944,621418740016,5109072,4744880
1611,621418756144,621423001536,4245392,4343536
1612,621423018880,621427562032,4543152,3807648
1613,621427578336,621431558080,3979744,5109056
1614,621431575696,621435973280,4397584,4486880
1615,621435988752,621441451584,5462832,3407584
1616,621441468144,621446429664,4961520,4458960
1617,621446446288,621450785280,4338992,3854064
1618,621450840016,621454427440,3587424,3941760
1619,621454449760,621458819200,4369440,5212192
1620,621458836448,621463369072,4532624,4163264
1621,621463412416,621467891952,4479536,5600496
1622,621467908112,621473636832,5728720,3996016
1623,621473653648,621478980368,5326720,4100736
1624,621478997952,621483788016,4790064,4618720
1625,621483804240,621489897072,6092832,3807744
1626,621489913472,621495383952,5470480,4074672
1627,621495438992,621499791536,4352544,3730032
1628,621499807168,621505250496,5443328,6249376
1629,621505266416,621510104560,4838144,3541616
1630,621510159120,621515046320,4887200,5024064
1631,621515065792,621521258512,6192720,3969968
1632,621521275504,621526421776,5146272,3368080
1633,621526497504,621533022272,6524768,3622096
1634,621533049264,621538018288,4969024,3857248
1635,621538034928,621543119024,5084096,4556992
1636,621543135840,621548737744,5601904,3954400
1637,621548754544,621553545488,4790944,3480512
1638,621553600928,621558620160,5019232,4136496
1639,621558637024,621563350192,4713168,4944032
1640,621563376784,621570599568,7222784,4141728
1641,621570664736,621575141184,4476448,4888048
1642,621575168080,621581165248,5997168,4001904
1643,621581224512,621586135216,4910704,3927888
1644,621586154624,621590503296,4348672,3264496
1645,621590521024,621595125392,4604368,4432208
1646,621595186416,621599982640,4796224,4211120
1647,621600002192,621605539632,5537440,4177616
1648,621605602048,621610494032,4891984,4749280
1649,621610522416,621614974544,4452128,3907072
1650,621615054768,621620111040,5056272,4246416
1651,621621148528,621626055072,4906544,6605216
1652,621626071312,621631196800,5125488,5316432
1653,621631213872,621637084848,5870976,4587104
1654,621637101808,621642086752,4984944,5941840
1655,621642103504,621647014640,4911136,4322400
1656,621647032160,621651279136,4246976,5724928
1657,621651329872,621656711344,5381472,7687280
1658,621656748672,621661922464,5173792,5161072
1659,621661939936,621667100080,5160144,4540912
1660,621667137408,621672849360,5711952,5494080
1661,621672866848,621677756432,4889584,6273104
1662,621677774544,621683002848,5228304,5045328
1663,621683053584,621690608064,7554480,5420112
1664,621690627968,621696924496,6296528,4541568
1665,621696941536,621702511600,5570064,5632272
1666,621702528416,621709453440,6925024,4628528
1667,621709471776,621714775840,5304064,5025184
1668,621714793264,621721500768,6707504,4633472
1669,621721518176,621734964288,13446112,5189920
1670,621735038416,621743651568,8613152,4951056
1671,621743672656,621749812640,6139984,5487424
1672,621749832416,621755353552,5521136,3882256
1673,621755371072,621761847632,6476560,5943920
1674,621761904000,621769120736,7216736,4649424
1675,621769138944,621775166064,6027120,4756080
1676,621775186800,621781586176,6399376,4577808
1677,621781641536,621787127744,5486208,5379280
1678,621787145936,621793760016,6614080,5400416
1679,621793778464,621799388544,5610080,5713072
1680,621799447296,621805413728,5966432,8304512
1681,621805461440,621811047200,5585760,5404512
1682,621811065872,621817237120,6171248,4524688
1683,621817256352,621823188176,5931824,5282688
1684,621823206672,621829675600,6468928,4686224
1685,621829693952,621834557856,4863904,5248064
1686,621834618064,621841501776,6883712,4591456
1687,621841519200,621847151200,5632000,5622080
1688,621847209792,621852907280,5697488,6447824
1689,621852924528,621858485088,5560560,5015648
1690,621858504912,621864864368,6359456,4994928
1691,621864882896,621871264784,6381888,4865856
1692,621871318720,621877977856,6659136,5045088
1693,621877997760,621887282368,9284608,5926224
1694,621887300480,621893686880,6386400,5797920
1695,621893705488,621899211568,5506080,4353712
1696,621899230208,621905494256,6264048,5450256
1697,621905513152,621911180480,5667328,5313808
1698,621911199920,621917428544,6228624,4792864
1699,621917487120,621923020000,5532880,6425424
1700,621923037168,621929642080,6604912,7580512
1701,621929659552,621937089904,7430352,5521904
1702,621937126912,621943105552,5978640,4421168
1703,621943125216,621949100480,5975264,5514608
1704,621949121456,621954966336,5844880,4895456
1705,621954984208,621961011424,6027216,6798992
1706,621961068032,621967937648,6869616,5462736
1707,621967982144,621974735568,6753424,4394816
1708,621974753792,621980089280,5335488,4279664
1709,621980107920,621986539536,6431616,5346400
1710,621986605632,621992853344,6247712,5729728
1711,621992870672,621998646208,5775536,4486672
1712,621998664368,622006071632,7407264,5990560
1713,622006088448,622014652144,8563696,4323712
1714,622014669456,622021174048,6504592,3816176
1715,622021191664,622026595216,5403552,5703696
1716,622026655264,622033109824,6454560,8183472
1717,622033127536,622039005280,5877744,9335872
1718,622039023024,622046804272,7781248,7421184
1719,622046822288,622053267008,6444720,4947856
1720,622053320640,622058661824,5341184,3043072
1721,622058716336,622063941488,5225152,6210608
1722,622063959824,622070287888,6328064,3973856
1723,622070304672,622077017616,6712944,5526416
1724,622077033984,622082504288,5470304,4204144
1725,622082521168,622089494848,6973680,5416928
1726,622089512192,622094818560,5306368,7771072
1727,622094835488,622099634736,4799248,4895600
1728,622099650848,622106338432,6687584,5120848
1729,622106358112,622115521904,9163792,5419392
1730,622116166176,622125857776,9691600,4707296
1731,622125920864,622137532624,11611760,5444256
1732,622137549936,622145953808,8403872,4654560
1733,622145972048,622151901664,5929616,5125040
1734,622151919360,622155944736,4025376,4767296
1735,622155961472,622163155344,7193872,5042176
1736,622163172096,622168129200,4957104,5101760
1737,622168909712,622174655616,5745904,5330736
1738,622174672864,622179859760,5186896,4593744
1739,622179876224,622186276688,6400464,5384768
1740,622186342432,622195047760,8705328,4464336
1741,622195111184,622200943360,5832176,4985808
1742,622200960720,622207064208,6103488,5018624
1743,622207081920,622213483600,6401680,5506336
1744,622213499920,622219190896,5690976,4563728
1745,622219207168,622225635152,6427984,4896928
1746,622225663328,622231289712,5626384,5300960
1747,622231306448,622237414752,6108304,5559328
1748,622237431296,622243182048,5750752,4296016
1749,622243200736,622249224224,6023488,5355248
1750,622249242352,622255325984,6083632,4255008
1751,622255343568,622261656720,6313152,5698432
1752,622261674672,622267250464,5575792,4196080
1753,622267278512,622273635232,6356720,4303312
1754,622273653008,622279099568,5446560,5631184
1755,622279136544,622285085376,5948832,4206688
1756,622285102976,622291104000,6001024,5522192
1757,622291178032,622297610336,6432304,5848400
1758,622297628448,622303174064,5545616,5571744
1759,622303194640,622309070992,5876352,6104448
1760,622309088304,622315371952,6283648,5288832
1761,622315416992,622321931280,6514288,5444704
1762,622321950336,622327227296,5276960,5830560
1763,622327283472,622333582544,6299072,5856272
1764,622333602112,622338837552,5235440,4324672
1765,622338855440,622345535984,6680544,6124864
1766,622345588624,622350732064,5143440,4541488
1767,622350773744,622356035376,5261632,4733168
1768,622356052816,622362666560,6613744,4798096
1769,622362734272,622367873248,5138976,4818816
1770,622367890240,622374395440,6505200,4678784
1771,622374438208,622381243840,6805632,4586432
1772,622381263776,622387815584,6551808,5485616
1773,622387843248,622394920032,7076784,5605408
1774,622394937968,622401208864,6270896,4413104
1775,622401226368,622407653568,6427200,5423920
1776,622407671312,622414484128,6812816,4730064
1777,622414501216,622421340400,6839184,5444128
1778,622421357648,622426665072,5307424,4440304
1779,622426682608,622433789936,7107328,5932720
1780,622433807472,622439331424,5523952,4364368
1781,622439347136,622445064592,5717456,3806144
1782,622445080272,622450862688,5782416,5391728
1783,622450902736,622456681504,5778768,4244544
1784,622456718992,622462360288,5641296,4704960
1785,622462377792,622467946720,5568928,4545328
1786,622467963664,622474432336,6468672,4314880
1787,622474450208,622481037744,6587536,5288864
1788,622481064752,622486450848,5386096,3821488
1789,622486468832,622492874768,6405936,4055744
1790,622492890944,622498604832,5713888,5100048
1791,622498623392,622505048960,6425568,3999440
1792,622505082400,622510489264,5406864,3995136
1793,622510506160,622517421984,6915824,5580640
1794,622517479152,622522786352,5307200,5000848
1795,622522803168,622527592496,4789328,4327840
1796,622527608720,622533984224,6375504,4137776
1797,622534002864,622539228768,5225904,4843920
1798,622539244688,622544933728,5689040,4362128
1799,622544950096,622550479056,5528960,4372000
1800,622550495552,622555793936,5298384,5204080
1801,622555810672,622562082800,6272128,4016080
1802,622562099696,622566904288,4804592,4001152
1803,622566920896,622571960032,5039136,5386576
1804,622571976768,622578060080,6083312,5391632
1805,622578075840,622583059520,4983680,4793216
1806,622583077072,622588054656,4977584,5642464
1807,622588088256,622594635296,6547040,4635808
1808,622594652048,622600636144,5984096,4336336
1809,622600653600,622605963984,5310384,5994208
1810,622605980112,622611101760,5121648,5120992
1811,622611118976,622616945680,5826704,4288704
1812,622616961632,622622307808,5346176,4518432
1813,622622323456,622627679808,5356352,5160960
1814,622627740480,622633883888,6143408,5959872
1815,622633900384,622638899968,4999584,4483056
1816,622638916368,622643901120,4984752,4407856
1817,622643917232,622650287696,6370464,6335584
1818,622650306016,622656679328,6373312,5299120
1819,622656696752,622662472544,5775792,4395744
1820,622662490624,622669115008,6624384,5225344
1821,622669132416,622674750816,5618400,4833488
1822,622674768240,622680087152,5318912,4928528
1823,622680741536,622687081360,6339824,5011600
1824,622687099728,622693202352,6102624,5119840
1825,622693218576,622698491056,5272480,4777072
1826,622698506752,622704009488,5502736,5678304
1827,622704059104,622710170448,6111344,4509344
1828,622710187424,622717130320,6942896,5261872
1829,622717253168,622722613376,5360208,4395584
1830,622722631040,622728021232,5390192,5858000
1831,622728039568,622735356816,7317248,4361888
1832,622735374688,622741655936,6281248,5783648
1833,622741683808,622747051680,5367872,4369088
1834,622747068864,622753277024,6208160,5207424
1835,622753335104,622759110512,5775408,4772448
1836,622759166368,622765039040,5872672,5524400
1837,622765058480,622771050640,5992160,6664656
1838,622771067968,622777170480,6102512,4416464
1839,622777190640,622782947552,5756912,4940192
1840,622782991600,622789625856,6634256,4780640
1841,622789643808,622795135200,5491392,5400272
1842,622795152656,622801397072,6244416,4723248
1843,622801453584,622806792656,5339072,5594784
1844,622806809888,622813650656,6840768,4633392
1845,622813671232,622819012544,5341312,4235856
1846,622819097536,622825796192,6698656,5183472
1847,622825815088,622831165280,5350192,5794096
1848,622831182992,622837372704,6189712,4723536
1849,622837391216,622843145152,5753936,4906160
1850,622843165376,622849669552,6504176,5000768
1851,622849688592,622857334208,7645616,4397136
1852,622857352928,622862750672,5397744,5417856
1853,622862769456,622868690864,5921408,5726032
1854,622868708176,622874471504,5763328,4294640
1855,622874488944,622880871776,6382832,5981712
1856,622880902928,622886595024,5692096,4857312
1857,622886615584,622893189808,6574224,5729152
1858,622893208192,622898823200,5615008,5953696
1859,622898843904,622904059056,5215152,4948736
1860,622904077936,622910242528,6164592,4787536
1861,622910295952,622917036624,6740672,4596416
1862,622917056064,622922760160,5704096,4672528
1863,622922777040,622928666320,5889280,5300256
1864,622928730640,622934667088,5936448,4714128
1865,622934684160,622940064224,5380064,4959600
1866,622940081712,622946482080,6400368,4257744
1867,622946498640,622953208112,6709472,5205968
1868,622953225040,622958502752,5277712,4307104
1869,622958519936,622965484464,6964528,5571024
1870,622965530416,622971341776,5811360,4323488
1871,622971359648,622978070928,6711280,5129424
1872,622978088096,622985024624,6936528,4634352
1873,622985045424,622990973360,5927936,5423360
1874,622990990256,622996760896,5770640,5061312
1875,622996777632,623002357312,5579680,5314080
1876,623002373824,623008029840,5656016,4499664
1877,623008045696,623014330096,6284400,4325776
1878,623014347664,623020044224,5696560,5914640
1879,623020079152,623026003824,5924672,5234080
1880,623026020416,623031261568,5241152,4723792
1881,623031283888,623037467536,6183648,5401808
1882,623037492624,623042774640,5282016,4170448
1883,623042792704,623049345664,6552960,6233248
1884,623049363536,623054669152,5305616,6378128
1885,623054727840,623060798576,6070736,4785632
1886,623060814848,623066432928,5618080,5101968
1887,623066451264,623072856288,6405024,4867696
1888,623072911984,623078917600,6005616,5132240
1889,623078955216,623085231680,6276464,4777056
1890,623085248752,623090731344,5482592,5220608
1891,623090748000,623096057120,5309120,5299728
1892,623096095216,623102971760,6876544,4679488
1893,623103025472,623109205840,6180368,4864128
1894,623109223568,623114929632,5706064,8794160
1895,623114947568,623121331440,6383872,5086432
1896,623121351760,623126501888,5150128,4662848
1897,623126518048,623133735136,7217088,5509616
1898,623133751392,623141113264,7361872,4609360
1899,623141129664,623146898896,5769232,3926272
1900,623146916560,623153000864,6084304,4710336
1901,623153017776,623158868560,5850784,3985248
1902,623158885664,623165000800,6115136,6091312
1903,623165026016,623170777856,5751840,3812496
1904,623170794496,623176998464,6203968,5549008
1905,623177028336,623191325392,14297056,4781904
1906,623191341984,623197625120,6283136,5333168
1907,623197660208,623203304608,5644400,4907216
1908,623203323536,623209168736,5845200,6833360
1909,623209187264,623218962896,9775632,4258416
1910,623219026432,623225049328,6022896,5171392
1911,623225083072,623230712176,5629104,4399344
1912,623230730304,623237221792,6491488,4922080
1913,623237245936,623242831152,5585216,4288128
1914,623242893456,623247757424,4863968,4224400
1915,623247775200,623253467760,5692560,6010272
1916,623253484368,623258453008,4968640,3995760
1917,623258469424,623265544320,7074896,5170176
1918,623265597280,623270356816,4759536,4606176
1919,623270373664,623276905824,6532160,5268896
1920,623276924432,623282687728,5763296,4059072
1921,623282751328,623289020896,6269568,5094656
1922,623289038496,623294928112,5889616,4679024
1923,623294945424,623302761472,7816048,4114784
1924,623302779264,623308019888,5240624,5126800
1925,623308036512,623314191280,6154768,4171888
1926,623314214192,623319590624,5376432,4640832
1927,623319609040,623325512704,5903664,5205936
1928,623325529568,623330800832,5271264,5019360
1929,623330818176,623336025232,5207056,4661664
1930,623336043616,623343035504,6991888,5258992
1931,623343054528,623348031264,4976736,4734544
1932,623348052912,623354201440,6148528,4935872
1933,623354218512,623359807616,5589104,4967120
1934,623359825040,623366076512,6251472,5313728
1935,623366093792,623371135584,5041792,4562496
1936,623371152608,623377230240,6077632,5444064
1937,623377247696,623382909264,5661568,4634832
1938,623382926368,623388024048,5097680,5370496
1939,623388041248,623394150848,6109600,4695904
1940,623394210272,623399322736,5112464,4120272
1941,623399338928,623404963568,5624640,5244560
1942,623405049472,623411169504,6120032,4145264
1943,623411186032,623417188864,6002832,3821136
1944,623417205984,623422850528,5644544,5124976
1945,623422867728,623429109520,6241792,5500352
1946,623429125456,623434844064,5718608,4698816
1947,623434860864,623440779936,5919072,5583968
1948,623440819024,623446747056,5928032,4973744
1949,623446763824,623453060784,6296960,5233904
1950,623453077648,623458623280,5545632,4651488
1951,623458640032,623465067344,6427312,3942800
1952,623465091232,623470702176,5610944,5376160
1953,623470719504,623477072672,6353168,4720544
1954,623477089760,623482768576,5678816,5210368
1955,623482785872,623487888848,5102976,4251072
1956,623487959552,623494133408,6173856,5153616
1957,623494150272,623499278672,5128400,4263440
1958,623499310480,623504099808,4789328,3490064
1959,623504116752,623510224784,6108032,3595008
1960,623510242224,623516725136,6482912,4647792
1961,623516742624,623522423952,5681328,3933408
1962,623522449456,623529007920,6558464,3773280
1963,623529025424,623534981664,5956240,4915232
1964,623534999264,623541215568,6216304,4191232
1965,623541232512,623546867056,5634544,3363440
1966,623546884400,623551809856,4925456,3717824
1967,623551827616,623558186016,6358400,3347216
1968,623558205344,623563906560,5701216,5038368
1969,623563922928,623570116928,6194000,3732848
1970,623570170992,623575368000,5197008,3943280
1971,623575385152,623581521616,6136464,5037152
1972,623581540704,623586785056,5244352,4268512
1973,623586803648,623591275120,4471472,5246832
1974,623591294288,623595870128,4575840,3945536
1975,623595888000,623601517920,5629920,3830800
1976,623601536208,623606451328,4915120,3460128
1977,623606467392,623611224608,4757216,5907888
1978,623611241520,623617139840,5898320,6448672
1979,623617207440,623622331072,5123632,4519488
1980,623622347344,623626694512,4347168,3813568
1981,623626737408,623631412336,4674928,4881056
1982,623631428592,623635759552,4330960,4219168
1983,623635776128,623641797920,6021792,3989728
1984,623641814384,623646530768,4716384,5008960
1985,623646606048,623651474048,4868000,0
1986,623651491440,623657511200,6019760,0
1987,623657531232,623662779712,5248480,0
1988,623662796928,623669026544,6229616,0
1989,623669071312,623673972080,4900768,0
1990,623673990736,623678802880,4812144,0
1991,623678856352,623683263008,4406656,0
1992,623683280176,623690170896,6890720,0
1993,623690279184,623697619568,7340384,0
1994,623697637968,623703139056,5501088,0
1995,623703155728,623707952624,4796896,0
1996,623707970256,623713833680,5863424,0
1997,623713851120,623719052848,5201728,0
1998,623719069184,623724042576,4973392,0
1999,623724058816,623730051536,5992720,0
===CSV_END===
===================================================
===VMSTAT_START===
procs -----------memory---------- ---swap-- -----io---- -system-- ------cpu-----
 r  b   swpd   free   buff  cache   si   so    bi    bo   in   cs us sy id wa st
10  0      0 140960   2968  37248    0    0    19    13  280  197 50 30 20  0  0
 8  0      0 140960   2968  37252    0    0     0     0  628  414 11 40 49  0  0
 8  0      0 140960   2968  37252    0    0     0     0  628  414 10 42 49  0  0
 9  0      0 140960   2968  37252    0    0     0     0  634  415  9 42 49  0  0
10  0      0 140960   2976  37244    0    0     0   116  741  474 27 43 30  0  0
 9  0      0 140960   2976  37252    0    0     0     0  735  527 45 35 20  0  0
 8  0      0 140960   2976  37252    0    0     0     0  609  372  7 44 49  0  0
===VMSTAT_END===
