========================================
net_sender_li (pinger) — Scenario 3 reversed
EB corbos Linux Network Determinism
Metric: Round-Trip Latency (RTL)
========================================
Target:       10.0.1.1:5000
Probes:       2000
Protocol:     UDP
Period:       1 ms
Msg size:     64 B
Flood rate:   0 Mbps
Echo timeout: 10 ms

net_sender_li: SCHED_FIFO OK (priority 90)
Sending HELLO to 10.0.1.1:5000 (protocol=UDP)...
HELLO_ACK received — protocol=UDP
Starting ping-echo loop (2000 probes at 1 ms period)...


========== NET SENDER_LI (PINGER) RESULTS ==========
Probes sent:        2000
Echoes received:     124
Lost (no echo):     1877 (93.850%)
Elapsed:           7.900 s
RTL (us):
  Mean: 6001.950    Std dev: 1158.588
  Min:  4032.720    Max:     11952.768
  P50:  5857.952    P95:     7920.704
  P99:  9459.040    P99.9:   11952.768
IAJ (us):
  Mean: 4963.152    Std dev: 994.662
  Min:  3048.464    Max:     7950.048
  P50:  4864.624    P95:     6651.344
  P99:  7765.296    P99.9:   7950.048
===CSV_START===
index,send_time_ns,recv_time_ns,rtl_ns,iaj_ns
0,291952006864,291961465904,9459040,4864624
1,291961643824,291967330528,5686704,5134848
2,291967505584,291973465376,5959792,4835920
3,291973481792,291979301296,5819504,5589424
4,291979328864,291985890720,6561856,4281184
5,291985907136,291991171904,5264768,3048464
6,291991187648,291995220368,4032720,5829024
7,291995236144,292002049392,6813248,6942160
8,292002100384,292009991552,7891168,4030480
9,292010007696,292015022032,5014336,4925856
10,292015037264,292020947888,5910624,4628608
11,292021000416,292026576496,5576080,5429248
12,292026593232,292033005744,6412512,4779072
13,292033077120,292038784816,5707696,5315440
14,292038843152,292045100256,6257104,4805232
15,292045138816,292050905488,5766672,5735440
16,292050920368,292057640928,6720560,4091888
17,292057675664,292062732816,5057152,5772864
18,292062748128,292069505680,6757552,5377344
19,292069559104,292075883024,6323920,5044752
20,292075898864,292081927776,6028912,4112912
21,292081984160,292087040688,5056528,3810640
22,292087081536,292091851328,4769792,5188992
23,292091866544,292098040320,6173776,3566576
24,292098095200,292102606896,4511696,4406416
25,292102622976,292108013312,5390336,4978336
26,292108027776,292113991648,5963872,4107664
27,292114006272,292119099312,5093040,7950048
28,292119132656,292128049360,8916704,6437680
29,292128879776,292135487040,6607264,5092016
30,292135502592,292141579056,6076464,4486336
31,292141595088,292147065392,5470304,3955568
32,292147124912,292152020960,4896048,5543360
33,292152036176,292158564320,6528144,5544608
34,292158579936,292165108928,6528992,4736096
35,292165133712,292170845024,5711312,4147776
36,292170860640,292175992800,5132160,5421024
37,292176007520,292182413824,6406304,5527520
38,292182463232,292188941344,6478112,4989072
39,292188986144,292194930416,5944272,5228512
40,292194979200,292201158928,6179728,6938400
41,292201176624,292209097328,7920704,7057840
42,292209112816,292217155168,8042352,5680336
43,292217170976,292223835504,6664528,6311936
44,292223883312,292231147440,7264128,6302912
45,292231163120,292238450352,7287232,6651344
46,292238465200,292246101696,7636496,7765296
47,292246117248,292258070016,11952768,6192192
48,292258126544,292266835312,8708768,7064144
49,292266851456,292274027504,7176048,6365424
50,292274044752,292282091648,8046896,5112576
51,292282107696,292289457072,7349376,5617200
52,292289473360,292295569648,6096288,6565200
53,292295585536,292302186848,6601312,4530960
54,292302203872,292309752048,7548176,5086960
55,292309767856,292315283008,5515152,5147632
56,292315336624,292321369968,6033344,6115120
57,292321385280,292327517600,6132320,6416736
58,292327532816,292334632720,7099904,5865360
59,292334656144,292342049456,7393312,5244672
60,292342075520,292348914816,6839296,6143344
61,292348931600,292355159488,6227888,4709984
62,292355175760,292362302832,7127072,5738400
63,292362319616,292368012816,5693200,4116320
64,292368029184,292374751216,6722032,5620912
65,292374767008,292379867536,5100528,5408512
66,292379883184,292386488448,6605264,4729248
67,292386504320,292392896960,6392640,4421680
68,292392912912,292398626208,5713296,5723184
69,292398642784,292404047888,5405104,4009776
70,292404647424,292410771072,6123648,5625744
71,292410786192,292415780848,4994656,5651840
72,292415796032,292422406592,6610560,5246240
73,292422425312,292429058432,6633120,4592176
74,292429099632,292435304672,6205040,4822256
75,292435320352,292440896848,5576496,5962784
76,292440912752,292446719104,5806352,6203040
77,292446759904,292453681888,6921984,5422336
78,292453698416,292460884928,7186512,5403168
79,292460901600,292467307264,6405664,4674048
80,292467323360,292473710432,6387072,5022256
81,292473770784,292479384480,5613696,4252128
82,292479408256,292485406736,5998480,4062320
83,292485422016,292490658864,5236848,4986896
84,292490674240,292495721184,5046944,4236912
85,292495736112,292501708080,5971968,4006640
86,292501740224,292506944992,5204768,6455856
87,292506960752,292511951632,4990880,5737008
88,292511966768,292519407488,7440720,3474928
89,292519423104,292526144496,6721392,3469648
90,292526160560,292530619424,4458864,4699280
91,292530635264,292535089072,4453808,4110368
92,292535104176,292540788352,5684176,4396432
93,292540804416,292545898720,5094304,4811536
94,292545913344,292551295152,5381808,4135264
95,292551310288,292557106688,5796400,3519744
96,292557122464,292562241952,5119488,3301456
97,292562257136,292566761696,4504560,4882016
98,292566778176,292571063152,4284976,4255968
99,292571087216,292576945168,5857952,3493664
100,292577008384,292582201136,5192752,3358848
101,292582216336,292586694800,4478464,4806224
102,292586710720,292591053648,4342928,3784592
103,292591123568,292596859872,5736304,4199360
104,292596877664,292601644464,4766800,3247296
105,292601659904,292606843824,5183920,5333648
106,292606859488,292611091120,4231632,4423376
107,292611113600,292617424768,6311168,5489584
108,292617443808,292622848144,5404336,4265360
109,292622863712,292629337728,6474016,3325792
110,292629353008,292634603088,5250080,3964784
111,292634618336,292638928880,4310544,4770480
112,292638943712,292643893664,4949952,4143952
113,292643908304,292649664144,5755840,3487856
114,292649679312,292654808096,5128784,4702000
115,292654822784,292659295952,4473168,4063808
116,292659310672,292664997952,5687280,3826320
117,292665013296,292670061760,5048464,3917696
118,292670114608,292674888080,4773472,4487152
119,292674903056,292679805776,4902720,4106176
120,292679820944,292685292928,5471984,3720912
121,292685329344,292690399104,5069760,4818800
122,292690454016,292695120016,4666000,0
123,292695172672,292700938816,5766144,0
===CSV_END===
===================================================
===VMSTAT_START===
procs -----------memory---------- ---swap-- -----io---- -system-- ------cpu-----
 r  b   swpd   free   buff  cache   si   so    bi    bo   in   cs us sy id wa st
10  0      0 142236   2528  37208    0    0    41    13  272  189 48 30 22  0  0
11  0      0 142116   2528  37212    0    0     0     0  629  390  7 45 49  0  0
 9  0      0 142116   2528  37212    0    0     0     0  607  459  9 42 49  0  0
 9  0      0 142116   2536  37204    0    0     0   116  627  457 11 43 44  2  0
10  0      0 142116   2536  37212    0    0     0     0  603  469 10 41 49  0  0
10  0      0 142116   2536  37212    0    0     0     0  593  459 10 41 49  0  0
 9  0      0 142116   2536  37212    0    0     0     0  635  386  9 42 49  0  0
===VMSTAT_END===
