HI_NET_PING_START run=10
Probes: 2000  |  Protocol: UDP  |  Period: 1 ms  |  Msg: 64 B
hi_net_ping: sending HELLO to 127.0.0.1:5002 (protocol=UDP)...
[echo] HELLO — protocol=UDP  n_probes=2000
hi_net_ping: HELLO_ACK received
[echo] HELLO_ACK sent
hi_net_ping: starting ping-echo loop (2000 probes at 1 ms)...
[echo] run #10 — echoing probes
========== HI_NET_PING RESULTS ==========
Probes sent:        2000
Echoes received:    1873
Lost (no echo):      130 (6.500%)
RTL (us):
Mean: 4187.301    Std dev: 801.164
Min:  2393.680    Max:     12846.016
P50:  4043.360    P95:     5422.704
P99:  6983.184    P99.9:   11366.528
IAJ (us):
Mean: 3648.344    Std dev: 766.696
Min:  1823.120    Max:     9352.416
P50:  3522.816    P95:     4924.672
P99:  6421.536    P99.9:   9096.768
===CSV_START===
index,rtl_ns,iaj_ns
0,9100832,5273952
1,5827440,4463792
2,5060992,2633856
3,3335760,3425184
4,4015200,2843120
5,3512400,3119280
6,3773152,3638640
7,4117920,3556592
8,4200336,4153216
9,3997136,4555104
10,5207792,4049776
11,4611664,3959584
12,4633536,3272416
13,3999424,4425344
14,4949248,3174192
15,3693824,3805712
16,4391168,3241456
17,3877040,3229904
18,3918768,4241888
19,4969744,3221408
20,3882976,3767456
21,4348336,4164768
22,4736528,2924384
23,3530752,2973632
24,3649648,3443440
25,4093200,3538880
26,4171104,4792928
27,4849696,3884832
28,4570528,3685312
29,4312912,4371328
30,5071120,3251824
31,3938032,4227744
32,4843008,3567408
33,4152128,3603568
34,4214912,3311376
35,4034080,4039776
36,3909616,3217952
37,3941600,3224144
38,3880288,3139488
39,3807712,4078304
40,4770288,3454128
41,4084720,3663408
42,4272048,5254160
43,5942976,4213216
44,4810320,3606016
45,4188064,3365808
46,4060096,5054272
47,5174000,4512016
48,5025824,3219056
49,3938000,4104368
50,3607648,2808896
51,3438272,2936208
52,3566096,3425200
53,4065888,3358464
54,3963552,3377408
55,3939632,3742336
56,4384304,2850976
57,3413136,3663008
58,4229520,3462128
59,4011952,3525648
60,4167216,3576192
61,3542720,3408016
62,4056416,4113024
63,4673776,4102864
64,4609264,3397456
65,3952640,4527456
66,5156864,3338144
67,3867936,3834464
68,4471136,1873488
69,2442688,4100896
70,4705152,2939152
71,3529360,3275152
72,3837488,3555744
73,4148032,3884336
74,4381408,4250016
75,4282800,3280656
76,3904656,3506736
77,4122576,3611728
78,11366528,3405456
79,4110080,2175008
80,3996272,4806176
81,2769504,4754256
82,4981696,4402672
83,4411968,2439792
84,4644944,3173952
85,3035568,9352416
86,3726448,7326912
87,9951056,8191424
88,7778656,5784096
89,8712768,4706544
90,6196064,5190576
91,5278560,3043040
92,5490272,3345136
93,3663584,3478608
94,4016528,3723296
95,3996544,4307600
96,4096592,4015328
97,4798640,2944272
98,3787680,3376192
99,3486080,3268944
100,3855808,3465808
101,3790256,3966176
102,4082624,2979312
103,4395312,2955744
104,3536144,3458464
105,3564320,3326272
106,4029776,4006240
107,3959568,3195568
108,3563296,3315376
109,3820752,3265680
110,3773264,3892816
111,3900128,4350736
112,4443808,5999840
113,4721328,4952480
114,5946128,3371088
115,5335408,2909888
116,3983264,4463104
117,3579056,3484528
118,5039120,4027152
119,4021968,4738800
120,4420800,3591984
121,4006096,3474992
122,4245584,3639840
123,4042880,4600320
124,4153360,3403360
125,5224464,6562528
126,3852256,4077744
127,7116384,3606448
128,4710768,2632208
129,4037328,4287712
130,3266704,4057792
131,4970448,3651568
132,4629040,4219968
133,4310208,2948880
134,4831200,3014496
135,3509456,3867424
136,3577904,4305040
137,4410992,3351856
138,4911024,3897088
139,3930448,3930176
140,4459216,3355456
141,4586720,4373088
142,4011680,3403856
143,5050896,3318176
144,4045648,4193984
145,3968448,5222416
146,4856816,3189136
147,5899728,3418128
148,3793632,4305504
149,4119360,3874064
150,4928368,3417600
151,4470544,3120720
152,4107744,4283328
153,3239680,4114384
154,4142640,2727936
155,4723136,3488224
156,3220368,3594800
157,4017872,4718048
158,4240944,3194032
159,5193088,4227264
160,3852352,3353504
161,4879168,3260112
162,4020592,3839888
163,3925312,4250000
164,4466672,3821760
165,3888848,4300816
166,4429728,3518432
167,4883456,3810912
168,4225184,3487136
169,3580000,3935840
170,4110688,3541760
171,4472192,2960608
172,4116240,3818080
173,3638864,3727072
174,4366624,3793824
175,4381344,3136000
176,3610608,3958128
177,3757184,3747168
178,4477696,2753920
179,4037760,4071120
180,3362336,4351408
181,4597152,3176704
182,4990832,3223632
183,3784784,4458624
184,3898112,2989120
185,5050896,2958528
186,3664096,3508544
187,3616512,3810560
188,4096080,4144144
189,4386656,3239872
190,4075264,3969920
191,3905616,4040320
192,4659504,3109792
193,4609984,4011232
194,3800416,3662704
195,4660352,4074752
196,4159792,3686032
197,4679232,3365264
198,4082688,4559296
199,3903296,3119472
200,5108304,3073744
201,3779936,3184112
202,3649104,3843184
203,3851584,4796624
204,4393392,3854544
205,5208400,2980064
206,3632960,3225824
207,3535456,4940608
208,3932096,5811168
209,4853888,4292624
210,6413248,3952208
211,4784720,4608672
212,4329712,4020640
213,4356768,3402176
214,4601904,3881104
215,3980448,4182448
216,4362944,3118592
217,4063424,4205568
218,3704416,3211168
219,4666464,2579424
220,3816880,3616688
221,3059744,3322432
222,3914016,3951792
223,4006320,3671632
224,4404000,3194576
225,3500640,3914048
226,3850192,3883152
227,4302544,3969600
228,4403696,3975600
229,4317968,3293472
230,4629472,3241728
231,3918416,3663744
232,3903232,3977680
233,4189600,2049888
234,4311296,3897104
235,2611232,3321488
236,4353824,3774160
237,3908368,4630752
238,4059008,4000016
239,4256960,3681792
240,4618048,3511472
241,4223136,4279216
242,4038064,3313376
243,3764048,4104496
244,3926368,3098640
245,4628288,3165488
246,3540672,3444144
247,3696096,3490368
248,3918976,3261712
249,4047728,4013520
250,3914704,3073072
251,3657408,3481120
252,3562112,4066864
253,4059408,3289200
254,4648784,3857792
255,3799584,3395312
256,4389616,3968640
257,4039728,3016624
258,3768528,3234592
259,3660672,4237136
260,3846656,2664224
261,4680304,3657920
262,3255152,3251376
263,4118608,2835328
264,3843024,3179040
265,3475728,3876384
266,3793984,3661984
267,4348112,3167008
268,3420256,3103984
269,3823072,3752224
270,3726784,3786544
271,4243696,4039920
272,4301776,3397728
273,4615088,4189024
274,4017328,3469104
275,3993152,3885376
276,4110128,3289040
277,4477024,3112000
278,3818720,3612576
279,3707648,3317424
280,4227568,4073392
281,3950256,3565552
282,4760992,4450352
283,4280880,3064608
284,5082224,3409328
285,3648224,4491472
286,4017872,3388736
287,5121264,3918496
288,4046080,3413312
289,4394640,3215392
290,3835344,2573168
291,3850416,3172272
292,3153024,3869744
293,3679968,3186736
294,4268160,3542672
295,3809936,4313072
296,4216368,3165504
297,4299856,4330384
298,3788976,3065456
299,4894112,2658144
300,3698224,3525952
301,3363168,2878864
302,4048432,2805088
303,3597712,3792704
304,3554192,4289168
305,4369840,2817344
306,4868864,3987632
307,3484512,3674448
308,4689456,3015184
309,4381536,3952144
310,3569840,3486912
311,4542656,3147536
312,4039584,3887808
313,3306352,2990368
314,4024192,2864816
315,3629488,2964640
316,3462032,3387792
317,3665184,3751120
318,3973920,3499408
319,4307952,3600176
320,4056928,2918736
321,4208320,3308512
322,3559520,3556800
323,3885392,4216576
324,4198960,3229296
325,4884832,3687600
326,3889216,4372208
327,4346368,3297792
328,5015840,4305856
329,3986640,3358384
330,4924672,3176624
331,4036416,3713952
332,3886992,3678912
333,4203920,2810592
334,4058192,3805056
335,3416800,3360128
336,4344688,3778304
337,4025216,3230624
338,4442192,3626144
339,3821744,3072352
340,4319200,2795808
341,3710880,4492640
342,3393344,3282032
343,5174800,2958208
344,3858704,3253872
345,3597200,3365776
346,3965888,3457024
347,4005280,4385472
348,4148208,4072560
349,4348000,3278304
350,4699216,3325024
351,3869680,3881232
352,3880096,4169280
353,4416288,4095712
354,4076192,4032272
355,4709584,3233872
356,4545360,4575520
357,3934240,3051408
358,5220208,3761504
359,3751136,4250640
360,4376352,3192768
361,4741936,3234832
362,3810144,4652000
363,3877824,4666288
364,5330752,3203440
365,5341008,3415488
366,3851344,5192144
367,4103408,4546784
368,5820192,3310016
369,5226336,4052160
370,3998448,3573632
371,4704208,3034016
372,3984736,3723824
373,3717248,4297920
374,4407488,3291152
375,4917280,4382720
376,3953888,3356416
377,5071584,3378320
378,3984096,3602224
379,3871296,3036864
380,4279504,3516256
381,3457552,3002112
382,4104928,3103584
383,3619504,2966224
384,3694592,3631600
385,3600224,4371968
386,4283424,3564944
387,4991536,4731168
388,4238480,3082976
389,5320640,3151168
390,3757824,4028944
391,3795984,3104608
392,4662304,3137872
393,3699936,3162576
394,3829376,3311456
395,3853552,3818480
396,3850176,3515152
397,4460640,3376128
398,4177872,3639664
399,4021632,4470000
400,4277360,3458256
401,5098160,3600640
402,4156416,3653888
403,4251520,3316784
404,4267008,3508768
405,3777072,4726688
406,4206256,3950736
407,5356896,3399360
408,4606832,3772816
409,3991648,3351872
410,4341488,3197488
411,3994496,4461792
412,3926416,4643952
413,4120912,3507760
414,5131856,4446976
415,4084320,3842816
416,5092768,4017008
417,4260080,2879440
418,4690032,3544240
419,3489168,3129840
420,4001664,3597520
421,3843296,3883088
422,4275504,4650832
423,4031760,3310240
424,5252064,3443232
425,3926000,4512224
426,4016576,3433776
427,4958016,4135792
428,4119680,3147136
429,4812560,3275968
430,3661488,4091264
431,3933136,4100880
432,4636000,4117616
433,3947024,3810608
434,4686560,3781056
435,4180608,4576864
436,4260912,4555888
437,5202912,3955232
438,5142016,4029184
439,4479776,3670224
440,4738240,4405952
441,4289392,3346288
442,5056688,3383888
443,3982624,4073408
444,3950288,3345472
445,4757168,4621616
446,4013360,3645488
447,5044064,4418464
448,4263136,3069808
449,4964512,3879920
450,3779840,3709296
451,4464112,3778384
452,4223888,3746704
453,4430448,3878672
454,4283280,4375360
455,3792768,4169360
456,4959664,4412208
457,4711824,2782128
458,4977296,3405296
459,3483040,4000304
460,4042576,3973168
461,4663744,3339344
462,4647984,3061552
463,3966976,2729024
464,3717136,2880560
465,3438112,2611904
466,3548464,3180336
467,3298960,3847008
468,3803888,3530016
469,4493088,3448592
470,4185552,3100688
471,3549216,3169056
472,3710768,3580000
473,3835280,4119760
474,4190752,3345520
475,4750096,2822864
476,3943792,4015312
477,3454848,3292464
478,4657168,4054896
479,3988160,3536384
480,4096464,4239344
481,4202672,2744768
482,4801072,3307616
483,3435472,3044496
484,3928944,3402784
485,3625136,3704336
486,4022736,3672816
487,4204304,3416064
488,3800816,3200320
489,4030864,3922288
490,3817488,3376000
491,4429120,2704624
492,3963280,3720176
493,3255776,3410032
494,4355808,3377360
495,4118304,3166624
496,3907072,3194992
497,3252992,4145904
498,3306576,4925056
499,4085600,3251760
500,5441712,3182272
501,3915712,4149520
502,3787296,3577856
503,4842736,4052064
504,4178992,3339632
505,4752016,3581072
506,3795072,4944432
507,4166752,3661968
508,5588832,4185616
509,4226992,3583120
510,4830848,3764208
511,4239040,3405920
512,3684448,3652080
513,3969664,4027360
514,4338288,3591840
515,4699376,3144288
516,4176208,3443840
517,3810416,4042096
518,4010336,3241072
519,4754496,4425440
520,3948624,3764192
521,5069984,3302400
522,4439136,5071216
523,3875984,4643248
524,5735312,5533296
525,5302288,3285904
526,6061584,3794224
527,3959856,8127680
528,4308592,6682432
529,8816592,4596192
530,4860832,3109584
531,5303728,3919072
532,3708544,3585888
533,4450944,1823120
534,4166992,4389200
535,2427680,2341008
536,4590656,3658112
537,2921184,3656000
538,4032384,4240496
539,4209568,2993088
540,4026976,3031168
541,3633280,3181952
542,3646048,3211984
543,3668272,3894464
544,3748880,3644032
545,4325248,2885840
546,4066928,1993472
547,3508160,3970912
548,2590512,1828000
549,4521424,5036384
550,2522336,4149088
551,5580704,2950128
552,4790816,4067088
553,3547776,3725040
554,4417792,3249312
555,4270864,3364160
556,3715024,3713904
557,3964176,3166784
558,4107200,4177616
559,3167136,2789936
560,3592512,2979088
561,3371312,3643744
562,3595168,3404544
563,4278832,4198896
564,4013520,3613920
565,4688352,4193584
566,4180128,3399072
567,3820800,3732144
568,3974032,3072192
569,4379616,3992672
570,3597424,4975440
571,4489232,3628048
572,5555280,3947392
573,4124480,2340896
574,4491088,3752832
575,2955696,3968096
576,4190208,4177968
577,4397200,3463296
578,3993680,4206208
579,4104208,3354352
580,4529328,3618224
581,3838336,4011136
582,4140448,3102432
583,4645632,3449232
584,3627920,3450496
585,3965136,5192016
586,4039792,3823872
587,5534448,3244720
588,3760784,3282304
589,3895936,3227408
590,3965168,3649040
591,3647872,3869264
592,4108704,2181920
593,4351152,3671600
594,2759616,3671072
595,3998576,4452416
596,4259680,4059200
597,5092928,4032368
598,4658096,3883376
599,4494080,3749440
600,4442208,3593792
601,3744352,3469376
602,4241248,3746960
603,3889152,3077696
604,4453952,3428128
605,3615168,3948688
606,3949984,3867936
607,4414688,3188608
608,3792336,2954160
609,3817984,2853024
610,3547088,2879072
611,3534192,3176832
612,3505872,3225024
613,3828896,3441552
614,3871168,4118480
615,4023872,3188112
616,4655120,3234848
617,3751360,3928368
618,3837280,4398432
619,4482768,3705552
620,4146480,3725504
621,4151744,3036272
622,4138624,3180928
623,3641200,2788384
624,3794592,3699936
625,3369792,4318928
626,4287664,3276752
627,4895264,4405296
628,3932768,2900160
629,4943600,5382816
630,3445904,3559328
631,5854848,5336240
632,3952000,4108704
633,5856768,3141024
634,3984480,3308464
635,3695312,3310912
636,3912224,2856864
637,3904128,3225248
638,3468048,2612256
639,3804640,3564304
640,3260592,4136288
641,4044992,2058208
642,4601552,3950512
643,2656448,3967328
644,4368368,3713424
645,4449808,3109968
646,3479088,3435024
647,3767488,3901840
648,4023168,3662432
649,4473024,3439680
650,4117936,3451072
651,3960896,4380544
652,4002992,3209536
653,4964624,3773840
654,3819280,3786272
655,4205872,3404768
656,4128048,4549536
657,3991088,3290048
658,4989216,3613696
659,3791264,3961776
660,4171120,2026112
661,4506592,3959936
662,2503248,3407584
663,4512912,3652064
664,3988576,4490512
665,4155744,3099760
666,4037376,3502640
667,3753536,2990048
668,3923040,4080928
669,3639376,2999248
670,4745632,1953680
671,3501264,3042080
672,2554336,3940832
673,3602432,2063376
674,4483408,3677968
675,2749456,2446544
676,4073120,3882176
677,3049184,3400912
678,4444336,3729248
679,3999056,4353168
680,4332144,3284592
681,4113360,3327152
682,3922528,4117936
683,3847424,3722832
684,4648752,4222496
685,4261552,3619360
686,4069072,3509664
687,4126800,4204160
688,4066896,4823680
689,4576400,4253136
690,5430080,3109648
691,4829824,3647120
692,3572992,3805968
693,4142544,3651232
694,4334112,2999936
695,3678256,3549472
696,3565648,3335888
697,4164352,2693104
698,3938640,3050176
699,3333696,3126512
700,3622432,3105488
701,3617616,3674688
702,3698560,4412304
703,4198304,4210336
704,4918096,3229664
705,4829344,3253408
706,3695984,2962336
707,3814656,3596208
708,3558336,4439152
709,4156496,3400592
710,4890224,3915584
711,3924816,3477840
712,4459264,3417136
713,4171008,4611952
714,3954112,5260432
715,5209232,3158144
716,5529568,3173264
717,3742016,3765056
718,3754576,3568016
719,4415712,2777936
720,3964032,2159376
721,3361696,4562640
722,2628032,3471472
723,5065104,3774208
724,4013200,3229264
725,3537712,3136016
726,3867648,3975824
727,3767552,3399952
728,4442496,3087968
729,3940224,3480368
730,3636784,3105616
731,4046256,3625392
732,3687584,4242928
733,4264976,2814288
734,4003312,3394720
735,3420000,3227920
736,3608560,3652816
737,3810256,3658048
738,4283600,3267120
739,4178304,2961120
740,3804944,3944176
741,3524784,3602368
742,4383136,2951008
743,3525168,4103440
744,3373152,4253744
745,4765520,2383840
746,4851040,3748384
747,2855776,3998912
748,4143024,4178832
749,4459872,3273344
750,3963216,3939936
751,3816960,3413008
752,4509824,3451648
753,3832192,4915776
754,3884960,3332416
755,5523824,3953120
756,3870256,3585056
757,4461536,4912928
758,4104080,4390048
759,5296400,3135872
760,4746032,3184704
761,3688704,3715712
762,3685568,4432896
763,4220976,3219552
764,4962992,3686912
765,3790400,3945520
766,4263440,2373312
767,4419200,3467168
768,2876000,3716368
769,3771968,4905600
770,4217824,3400864
771,5392032,4386080
772,3894288,4083232
773,4954144,4441632
774,4542880,4008944
775,4032944,3398128
776,4450688,2558800
777,4004976,3140464
778,3072544,3420928
779,3683184,2780176
780,3957840,7818064
781,3294800,4478096
782,8480032,3113200
783,5112272,5361728
784,3572864,4532016
785,5904944,3611952
786,5105824,4820560
787,4029744,4989312
788,5420080,4474416
789,5608208,4993168
790,5006128,3932640
791,5456640,4406720
792,4515920,3750528
793,4901776,4488176
794,4215472,5079088
795,4294560,6421536
796,4839152,7599552
797,6983184,4102704
798,7951552,3048144
799,3726608,2900352
800,3732400,3156848
801,3491616,3440480
802,3800688,3969424
803,4025232,3374336
804,4452976,3985888
805,3631408,4381104
806,4568560,3362864
807,5057808,3308080
808,3959792,3733504
809,3857392,3112560
810,4246816,3323600
811,3648960,1975536
812,3885424,4110592
813,2478624,3411568
814,4637856,4841136
815,3987216,3102368
816,5325056,3562784
817,3753776,3976960
818,4049424,3636896
819,4411232,4597072
820,4229808,3004112
821,5164752,3132000
822,3507072,3025584
823,3727920,3413280
824,3524112,3303328
825,3954064,5917920
826,3925760,3556512
827,6475952,4463872
828,4068192,3923136
829,5135504,3990864
830,4465056,3468336
831,3749184,2581264
832,4050544,2850608
833,3199344,3281520
834,3490704,3062704
835,3930496,3217888
836,3678080,3297216
837,3845408,3076288
838,3856032,3207712
839,3608048,3031680
840,3819776,3794960
841,3555520,2833040
842,4335920,3776400
843,3404272,3701296
844,4310768,3800816
845,4213536,4034048
846,3614400,4215088
847,4389200,3657120
848,4612208,4110528
849,4190096,2909184
850,3903824,3092608
851,3530880,3732736
852,3733136,3316464
853,4263200,4112800
854,3799920,2339792
855,4532256,3546304
856,2778272,1988032
857,3999712,4012352
858,2568704,4149392
859,4464032,5512704
860,4616224,3848832
861,5285184,4527216
862,4382112,2969472
863,5016576,3041536
864,3600736,3047088
865,3669552,3436800
866,3562592,4729216
867,4013728,3286000
868,5262464,4812064
869,3847536,2774688
870,5368064,3231680
871,3378960,3558400
872,3854032,3771824
873,4075472,3467648
874,4447200,2089968
875,4028048,3915104
876,2701088,3686656
877,4341808,3933504
878,4193888,3124432
879,4517648,3444800
880,3768384,3458320
881,3972928,4192464
882,4119424,3822832
883,4817968,5693744
884,4421440,3477568
885,5171696,3427008
886,3967472,5506272
887,3932656,4027184
888,5998512,3421520
889,4648272,4675344
890,4021200,3313664
891,5118352,3181456
892,3809456,3420720
893,3741744,4528688
894,4015056,4639952
895,4938208,3560784
896,5193424,4229632
897,4145488,3192080
898,4750048,3677776
899,3788768,4115968
900,4303520,3136528
901,4758512,3488448
902,3678384,4044352
903,4040032,2253264
904,4614816,4188928
905,2832464,3653168
906,4628400,4321696
907,4244720,3446032
908,4876016,4195216
909,3807552,3663392
910,4689312,4671888
911,4105952,3277360
912,5237712,3896224
913,3863936,4186256
914,4316448,5056928
915,4630368,3284560
916,5655136,3079808
917,3879968,3864784
918,3632672,3303424
919,4467744,3284240
920,3821264,2797856
921,3850912,3421760
922,3361504,4994448
923,3927600,3910928
924,5460272,4091232
925,4318400,3769456
926,4434544,4160096
927,4249344,3665504
928,3919856,4338576
929,4223472,4390480
930,4782384,3088528
931,4885392,3534000
932,3683936,3176240
933,4167008,4297840
934,3738896,2156512
935,4865136,4556096
936,2686816,3644112
937,5004000,4753504
938,4218912,4039872
939,4128672,2024464
940,4572528,4017536
941,2612784,3609824
942,4530032,4242816
943,4214032,3518544
944,4882016,4254176
945,4090992,3297696
946,4675920,3820752
947,3783072,5191056
948,4347952,3977056
949,5798368,3836432
950,4533728,4015168
951,4436416,3806864
952,4632368,2793808
953,4417600,3568320
954,3426112,4012720
955,4142128,3024112
956,4448672,3411392
957,3587264,3629376
958,4020864,4772720
959,4143712,3758224
960,4395136,3002192
961,4220496,3704480
962,3441936,2530320
963,10818112,3999664
964,4346800,4750416
965,3003296,3774816
966,4334272,3318608
967,5293712,3680640
968,4395040,3957808
969,3833312,6141360
970,4152720,6351424
971,4478288,4756496
972,12846016,3675296
973,6748544,3840368
974,5361952,3231440
975,5069376,5482176
976,4153312,4149056
977,4213296,4137488
978,3762672,4254448
979,6090496,3642336
980,4853328,3675776
981,4706880,3513856
982,4971536,2767504
983,4312880,3279552
984,4270704,2644272
985,4139584,3054848
986,3382336,3232960
987,3758272,2681392
988,3297904,3534016
989,3578192,3093440
990,3924608,2573888
991,3290112,3122144
992,4268352,3252032
993,3687888,3228144
994,3207264,3448672
995,3804736,3279200
996,3922240,3884576
997,3874944,3230688
998,3961584,3924912
999,3980960,4537344
1000,4028304,3259104
1001,3948352,2984784
1002,4473952,3248784
1003,5095968,4162640
1004,3951296,3606576
1005,3714080,3698608
1006,3915888,2958448
1007,4314848,3222624
1008,4225216,3199280
1009,4398672,3159408
1010,3495376,3441472
1011,3740688,3354688
1012,3896448,4179456
1013,3816064,3479536
1014,4072816,3820736
1015,4069456,4684560
1016,4861440,4373200
1017,4104320,4929552
1018,4449136,2912176
1019,5207984,3333632
1020,4241040,3329072
1021,5540672,4924672
1022,3585824,5092880
1023,3988528,5810736
1024,4052128,3791584
1025,5645264,5930096
1026,5545152,4125552
1027,6559712,3591616
1028,4460848,3780368
1029,6582592,2734288
1030,4851024,3133888
1031,4198112,3478016
1032,3801392,4199808
1033,3421776,2901472
1034,3846944,3265312
1035,3833568,2879600
1036,4719376,2783456
1037,3609488,4375408
1038,3849920,5017552
1039,3405424,3577824
1040,3366624,3196400
1041,4988832,3674448
1042,5678496,2828896
1043,4301776,3140720
1044,3788304,4040256
1045,4153472,3585152
1046,3414096,3398432
1047,3782208,2879216
1048,4599360,3368256
1049,3631856,3791696
1050,4026592,3352064
1051,3536352,2952704
1052,4045584,3080112
1053,4369280,3382720
1054,3904416,3409280
1055,3656928,3358336
1056,3646784,3236352
1057,4022640,4251248
1058,4128368,4334080
1059,4072752,3455008
1060,3967824,3566928
1061,4327392,4829568
1062,4914384,3805008
1063,4046192,3360064
1064,4163232,3613120
1065,5535904,3646992
1066,4376720,3343120
1067,3917824,4036336
1068,4114288,3741392
1069,4310336,3885136
1070,4079216,3452640
1071,4157696,3541104
1072,4420800,5854416
1073,4592496,3309776
1074,4102848,2845840
1075,4137456,3207536
1076,6577856,3476560
1077,3938672,4662080
1078,3493088,3257648
1079,3824752,4932624
1080,4148704,3517296
1081,5298272,3303680
1082,3917520,3907216
1083,5478624,4843040
1084,4073968,3179872
1085,3989296,3390384
1086,4082304,3267984
1087,5285888,3034448
1088,3704496,3218304
1089,4070048,4062096
1090,3933104,4654944
1091,3785872,3597920
1092,3924720,3817488
1093,4078656,4060944
1094,5238896,3162944
1095,4194768,4203584
1096,4367648,2880192
1097,4093152,2945568
1098,3743952,3762800
1099,4929824,3185488
1100,3507360,3095952
1101,3512976,3751312
1102,4463584,3815168
1103,3860032,2906144
1104,3751984,4537536
1105,4337200,3195344
1106,4005760,2850208
1107,3612992,3154400
1108,5101872,2721280
1109,3652128,3937232
1110,3502448,3332608
1111,3769456,3545312
1112,3433984,4431680
1113,4617824,4204720
1114,3990480,3093552
1115,4242016,2679792
1116,4276032,3213232
1117,4836112,3300816
1118,3739888,3553472
1119,3360752,3233600
1120,3722272,3854560
1121,3978944,3391152
1122,4149664,3332960
1123,3937328,3612176
1124,4591104,4703040
1125,4000288,4121872
1126,3923120,3563168
1127,4253232,4597216
1128,5307888,3101664
1129,4790992,5106576
1130,4235232,3595664
1131,5147648,3208160
1132,3692192,4095968
1133,5660992,3781424
1134,4195824,3816864
1135,3831824,3923040
1136,4582912,4244976
1137,4310096,1965040
1138,3622336,4245344
1139,4358080,3946160
1140,4837040,4002256
1141,2554544,3202416
1142,4649904,3061440
1143,4506208,3252192
1144,3756880,4347088
1145,3441808,4997936
1146,3623920,3108544
1147,3845632,3243472
1148,4993712,3425328
1149,5505024,3882480
1150,3749744,2733200
1151,3825696,3413408
1152,4010896,2164368
1153,4522384,3198496
1154,3167264,3952528
1155,3821552,3060080
1156,2725184,3777520
1157,3754048,5438032
1158,4384256,3382032
1159,3672032,3409232
1160,4328384,3419488
1161,6055024,3407392
1162,3827616,4140736
1163,3952176,3243952
1164,4004304,3237296
1165,4009280,3898400
1166,3838752,2766928
1167,3733360,3248096
1168,3826352,3043760
1169,4343616,3056368
1170,3297968,1862336
1171,3740592,3629520
1172,3599312,4398816
1173,3485376,4393488
1174,2393680,3030192
1175,4117712,2805216
1176,4717200,3760272
1177,4943040,4294304
1178,3664928,2079008
1179,3431072,3366992
1180,4415552,3835056
1181,4650224,4588336
1182,2509280,4312736
1183,3718816,4827552
1184,4214672,4383088
1185,5295568,5135968
1186,4895152,2885584
1187,5487152,4465728
1188,5054608,3353696
1189,5765120,2912064
1190,3546304,5269840
1191,4780688,3145248
1192,3922256,3512400
1193,3439248,2885200
1194,5920272,4638560
1195,3796400,3975232
1196,4034912,3413568
1197,3617376,3462640
1198,5268464,3290576
1199,4379696,3340160
1200,4165424,3297216
1201,4094864,3475232
1202,3911936,3327008
1203,4069072,3293984
1204,4018768,3495456
1205,3516416,4325824
1206,4008992,2607744
1207,3939920,3007728
1208,4126784,3544336
1209,4944576,2888272
1210,3262880,3510592
1211,3604592,3945552
1212,4066928,3603024
1213,3544224,3762608
1214,4124480,4591584
1215,4614464,3063024
1216,4238528,3276816
1217,4330144,4356064
1218,5036560,3992832
1219,3771168,3329280
1220,3766560,3253456
1221,5016176,3682720
1222,4546256,4350080
1223,3856176,3024928
1224,3839152,2858160
1225,4102736,2992736
1226,5054080,3213408
1227,3546192,2829072
1228,3558208,3485088
1229,3664272,7223216
1230,3858672,5449728
1231,3467008,4220752
1232,4149376,3217232
1233,7891104,2798592
1234,6039040,2428064
1235,4224944,3557568
1236,3860768,2950192
1237,3522512,2765504
1238,3111360,2775664
1239,4194576,3513152
1240,3582448,2643392
1241,3378752,2993968
1242,3450832,3060768
1243,4226480,2288848
1244,3320640,3505264
1245,3633280,2486208
1246,3687136,3628592
1247,3003456,2248960
1248,3389200,4221632
1249,3170976,2840560
1250,3476464,2729840
1251,2932080,2841392
1252,4231648,3351600
1253,3420208,3092336
1254,3422080,2994320
1255,3416288,2916640
1256,4033904,2791904
1257,3730672,3311328
1258,3636992,3352320
1259,3552000,2771568
1260,3315232,3077408
1261,3988304,3005920
1262,3864016,2637760
1263,3304768,2722208
1264,3455168,3149984
1265,3611792,3356384
1266,3228992,3144272
1267,3263424,3552464
1268,3695920,3655632
1269,4032816,3601584
1270,3790672,2991968
1271,4130816,2981600
1272,4369344,2694384
1273,4261536,3355744
1274,3599088,3167840
1275,3598768,3025168
1276,3367648,3304704
1277,3960928,3534832
1278,3804752,3708192
1279,3701552,2730304
1280,3873664,3668656
1281,4240368,3846848
1282,3539808,3475600
1283,3352800,2726032
1284,4351872,3787056
1285,4539376,3618512
1286,3908128,3116208
1287,3161280,3081152
1288,4318704,4331616
1289,4235520,2913200
1290,3802720,3206176
1291,3791488,3253360
1292,3957888,3554816
1293,3607280,3319920
1294,3794704,3785312
1295,3844880,2941312
1296,4139008,3474512
1297,3705792,3444176
1298,4430336,3719360
1299,3602080,3117104
1300,4075552,3046560
1301,4063168,2989184
1302,3707920,2817216
1303,3682608,3042224
1304,3655072,3731280
1305,3574480,2854336
1306,3482960,2700864
1307,3741760,2603696
1308,4315408,2936096
1309,3471520,3146256
1310,3421360,2817216
1311,3290352,3498432
1312,3587232,3091888
1313,3802320,2759264
1314,3427552,2757856
1315,4124192,2951424
1316,3705280,3251840
1317,3398976,2692640
1318,3316032,3595120
1319,3604720,2641104
1320,3890624,3848048
1321,3332624,3268512
1322,4216864,3571088
1323,3315584,3103040
1324,4481344,2831120
1325,3905024,3063936
1326,4129808,3213536
1327,3599296,2739440
1328,3409872,3066048
1329,3657648,2591776
1330,3738544,3360752
1331,3395104,4275216
1332,3697200,4322560
1333,3183456,2751904
1334,3928224,2703264
1335,4922400,3172896
1336,4273568,2800928
1337,3384912,3474112
1338,3366944,3108016
1339,3835488,3126144
1340,3270576,2947344
1341,4144160,3325088
1342,3794448,3900128
1343,3799072,2491888
1344,3408288,2606480
1345,3975248,3324640
1346,4426160,2831888
1347,3207632,3465872
1348,3304368,3285872
1349,3977296,3090624
1350,3468736,3551328
1351,4152144,2923072
1352,3831696,2792544
1353,3803520,2684832
1354,4191296,2956816
1355,3416672,2847152
1356,3399424,3788336
1357,3336656,2975888
1358,3554592,2953008
1359,3344752,2373072
1360,4376336,3103888
1361,3561648,2863040
1362,3586416,5593984
1363,3043232,3394592
1364,3635856,2641456
1365,3413376,2921840
1366,6095568,2962224
1367,3879264,3412096
1368,3234128,2767664
1369,3502992,2540352
1370,3536560,2607312
1371,4012160,3739632
1372,3459536,3349760
1373,3167520,2829808
1374,3318640,2757744
1375,3700368,2819152
1376,3992336,2978896
1377,3539152,3232800
1378,3428592,3232128
1379,3405264,2696480
1380,3622192,3055072
1381,3874976,3202688
1382,3829344,3140128
1383,3220640,2737952
1384,3606608,2891184
1385,3846960,3083840
1386,3684112,3265616
1387,3376608,3281904
1388,3514448,2675280
1389,3681680,2590560
1390,3888160,3374288
1391,3920208,2782640
1392,3313616,3007216
1393,3246016,2747632
1394,4001648,2978448
1395,3366896,3541504
1396,3605504,3432656
1397,3366832,3689808
1398,3638432,3532160
1399,4242464,2458048
1400,4043792,3432128
1401,4272448,2862448
1402,4167776,3008000
1403,2979392,3117200
1404,3989840,2641088
1405,3504560,3556480
1406,3569232,3127456
1407,3759616,2897920
1408,3249024,3172656
1409,4075968,2979632
1410,3683136,3435424
1411,3503744,3486256
1412,3797120,3532704
1413,3558400,2517760
1414,3895408,3752032
1415,4050896,3276800
1416,3369888,2835856
1417,3172048,3656304
1418,3769408,2881632
1419,3984384,3437024
1420,3481456,2741264
1421,4239792,3234416
1422,3425344,3184144
1423,4172144,3114304
1424,3444384,3724640
1425,3959472,2002848
1426,3831232,4328656
1427,3722320,6731744
1428,4311328,5912112
1429,2628080,3857520
1430,4960032,4833568
1431,6907248,5314912
1432,5989136,7995968
1433,4448496,4574592
1434,5489104,3821440
1435,5841504,4471888
1436,8576624,4681456
1437,4375552,3483040
1438,4501216,3727232
1439,5060848,2682720
1440,4712336,3057696
1441,4087024,3089040
1442,4323616,4382832
1443,3268912,4388592
1444,3635296,3647184
1445,3534048,3977776
1446,4958288,3472976
1447,4181408,2981456
1448,4280640,3293920
1449,4366688,3314864
1450,4054928,4106272
1451,3684320,4824368
1452,3990752,4073808
1453,4004896,3774432
1454,4205040,2993424
1455,5398352,3602304
1456,4509568,3580144
1457,3706240,3823856
1458,3622256,3624768
1459,4229328,3382944
1460,4170080,4640224
1461,4456560,3796352
1462,4213680,3571456
1463,4055600,3227904
1464,5294352,3236608
1465,4425824,3516592
1466,4204960,4526992
1467,3863664,4357296
1468,3875056,2752496
1469,4124144,3916592
1470,5196816,3052320
1471,4824144,3566288
1472,3297936,4012576
1473,4456192,3204720
1474,3709616,3494000
1475,4256000,4546640
1476,4082064,3376976
1477,3814464,4227584
1478,4087248,2977504
1479,5097296,3224656
1480,4033040,3615536
1481,4850096,4276976
1482,3629664,2655488
1483,3898608,3570416
1484,4252192,3598752
1485,4888448,4431728
1486,3260672,5243712
1487,3980560,4531888
1488,4208352,2883408
1489,5144928,2775936
1490,5597808,3865952
1491,5052080,3974800
1492,3597856,4883328
1493,3413952,3873632
1494,4476560,3175856
1495,4494080,3637616
1496,5554800,4835520
1497,3888992,3858640
1498,3771984,3853216
1499,4204448,4021472
1500,5478432,3649600
1501,4544864,3675376
1502,4463648,3846672
1503,4644064,3519440
1504,4274448,3906176
1505,4303888,4477040
1506,3785632,4244368
1507,4112096,3974672
1508,4589520,4076656
1509,5026384,3666896
1510,4785952,4805712
1511,4653584,3681872
1512,4735504,4728112
1513,4265168,4079808
1514,5447152,3688960
1515,4106768,3754112
1516,5261088,4680304
1517,4706896,3632304
1518,4286672,3439808
1519,4130320,3205200
1520,5176720,4209952
1521,3563792,3163744
1522,3974576,2858352
1523,3828112,4271872
1524,4715440,3356368
1525,3696752,3616416
1526,3503488,3095376
1527,4851680,3118928
1528,3182880,3294400
1529,3670896,4059216
1530,3687392,3863520
1531,3823840,3458160
1532,3781328,4588512
1533,4396832,4575376
1534,4461696,3332480
1535,4099824,3474256
1536,5275872,3481296
1537,4755232,4082880
1538,3970704,3269568
1539,4136672,4146064
1540,4112240,3566112
1541,4094848,3544304
1542,3926000,4475872
1543,4760080,3461168
1544,4203808,4060000
1545,4167680,2679008
1546,5080784,3595808
1547,4033408,3213888
1548,4707984,3493776
1549,3283840,4069184
1550,4127856,3047952
1551,3845936,3654560
1552,4153328,3320528
1553,4777520,3913392
1554,3681504,3025248
1555,4176752,3230512
1556,3976272,4367904
1557,4581808,4831472
1558,3617312,3956880
1559,3848192,5415120
1560,4866944,3639920
1561,4485888,4228720
1562,4434800,3710560
1563,5771552,5052416
1564,4175824,4378288
1565,4784496,3358048
1566,4288704,3099936
1567,4642688,4273536
1568,4909344,4100240
1569,4097296,4494416
1570,3209584,4294576
1571,4202240,3825232
1572,4747568,4979968
1573,5102384,3780752
1574,4248224,3352256
1575,4408544,3789536
1576,5569296,3892736
1577,3626368,3133984
1578,4013280,3445296
1579,4403648,4439696
1580,4558144,3051952
1581,3762592,4971728
1582,3847312,3188304
1583,4999072,3720880
1584,3731408,3954096
1585,5534288,3283648
1586,3763344,3416240
1587,4322304,3105024
1588,4616672,3986176
1589,3989840,3676704
1590,4095808,3389264
1591,3744256,4521856
1592,4691328,4215408
1593,4318352,3479440
1594,4043360,2757600
1595,5185616,2787232
1596,4726352,3524512
1597,3968880,3522816
1598,3395632,4803072
1599,3301040,3682224
1600,4144096,3714992
1601,4102368,3024944
1602,5438096,2925328
1603,4293440,3808880
1604,4378704,3091936
1605,3603936,4931376
1606,3520624,4086432
1607,4217936,3917904
1608,3732944,3466656
1609,5524704,4333840
1610,4666240,4458384
1611,4557440,3532240
1612,4105440,3737920
1613,5018192,3315024
1614,5111216,3949360
1615,4101872,3472112
1616,4278640,4183408
1617,4022384,4152544
1618,3963648,4440368
1619,4084400,6667008
1620,4844432,7015264
1621,4773184,8001568
1622,4301920,3744096
1623,7280144,6259472
1624,7412080,3597520
1625,8684192,3346608
1626,3944912,4051792
1627,6873328,6853872
1628,3895328,3785168
1629,3914704,4303968
1630,4622464,5093184
1631,6062736,4124592
1632,3798848,5120336
1633,4888272,4612272
1634,5828176,3448128
1635,4111408,4084480
1636,5747536,3077040
1637,5204336,3729712
1638,4105984,3327024
1639,4609744,5171376
1640,3611088,3773536
1641,4321328,3572064
1642,3950960,3652208
1643,5754064,4405824
1644,4456608,3191312
1645,4159296,4542208
1646,4108848,4118096
1647,5076736,4286352
1648,3857248,4371168
1649,5133392,3433664
1650,4700048,3445824
1651,4190272,6201424
1652,4971904,4452192
1653,4064032,5719904
1654,4047648,3321024
1655,6718896,4470192
1656,5044368,5917744
1657,5407408,6436464
1658,3940224,4814384
1659,5062864,3228576
1660,6612016,4581328
1661,6980256,3224576
1662,5407728,3699888
1663,3776304,4618208
1664,5148688,3723920
1665,3810416,3567200
1666,4214112,2858880
1667,5276128,2896624
1668,4326192,4325712
1669,4170096,3514240
1670,3416976,3643088
1671,3350256,3362400
1672,4999520,3331616
1673,4162912,3367760
1674,3581712,4156320
1675,4053296,2934496
1676,3935952,2760128
1677,4088960,3119424
1678,4747536,3333808
1679,3578064,3353824
1680,3375520,4242736
1681,3741392,3093552
1682,3930672,2937536
1683,3983104,3353408
1684,4957360,4170096
1685,3768176,3741264
1686,3644832,3099888
1687,3971520,3309904
1688,4718896,4835616
1689,4284736,3939120
1690,3698064,3596704
1691,3868096,3025456
1692,5422704,3076496
1693,4452736,2832720
1694,4036848,3092464
1695,3548848,2621968
1696,3740048,2844800
1697,3448656,3171552
1698,3674576,3372880
1699,3283200,3629552
1700,3412848,3239456
1701,3740400,4205456
1702,3936272,3111536
1703,4079456,3410928
1704,3881664,4510416
1705,4873824,2861664
1706,3712416,3060304
1707,3991440,2651600
1708,5084064,3413744
1709,3410432,4188160
1710,3605232,4408320
1711,3309632,3651792
1712,3991456,3944784
1713,4677984,3944128
1714,4099344,3981392
1715,4246640,3979648
1716,4413376,3490720
1717,4521664,3169008
1718,3965792,2668336
1719,4297136,3216864
1720,3882320,3268096
1721,3733008,4062592
1722,3270144,4603600
1723,3759088,4420704
1724,3812416,3517424
1725,4607424,3374672
1726,4215568,3863504
1727,4843056,3642992
1728,4049888,3518864
1729,3997328,4311472
1730,3745248,3653584
1731,4214672,4015728
1732,4097328,3588480
1733,4873216,3849328
1734,4154176,3468848
1735,3824496,3298064
1736,4103008,3100480
1737,4387312,3928320
1738,3974560,3831616
1739,3871632,3191312
1740,3636048,3201280
1741,4389616,3800800
1742,3641600,4036752
1743,3788272,3560256
1744,3728400,3388496
1745,4344384,4162752
1746,4529072,3957632
1747,4114752,3276352
1748,4057568,3570752
1749,4227280,2706912
1750,4590704,3209152
1751,3734352,3085488
1752,4093456,3796016
1753,3334784,4062928
1754,3837472,3588144
1755,3579792,2941440
1756,4369552,3600432
1757,3833840,3522272
1758,4045776,2994608
1759,3511392,4118736
1760,4209216,4086304
1761,3976096,3563632
1762,3611056,4033888
1763,4740272,3693776
1764,4746208,3196416
1765,4110656,5231776
1766,4506464,5081904
1767,4182512,4701216
1768,3804320,3136192
1769,5888336,3404064
1770,5550176,4280960
1771,5359616,3629200
1772,3802832,4531328
1773,3970112,3039104
1774,4808576,3249584
1775,4116784,4299312
1776,5143856,3209040
1777,3562912,2850288
1778,3833520,3105424
1779,4896912,3532272
1780,3710208,4506224
1781,3427360,3832496
1782,3672192,3843328
1783,4195696,2735232
1784,5082624,2890560
1785,4303472,3785360
1786,4424224,5758432
1787,3318096,4044000
1788,3432288,6159840
1789,4352336,4953600
1790,6335568,5212224
1791,4552352,3456912
1792,6695280,3855792
1793,5403120,5793120
1794,5020896,3940880
1795,3996736,5180160
1796,4448400,2739296
1797,6347616,2871200
1798,4682208,2853008
1799,5819488,2620256
1800,3474688,2276416
1801,3557824,3216512
1802,3500016,3990096
1803,3200768,2921504
1804,2946816,3302528
1805,3899440,3158320
1806,3897792,2995408
1807,3601344,2855248
1808,3975936,2645872
1809,3829824,2720864
1810,3604416,3355504
1811,3418656,2920800
1812,3316064,2731776
1813,3399136,2282672
1814,3967984,2795824
1815,3605600,3300336
1816,3396288,4065456
1817,2954672,2664784
1818,3048032,2341744
1819,3865184,3698960
1820,4063664,2951600
1821,3292544,3546720
1822,3017200,2896752
1823,3490528,2922096
1824,3637232,3887872
1825,4244208,3379616
1826,3412240,3482032
1827,3541536,2905312
1828,4519600,2719328
1829,3908288,3539776
1830,3893136,3000384
1831,3480480,3425168
1832,3378064,3311376
1833,4161312,3046368
1834,3601584,4064432
1835,4114752,2831056
1836,3992320,2364480
1837,3736480,2732560
1838,4798128,2886656
1839,3496736,3402048
1840,2999792,3604896
1841,2878928,3174752
1842,3626832,3209840
1843,4052992,2812272
1844,3230176,3408400
1845,3847680,3705664
1846,3867008,3309632
1847,3392816,4236608
1848,4035728,3300256
1849,4093152,3937024
1850,3786064,3313408
1851,4580400,2978320
1852,3944544,3090960
1853,3726048,3353968
1854,3927584,3340240
1855,3571488,3585760
1856,3651504,3148496
1857,3859376,3388080
1858,3954192,2304160
1859,4163456,3166752
1860,3850976,3027312
1861,4026944,9096768
1862,2964960,3303184
1863,3780432,2709696
1864,3673184,2489792
1865,9683952,5999952
1866,3940256,7904736
1867,3293280,5304512
1868,3192272,3958672
1869,4276640,3872896
1870,8536032,2899600
1871,4994640,2762640
1872,4091856,2841856
===CSV_END===
=========================================
HI_NET_PING_DONE run=10
