========================================
Signal Sender Workload (Synchronized)
========================================
Initializing shared memory...
Waiting for speedometer to register...
Found speedometer in shared memory!
Sending START command to speedometer: START: 15;5;20

Running workload signal period for 15 seconds...

Workload signal period completed.
Sending STOP command to speedometer...
Waiting for statistics from speedometer...

Stress workload terminated.
===VMSTAT_START===
procs -----------memory---------- ---swap-- -----io---- -system-- ------cpu-----
 r  b   swpd   free   buff  cache   si   so    bi    bo   in   cs us sy id wa st
32  0      0  81336  21860  35916    0    0    16    43  379  438 67 32  1  0  0
33  0      0  81216  21860  35928    0    0     0     0  848 1016 69 31  0  0  0
33  0      0  81216  21860  35928    0    0     0     0  838  979 72 28  0  0  0
32  0      0  81216  21860  35928    0    0     0     0  825 1016 71 29  0  0  0
32  0      0  81216  21860  35928    0    0     0     0  811  962 74 26  0  0  0
32  0      0  81216  21860  35928    0    0     0     0  788  880 76 24  0  0  0
33  0      0  81216  21860  35928    0    0     0     0  776  937 76 24  0  0  0
32  0      0  81216  21860  35928    0    0     0     0  787  908 77 23  0  0  0
32  0      0  81216  21860  35928    0    0     0     0  806  954 78 22  0  0  0
32  0      0  81216  21860  35928    0    0     0     0  800  910 75 25  0  0  0
32  0      0  81216  21860  35928    0    0     0     0  780  890 78 22  0  0  0
32  0      0  81216  21860  35928    0    0     0     0  799  920 75 25  0  0  0
34  0      0  81216  21860  35928    0    0     0     0  753  878 79 21  0  0  0
32  0      0  81216  21860  35928    0    0     0     0  771  937 79 21  0  0  0
32  0      0  81216  21860  35928    0    0     0     0  810  927 74 26  0  0  0
32  0      0  81216  21860  35928    0    0     0     0  767  877 72 29  0  0  0
33  0      0  81216  21860  35928    0    0     0     0  671  635 59 41  0  0  0
===VMSTAT_END===
========== SPEEDOMETER RT APPLICATION RESULTS ==========
Test Configuration:
Period: 50.000 ms
Deadline: 5.000 ms
RT Priority: 99 (SCHED_FIFO)
Execution Statistics:
Total cycles: 298
Deadline misses: 3 (1.007%)
Execution Time (μs):
Mean: 258.039
Min: 128.416
Max: 2315.264
50th percentile: 166.032
95th percentile: 1287.024
99th percentile: 1745.568
99.9th percentile: 2315.264
Jitter (μs):
Mean: 1917.380
Min: 1173.152
Max: 9003.552
Response Time (μs):
Mean: 2175.420
Min: 1324.512
Max: 9217.008
50th percentile: 1812.944
95th percentile: 3850.512
99th percentile: 5135.904
99.9th percentile: 9217.008
========================================================
[  931.672113] SDK:handler_do_el0_svc_pre: syscall __NR_futex (98) is not allowed
[  931.933426] SDK:handler_do_el0_svc_pre: syscall __NR_munmap (215) is not allowed
[  931.943372] SDK:handler_do_el0_svc_pre: syscall __NR_wait4 (260) is not allowed
[  931.953387] SDK:handler_do_el0_svc_pre: syscall __NR_munmap (215) is not allowed
[  931.963003] SDK:handler_do_el0_svc_pre: syscall __NR_rt_sigprocmask (135) is not allowed
[  931.972873] SDK:handler_do_el0_svc_pre: syscall __NR_futex (98) is not allowed
[  931.983983] SDK:handler_do_el0_svc_pre: syscall __NR_exit (93) is not allowed
[  931.984672] SDK:handler_do_el0_svc_pre: syscall __NR_futex (98) is not allowed
[  932.000538] SDK:handler_do_el0_svc_pre: syscall __NR_munmap (215) is not allowed
===VMSTAT_START===
procs -----------memory---------- ---swap-- -----io---- -system-- ------cpu-----
r  b   swpd   free   buff  cache   si   so    bi    bo   in   cs us sy id wa st
0  0      0  68540    512   9828    0    0     0     0   61   61  0  4 95  0  0
0  0      0  68396    512   9832    0    0     0     0   41   56  1  1 99  0  0
0  0      0  68396    512   9832    0    0     0     0   44   58  0  1 99  0  0
1  0      0  68396    512   9832    0    0     0     0   42   58  1  0 99  0  0
1  0      0  68396    512   9832    0    0     0     0   46   64  0  1 99  0  0
0  0      0  68396    512   9832    0    0     0     0   44   60  1  1 98  0  0
2  0      0  68396    512   9832    0    0     0     0   47   58  0  2 98  0  0
0  0      0  68396    512   9832    0    0     0     0   42   57  0  1 99  0  0
0  0      0  68396    512   9832    0    0     0     0   40   58  1  1 98  0  0
0  0      0  68396    512   9832    0    0     0     0   43   56  0  1 99  0  0
0  0      0  68396    512   9832    0    0     0     0   43   57  0  1 99  0  0
1  0      0  68396    512   9832    0    0     0     0   51   59  1  2 98  0  0
1  0      0  68396    512   9832    0    0     0     0   48   62  1  2 98  0  0
0  0      0  68396    512   9832    0    0     0     0   45   60  0  1 99  0  0
0  0      0  68396    512   9832    0    0     0     0   44   60  0  0 100  0  0
0  0      0  68396    512   9832    0    0     0     0  152   40  1 10 89  0  0
===VMSTAT_END===
===CSV_START===
cycle,timestamp_s,execution_time_us,jitter_us,response_time_us,deadline_miss
1,0.059004,213.456,9003.552,9217.008,1
2,0.102039,173.008,2039.472,2212.480,0
3,0.153360,285.952,3360.096,3646.048,0
4,0.202559,217.504,2558.512,2776.016,0
5,0.251524,163.264,1524.352,1687.616,0
6,0.301586,133.744,1586.448,1720.192,0
7,0.351298,136.128,1298.016,1434.144,0
8,0.401703,240.032,1702.672,1942.704,0
9,0.452470,1359.648,2470.368,3830.016,0
10,0.501670,212.832,1669.776,1882.608,0
11,0.551506,166.160,1506.128,1672.288,0
12,0.601678,184.464,1677.936,1862.400,0
13,0.651422,178.112,1422.272,1600.384,0
14,0.701746,142.896,1746.240,1889.136,0
15,0.752289,2121.008,2289.072,4410.080,0
16,0.801479,190.928,1479.472,1670.400,0
17,0.851519,151.344,1519.360,1670.704,0
18,0.901592,131.088,1592.240,1723.328,0
19,0.951351,134.016,1350.832,1484.848,0
20,1.001808,404.912,1808.336,2213.248,0
21,1.051666,186.848,1666.064,1852.912,0
22,1.101518,133.040,1518.016,1651.056,0
23,1.151529,182.640,1529.344,1711.984,0
24,1.201256,203.152,1256.080,1459.232,0
25,1.251374,133.376,1373.520,1506.896,0
26,1.301581,149.200,1581.168,1730.368,0
27,1.351514,149.488,1514.480,1663.968,0
28,1.401484,268.640,1484.464,1753.104,0
29,1.451480,185.312,1479.952,1665.264,0
30,1.501824,164.960,1824.000,1988.960,0
31,1.552615,169.856,2614.928,2784.784,0
32,1.602383,188.800,2383.200,2572.000,0
33,1.651353,133.328,1352.960,1486.288,0
34,1.701506,146.896,1505.712,1652.608,0
35,1.751341,130.304,1340.736,1471.040,0
36,1.801506,153.440,1506.400,1659.840,0
37,1.851362,141.696,1362.112,1503.808,0
38,1.901675,252.464,1674.896,1927.360,0
39,1.952534,1504.048,2534.368,4038.416,0
40,2.002502,209.376,2502.256,2711.632,0
41,2.051511,168.672,1511.040,1679.712,0
42,2.101746,203.536,1745.504,1949.040,0
43,2.152591,334.832,2590.896,2925.728,0
44,2.202736,134.688,2736.256,2870.944,0
45,2.251340,132.448,1340.288,1472.736,0
46,2.301611,134.176,1611.376,1745.552,0
47,2.351626,177.104,1625.680,1802.784,0
48,2.403695,155.072,3695.440,3850.512,0
49,2.453520,177.312,3520.112,3697.424,0
50,2.501738,131.920,1737.792,1869.712,0
51,2.551303,210.304,1303.056,1513.360,0
52,2.601466,193.728,1466.480,1660.208,0
53,2.651523,132.768,1522.624,1655.392,0
54,2.701606,129.472,1605.808,1735.280,0
55,2.751707,133.376,1707.296,1840.672,0
56,2.802320,172.592,2320.096,2492.688,0
57,2.851427,129.904,1427.136,1557.040,0
58,2.901417,132.080,1416.768,1548.848,0
59,2.951415,129.408,1414.832,1544.240,0
60,3.001592,146.592,1591.984,1738.576,0
61,3.051382,196.064,1381.728,1577.792,0
62,3.101591,139.168,1591.104,1730.272,0
63,3.151344,133.840,1344.160,1478.000,0
64,3.201462,168.896,1462.352,1631.248,0
65,3.251331,131.840,1330.592,1462.432,0
66,3.301608,145.872,1607.936,1753.808,0
67,3.351479,160.080,1478.992,1639.072,0
68,3.402454,184.112,2453.536,2637.648,0
69,3.451598,196.384,1597.520,1793.904,0
70,3.503569,147.008,3568.928,3715.936,0
71,3.551811,296.208,1810.864,2107.072,0
72,3.602375,152.960,2375.280,2528.240,0
73,3.651534,132.912,1534.304,1667.216,0
74,3.701449,176.144,1449.008,1625.152,0
75,3.751413,130.672,1413.424,1544.096,0
76,3.801586,155.600,1586.208,1741.808,0
77,3.851728,148.944,1728.032,1876.976,0
78,3.902612,147.952,2612.016,2759.968,0
79,3.951458,188.096,1457.968,1646.064,0
80,4.001575,132.032,1575.088,1707.120,0
81,4.051539,171.088,1538.864,1709.952,0
82,4.101683,157.136,1683.040,1840.176,0
83,4.152501,1311.168,2501.072,3812.240,0
84,4.201653,162.048,1652.912,1814.960,0
85,4.251372,130.528,1371.600,1502.128,0
86,4.301672,182.784,1671.776,1854.560,0
87,4.351459,158.976,1459.312,1618.288,0
88,4.401532,172.512,1531.824,1704.336,0
89,4.451608,134.592,1608.192,1742.784,0
90,4.503668,174.320,3668.032,3842.352,0
91,4.553630,270.944,3629.696,3900.640,0
92,4.602540,166.400,2539.904,2706.304,0
93,4.651678,147.136,1677.568,1824.704,0
94,4.703351,144.208,3351.312,3495.520,0
95,4.751647,140.912,1646.560,1787.472,0
96,4.801530,173.600,1529.696,1703.296,0
97,4.851524,214.368,1523.632,1738.000,0
98,4.901576,134.944,1576.352,1711.296,0
99,4.952414,152.736,2414.208,2566.944,0
100,5.001500,205.408,1499.568,1704.976,0
101,5.051306,134.656,1305.552,1440.208,0
102,5.101747,141.232,1747.200,1888.432,0
103,5.152490,1271.184,2489.904,3761.088,0
104,5.201624,185.584,1623.760,1809.344,0
105,5.251194,227.152,1193.664,1420.816,0
106,5.301516,178.672,1516.432,1695.104,0
107,5.351367,198.352,1367.088,1565.440,0
108,5.401696,151.984,1696.016,1848.000,0
109,5.452678,187.840,2678.480,2866.320,0
110,5.502531,207.392,2531.216,2738.608,0
111,5.552683,208.688,2683.280,2891.968,0
112,5.601591,142.624,1590.592,1733.216,0
113,5.651448,131.536,1447.600,1579.136,0
114,5.701617,151.696,1617.056,1768.752,0
115,5.751696,167.216,1695.648,1862.864,0
116,5.801913,211.504,1913.136,2124.640,0
117,5.852291,164.352,2291.360,2455.712,0
118,5.901867,194.704,1867.088,2061.792,0
119,5.951366,130.736,1366.208,1496.944,0
120,6.001592,140.672,1592.032,1732.704,0
121,6.051637,161.088,1637.024,1798.112,0
122,6.101343,147.584,1342.976,1490.560,0
123,6.151326,151.792,1326.160,1477.952,0
124,6.201713,162.080,1712.640,1874.720,0
125,6.251997,2315.264,1996.720,4311.984,0
126,6.301589,140.992,1588.816,1729.808,0
127,6.351489,160.624,1489.344,1649.968,0
128,6.401598,139.232,1598.288,1737.520,0
129,6.451617,162.608,1617.104,1779.712,0
130,6.503529,239.184,3529.216,3768.400,0
131,6.551528,133.984,1528.288,1662.272,0
132,6.601462,176.720,1462.368,1639.088,0
133,6.652603,150.544,2603.472,2754.016,0
134,6.701681,134.448,1681.376,1815.824,0
135,6.751323,134.208,1322.512,1456.720,0
136,6.801841,176.176,1840.960,2017.136,0
137,6.852342,1314.080,2342.448,3656.528,0
138,6.901449,210.912,1449.056,1659.968,0
139,6.951399,176.560,1399.264,1575.824,0
140,7.001596,133.136,1596.224,1729.360,0
141,7.051313,164.880,1312.976,1477.856,0
142,7.101587,129.808,1586.832,1716.640,0
143,7.151577,137.168,1576.576,1713.744,0
144,7.202352,149.856,2352.080,2501.936,0
145,7.251619,228.624,1619.408,1848.032,0
146,7.302196,177.504,2195.920,2373.424,0
147,7.352395,1745.568,2394.528,4140.096,0
148,7.401474,128.416,1474.000,1602.416,0
149,7.451412,133.376,1412.096,1545.472,0
150,7.501680,176.848,1680.224,1857.072,0
151,7.552409,1270.192,2409.024,3679.216,0
152,7.601837,330.112,1837.200,2167.312,0
153,7.651724,170.512,1724.224,1894.736,0
154,7.702658,164.608,2658.368,2822.976,0
155,7.751585,133.888,1584.608,1718.496,0
156,7.801586,139.376,1586.416,1725.792,0
157,7.851533,145.312,1533.392,1678.704,0
158,7.902370,154.064,2369.536,2523.600,0
159,7.951326,130.880,1325.664,1456.544,0
160,8.001472,169.040,1472.336,1641.376,0
161,8.051500,184.784,1499.632,1684.416,0
162,8.101623,132.064,1622.880,1754.944,0
163,8.151259,155.920,1258.896,1414.816,0
164,8.201592,133.600,1592.336,1725.936,0
165,8.251173,151.360,1173.152,1324.512,0
166,8.301642,203.328,1641.856,1845.184,0
167,8.351226,209.824,1225.968,1435.792,0
168,8.401839,148.544,1838.880,1987.424,0
169,8.454005,198.368,4005.472,4203.840,0
170,8.502506,130.096,2506.016,2636.112,0
171,8.551679,166.448,1679.344,1845.792,0
172,8.601664,165.616,1663.584,1829.200,0
173,8.651484,188.736,1483.968,1672.704,0
174,8.701957,174.560,1956.976,2131.536,0
175,8.752333,1137.952,2332.800,3470.752,0
176,8.801622,193.936,1622.496,1816.432,0
177,8.851597,203.040,1597.440,1800.480,0
178,8.901536,166.032,1535.568,1701.600,0
179,8.951504,177.296,1503.680,1680.976,0
180,9.002609,129.760,2609.296,2739.056,0
181,9.051634,136.368,1634.384,1770.752,0
182,9.101655,243.984,1655.312,1899.296,0
183,9.152377,1287.024,2376.880,3663.904,0
184,9.202353,156.912,2353.024,2509.936,0
185,9.251447,150.176,1447.168,1597.344,0
186,9.301357,162.032,1357.024,1519.056,0
187,9.351681,146.992,1680.672,1827.664,0
188,9.401598,200.832,1598.384,1799.216,0
189,9.451379,133.040,1378.672,1511.712,0
190,9.501483,195.008,1483.408,1678.416,0
191,9.551442,187.408,1441.808,1629.216,0
192,9.601701,204.480,1700.800,1905.280,0
193,9.656028,1663.424,6027.504,7690.928,1
194,9.701674,134.528,1673.584,1808.112,0
195,9.751360,130.288,1359.536,1489.824,0
196,9.801520,168.320,1520.128,1688.448,0
197,9.851624,131.920,1624.032,1755.952,0
198,9.902096,227.776,2095.792,2323.568,0
199,9.951459,148.208,1458.752,1606.960,0
200,10.001668,170.576,1667.744,1838.320,0
201,10.051368,275.072,1368.224,1643.296,0
202,10.101626,133.824,1625.760,1759.584,0
203,10.151457,179.728,1456.560,1636.288,0
204,10.201641,152.448,1641.312,1793.760,0
205,10.253780,470.432,3780.352,4250.784,0
206,10.301851,131.600,1851.056,1982.656,0
207,10.353679,134.800,3679.184,3813.984,0
208,10.401653,157.328,1653.360,1810.688,0
209,10.451674,164.320,1674.256,1838.576,0
210,10.502408,172.368,2407.776,2580.144,0
211,10.551705,171.632,1704.736,1876.368,0
212,10.603741,177.376,3740.880,3918.256,0
213,10.653362,131.200,3362.224,3493.424,0
214,10.701554,166.672,1554.144,1720.816,0
215,10.752306,1247.872,2306.240,3554.112,0
216,10.801488,202.992,1487.712,1690.704,0
217,10.851685,152.640,1685.200,1837.840,0
218,10.902389,141.136,2388.592,2529.728,0
219,10.951374,142.208,1374.240,1516.448,0
220,11.001468,203.152,1467.696,1670.848,0
221,11.051378,130.256,1378.464,1508.720,0
222,11.101661,253.280,1660.592,1913.872,0
223,11.152526,1336.816,2526.320,3863.136,0
224,11.201591,163.136,1590.784,1753.920,0
225,11.252425,1301.520,2425.360,3726.880,0
226,11.301907,237.472,1907.104,2144.576,0
227,11.351416,138.928,1416.224,1555.152,0
228,11.401648,187.984,1647.504,1835.488,0
229,11.451698,269.760,1698.208,1967.968,0
230,11.501705,213.456,1705.136,1918.592,0
231,11.552543,204.752,2542.880,2747.632,0
232,11.602691,193.168,2691.392,2884.560,0
233,11.652481,1208.496,2480.928,3689.424,0
234,11.702462,143.904,2462.448,2606.352,0
235,11.751489,161.376,1489.488,1650.864,0
236,11.801850,219.456,1849.552,2069.008,0
237,11.851301,154.224,1300.768,1454.992,0
238,11.901518,130.560,1517.504,1648.064,0
239,11.951449,156.224,1449.152,1605.376,0
240,12.003360,131.264,3360.048,3491.312,0
241,12.051504,165.888,1504.416,1670.304,0
242,12.101619,193.984,1618.960,1812.944,0
243,12.151700,186.400,1700.016,1886.416,0
244,12.203367,132.304,3366.592,3498.896,0
245,12.251454,167.328,1453.696,1621.024,0
246,12.301919,175.680,1919.120,2094.800,0
247,12.351212,182.560,1211.808,1394.368,0
248,12.401398,202.144,1397.840,1599.984,0
249,12.451509,184.544,1509.008,1693.552,0
250,12.501615,145.232,1614.688,1759.920,0
251,12.552450,1329.264,2450.192,3779.456,0
252,12.601813,297.104,1813.408,2110.512,0
253,12.651470,171.776,1470.000,1641.776,0
254,12.701643,225.424,1643.408,1868.832,0
255,12.752685,263.760,2684.736,2948.496,0
256,12.801685,142.112,1685.168,1827.280,0
257,12.851511,202.736,1511.264,1714.000,0
258,12.901585,143.504,1585.488,1728.992,0
259,12.951739,154.160,1739.328,1893.488,0
260,13.004541,181.776,4540.992,4722.768,0
261,13.052300,1294.880,2300.272,3595.152,0
262,13.101671,164.752,1671.024,1835.776,0
263,13.152314,1329.568,2313.920,3643.488,0
264,13.201599,277.792,1598.768,1876.560,0
265,13.251579,177.408,1578.800,1756.208,0
266,13.301642,175.920,1641.712,1817.632,0
267,13.351692,162.640,1691.904,1854.544,0
268,13.401905,216.320,1904.912,2121.232,0
269,13.454026,160.800,4025.792,4186.592,0
270,13.501486,166.384,1485.776,1652.160,0
271,13.551693,133.024,1692.912,1825.936,0
272,13.601683,138.688,1683.216,1821.904,0
273,13.654991,145.376,4990.528,5135.904,1
274,13.702465,176.016,2464.656,2640.672,0
275,13.751476,164.016,1475.696,1639.712,0
276,13.802708,144.704,2708.272,2852.976,0
277,13.851518,153.504,1517.968,1671.472,0
278,13.902881,160.992,2880.880,3041.872,0
279,13.951372,165.168,1371.808,1536.976,0
280,14.002040,136.912,2039.936,2176.848,0
281,14.051483,129.808,1483.376,1613.184,0
282,14.101631,203.232,1631.040,1834.272,0
283,14.151697,150.400,1696.896,1847.296,0
284,14.203614,192.992,3613.584,3806.576,0
285,14.251520,170.352,1520.464,1690.816,0
286,14.301595,530.320,1594.656,2124.976,0
287,14.351535,160.896,1534.976,1695.872,0
288,14.402427,199.664,2426.800,2626.464,0
289,14.451670,171.088,1669.568,1840.656,0
290,14.503491,160.864,3490.704,3651.568,0
291,14.551368,192.608,1367.680,1560.288,0
292,14.602676,171.488,2675.552,2847.040,0
293,14.652364,1386.944,2364.368,3751.312,0
294,14.702316,164.448,2316.448,2480.896,0
295,14.751346,149.664,1346.096,1495.760,0
296,14.802379,220.432,2379.008,2599.440,0
297,14.851686,133.952,1685.680,1819.632,0
298,14.901612,151.680,1611.952,1763.632,0
===CSV_END===
Statistics sent to li VM via shared memory
Run #29 completed. Waiting for next START command...
Waiting for START command from li VM...
