========================================
Signal Sender Workload (Synchronized)
========================================
Initializing shared memory...
Waiting for speedometer to register...
Found speedometer in shared memory!
Sending START command to speedometer: START: 15;5;20

Running workload signal period for 15 seconds...

Workload signal period completed.
Sending STOP command to speedometer...
Waiting for statistics from speedometer...

Stress workload terminated.
===VMSTAT_START===
procs -----------memory---------- ---swap-- -----io---- -system-- ------cpu-----
 r  b   swpd   free   buff  cache   si   so    bi    bo   in   cs us sy id wa st
32  0      0  85004  17884  35796    0    0    40    44  372  422 64 34  2  0  0
33  0      0  85004  17884  35828    0    0     0     0  739  862 74 26  0  0  0
33  0      0  85004  17884  35828    0    0     0     0  841  961 72 28  0  0  0
32  0      0  85004  17884  35828    0    0     0     0  797  926 76 24  0  0  0
32  0      0  85004  17884  35828    0    0     0     0  820  980 71 29  0  0  0
32  0      0  85004  17884  35828    0    0     0     0  845  988 71 29  0  0  0
32  0      0  85004  17884  35828    0    0     0     0  804  929 74 27  0  0  0
32  0      0  85004  17884  35828    0    0     0     0  783  891 79 21  0  0  0
32  0      0  85004  17884  35828    0    0     0     0  812  972 75 25  0  0  0
32  0      0  85004  17884  35828    0    0     0     0  812  944 74 26  0  0  0
32  0      0  85004  17884  35828    0    0     0     0  771  871 79 21  0  0  0
32  0      0  85004  17884  35828    0    0     0     0  792  924 75 25  0  0  0
32  0      0  85004  17884  35828    0    0     0     0  768  875 80 20  0  0  0
32  0      0  85004  17884  35828    0    0     0     0  870 1035 66 34  0  0  0
32  0      0  85004  17884  35828    0    0     0     0  803  947 74 26  0  0  0
32  0      0  85004  17884  35828    0    0     0     0  762  862 75 25  0  0  0
33  0      0  85004  17884  35828    0    0     0     0  639  632 64 37  0  0  0
===VMSTAT_END===
========== SPEEDOMETER RT APPLICATION RESULTS ==========
Test Configuration:
Period: 50.000 ms
Deadline: 5.000 ms
RT Priority: 99 (SCHED_FIFO)
Execution Statistics:
Total cycles: 298
Deadline misses: 0 (0.000%)
Execution Time (μs):
Mean: 356.034
Min: 151.872
Max: 1722.128
50th percentile: 217.760
95th percentile: 1377.136
99th percentile: 1603.312
99.9th percentile: 1722.128
Jitter (μs):
Mean: 2091.268
Min: 1058.688
Max: 4611.104
Response Time (μs):
Mean: 2447.302
Min: 1243.488
Max: 4893.952
50th percentile: 2155.232
95th percentile: 3543.504
99th percentile: 4149.536
99.9th percentile: 4893.952
========================================================
[  380.351292] SDK:handler_do_el0_svc_pre: syscall __NR_futex (98) is not allowed
[  380.665688] SDK:handler_do_el0_svc_pre: syscall __NR_munmap (215) is not allowed
[  380.675511] SDK:handler_do_el0_svc_pre: syscall __NR_wait4 (260) is not allowed
[  380.684415] SDK:handler_do_el0_svc_pre: syscall __NR_munmap (215) is not allowed
[  380.695873] SDK:handler_do_el0_svc_pre: syscall __NR_rt_sigprocmask (135) is not allowed
[  380.711476] SDK:handler_do_el0_svc_pre: syscall __NR_futex (98) is not allowed
[  380.735544] SDK:handler_do_el0_svc_pre: syscall __NR_exit (93) is not allowed
[  380.736359] SDK:handler_do_el0_svc_pre: syscall __NR_futex (98) is not allowed
[  380.751849] SDK:handler_do_el0_svc_pre: syscall __NR_munmap (215) is not allowed
===VMSTAT_START===
procs -----------memory---------- ---swap-- -----io---- -system-- ------cpu-----
r  b   swpd   free   buff  cache   si   so    bi    bo   in   cs us sy id wa st
0  0      0  68604    512   9828    0    0     0     0   63   65  0  5 94  0  0
0  0      0  68460    512   9828    0    0     0     0   53   60  1  2 98  0  0
1  0      0  68460    512   9828    0    0     0     0   55   61  1  2 97  0  0
0  0      0  68460    512   9828    0    0     0     0   45   55  1  2 98  0  0
0  0      0  68460    512   9828    0    0     0     0   56   60  1  1 98  0  0
0  0      0  68460    512   9828    0    0     0     0   49   60  0  2 98  0  0
0  0      0  68460    512   9828    0    0     0     0   53   60  0  2 98  0  0
0  0      0  68460    512   9828    0    0     0     0   51   58  1  2 97  0  0
0  0      0  68460    512   9828    0    0     0     0   51   58  1  2 98  0  0
0  0      0  68460    512   9828    0    0     0     0   52   60  0  2 98  0  0
0  0      0  68460    512   9828    0    0     0     0   51   54  1  2 98  0  0
0  0      0  68460    512   9828    0    0     0     0   50   60  0  2 98  0  0
1  0      0  68460    512   9828    0    0     0     0   51   60  1  2 98  0  0
0  0      0  68460    512   9828    0    0     0     0   47   59  0  2 98  0  0
1  0      0  68460    512   9828    0    0     0     0   57   56  0  2 97  0  0
0  0      0  68460    512   9828    0    0     0     0  148   47  1  8 91  0  0
===VMSTAT_END===
===CSV_START===
cycle,timestamp_s,execution_time_us,jitter_us,response_time_us,deadline_miss
1,0.051394,240.304,1393.792,1634.096,0
2,0.103143,257.216,3142.544,3399.760,0
3,0.152234,314.288,2234.464,2548.752,0
4,0.202792,210.496,2792.176,3002.672,0
5,0.253036,224.240,3035.520,3259.760,0
6,0.301895,248.112,1895.088,2143.200,0
7,0.351791,178.288,1790.896,1969.184,0
8,0.401689,1342.976,1689.424,3032.400,0
9,0.452680,157.264,2680.384,2837.648,0
10,0.501802,208.752,1802.384,2011.136,0
11,0.551565,197.712,1564.512,1762.224,0
12,0.601858,212.544,1857.904,2070.448,0
13,0.651481,196.336,1480.704,1677.040,0
14,0.701769,207.632,1768.784,1976.416,0
15,0.751586,173.088,1586.176,1759.264,0
16,0.802326,247.936,2325.616,2573.552,0
17,0.852040,160.944,2039.984,2200.928,0
18,0.901774,247.248,1774.496,2021.744,0
19,0.951846,191.648,1846.224,2037.872,0
20,1.001929,289.680,1928.576,2218.256,0
21,1.051885,161.216,1884.720,2045.936,0
22,1.101938,282.928,1937.968,2220.896,0
23,1.151798,176.384,1798.416,1974.800,0
24,1.201232,308.784,1232.352,1541.136,0
25,1.251857,168.848,1857.408,2026.256,0
26,1.303160,285.248,3160.144,3445.392,0
27,1.351966,223.664,1965.504,2189.168,0
28,1.401644,1480.176,1643.856,3124.032,0
29,1.451936,221.504,1936.016,2157.520,0
30,1.503169,221.264,3169.424,3390.688,0
31,1.551936,190.816,1935.824,2126.640,0
32,1.602915,182.288,2915.136,3097.424,0
33,1.653054,317.040,3053.776,3370.816,0
34,1.701964,189.888,1964.032,2153.920,0
35,1.752126,165.344,2126.464,2291.808,0
36,1.801798,329.280,1797.920,2127.200,0
37,1.851867,224.736,1867.312,2092.048,0
38,1.903145,347.552,3144.672,3492.224,0
39,1.951854,196.176,1854.480,2050.656,0
40,2.001738,1165.776,1737.968,2903.744,0
41,2.051905,153.984,1905.456,2059.440,0
42,2.101801,255.008,1800.896,2055.904,0
43,2.151516,175.664,1515.696,1691.360,0
44,2.201859,870.112,1859.360,2729.472,0
45,2.251978,185.216,1977.584,2162.800,0
46,2.303276,278.416,3276.288,3554.704,0
47,2.351536,185.200,1536.112,1721.312,0
48,2.401754,1581.312,1753.696,3335.008,0
49,2.451771,154.320,1770.912,1925.232,0
50,2.503231,260.192,3231.440,3491.632,0
51,2.551850,199.776,1850.080,2049.856,0
52,2.603137,217.760,3136.896,3354.656,0
53,2.651801,166.032,1800.880,1966.912,0
54,2.702743,272.032,2742.624,3014.656,0
55,2.751845,212.704,1844.560,2057.264,0
56,2.802921,349.360,2920.976,3270.336,0
57,2.851746,169.232,1746.416,1915.648,0
58,2.903323,247.008,3323.312,3570.320,0
59,2.951593,159.040,1592.800,1751.840,0
60,3.001890,298.176,1890.080,2188.256,0
61,3.051939,178.752,1938.848,2117.600,0
62,3.102835,186.704,2834.544,3021.248,0
63,3.154611,282.848,4611.104,4893.952,0
64,3.203971,178.768,3970.768,4149.536,0
65,3.252658,252.544,2658.400,2910.944,0
66,3.303200,177.472,3199.936,3377.408,0
67,3.351938,154.928,1937.856,2092.784,0
68,3.401744,290.048,1744.352,2034.400,0
69,3.451926,164.736,1926.192,2090.928,0
70,3.502953,327.136,2953.136,3280.272,0
71,3.551966,184.320,1965.712,2150.032,0
72,3.601704,1698.688,1703.584,3402.272,0
73,3.652093,203.488,2092.864,2296.352,0
74,3.703301,294.544,3300.992,3595.536,0
75,3.751951,199.552,1951.264,2150.816,0
76,3.803089,341.792,3088.768,3430.560,0
77,3.851937,173.376,1936.800,2110.176,0
78,3.903479,242.080,3479.440,3721.520,0
79,3.951675,209.328,1674.960,1884.288,0
80,4.003913,178.016,3912.944,4090.960,0
81,4.051763,253.040,1762.784,2015.824,0
82,4.101882,219.200,1881.792,2100.992,0
83,4.151833,213.008,1833.200,2046.208,0
84,4.203237,296.256,3236.928,3533.184,0
85,4.251632,299.632,1631.968,1931.600,0
86,4.303103,170.144,3102.560,3272.704,0
87,4.351606,328.928,1606.208,1935.136,0
88,4.402856,172.624,2856.144,3028.768,0
89,4.452071,194.112,2071.200,2265.312,0
90,4.501639,283.568,1639.408,1922.976,0
91,4.551823,179.248,1823.440,2002.688,0
92,4.602931,271.024,2931.328,3202.352,0
93,4.651867,161.264,1867.264,2028.528,0
94,4.703550,213.760,3549.968,3763.728,0
95,4.751709,201.328,1708.944,1910.272,0
96,4.801912,202.656,1911.520,2114.176,0
97,4.853049,263.664,3049.296,3312.960,0
98,4.901848,278.960,1848.080,2127.040,0
99,4.952063,259.856,2063.296,2323.152,0
100,5.001610,1523.904,1609.808,3133.712,0
101,5.051722,193.792,1721.728,1915.520,0
102,5.101792,238.560,1792.448,2031.008,0
103,5.151610,155.760,1609.808,1765.568,0
104,5.201914,224.832,1914.144,2138.976,0
105,5.251706,177.680,1706.224,1883.904,0
106,5.301766,248.528,1765.616,2014.144,0
107,5.351771,183.792,1771.312,1955.104,0
108,5.401934,522.112,1934.208,2456.320,0
109,5.451459,197.088,1458.880,1655.968,0
110,5.503009,205.712,3009.072,3214.784,0
111,5.551742,193.600,1742.272,1935.872,0
112,5.603193,370.016,3192.544,3562.560,0
113,5.651769,265.216,1769.376,2034.592,0
114,5.701888,234.672,1888.192,2122.864,0
115,5.751723,187.792,1722.944,1910.736,0
116,5.801950,313.968,1949.984,2263.952,0
117,5.851780,169.728,1779.536,1949.264,0
118,5.901916,344.176,1916.032,2260.208,0
119,5.951795,157.312,1795.328,1952.640,0
120,6.001499,1335.984,1498.816,2834.800,0
121,6.051946,208.144,1946.480,2154.624,0
122,6.101490,1367.296,1490.192,2857.488,0
123,6.151792,205.552,1792.096,1997.648,0
124,6.202992,211.344,2992.352,3203.696,0
125,6.251059,184.800,1058.688,1243.488,0
126,6.301643,1025.472,1643.120,2668.592,0
127,6.351799,230.784,1799.152,2029.936,0
128,6.401646,1722.128,1646.384,3368.512,0
129,6.451609,195.392,1609.248,1804.640,0
130,6.501924,260.304,1923.936,2184.240,0
131,6.551876,155.184,1876.032,2031.216,0
132,6.601763,196.016,1762.688,1958.704,0
133,6.651771,212.704,1771.216,1983.920,0
134,6.701744,278.768,1743.776,2022.544,0
135,6.751807,158.368,1806.592,1964.960,0
136,6.801719,1028.096,1718.912,2747.008,0
137,6.851608,159.792,1607.840,1767.632,0
138,6.901730,256.880,1730.176,1987.056,0
139,6.951598,179.344,1597.952,1777.296,0
140,7.001529,1410.416,1528.800,2939.216,0
141,7.051946,175.504,1945.824,2121.328,0
142,7.101879,247.008,1878.576,2125.584,0
143,7.151740,156.944,1739.616,1896.560,0
144,7.201779,358.208,1779.472,2137.680,0
145,7.252254,391.888,2254.448,2646.336,0
146,7.303953,220.912,3952.640,4173.552,0
147,7.351744,184.848,1743.792,1928.640,0
148,7.401866,292.896,1865.696,2158.592,0
149,7.451900,275.584,1900.416,2176.000,0
150,7.501763,1151.344,1763.072,2914.416,0
151,7.551748,178.304,1748.160,1926.464,0
152,7.601615,1533.680,1614.624,3148.304,0
153,7.651980,203.168,1980.496,2183.664,0
154,7.701618,1285.376,1618.496,2903.872,0
155,7.751779,166.560,1778.928,1945.488,0
156,7.802892,190.416,2892.208,3082.624,0
157,7.851896,207.120,1895.504,2102.624,0
158,7.901636,1366.576,1636.272,3002.848,0
159,7.951942,221.232,1941.792,2163.024,0
160,8.001779,275.760,1779.184,2054.944,0
161,8.053088,316.080,3087.504,3403.584,0
162,8.103212,166.464,3212.176,3378.640,0
163,8.151587,175.088,1586.992,1762.080,0
164,8.201880,189.536,1880.000,2069.536,0
165,8.251922,233.280,1921.952,2155.232,0
166,8.301577,1220.096,1576.848,2796.944,0
167,8.351630,175.600,1629.744,1805.344,0
168,8.403130,160.096,3129.536,3289.632,0
169,8.451893,187.024,1892.848,2079.872,0
170,8.502975,217.776,2975.232,3193.008,0
171,8.551742,175.168,1742.160,1917.328,0
172,8.601693,219.152,1692.528,1911.680,0
173,8.652026,212.368,2026.032,2238.400,0
174,8.701536,1603.312,1536.368,3139.680,0
175,8.751632,210.032,1631.584,1841.616,0
176,8.801929,300.400,1929.296,2229.696,0
177,8.851873,266.880,1873.072,2139.952,0
178,8.901889,253.632,1888.912,2142.544,0
179,8.951725,173.392,1724.832,1898.224,0
180,9.003090,267.984,3089.744,3357.728,0
181,9.051598,174.560,1598.016,1772.576,0
182,9.101747,346.592,1747.008,2093.600,0
183,9.151949,251.200,1949.264,2200.464,0
184,9.201645,1539.120,1644.608,3183.728,0
185,9.251736,193.600,1735.776,1929.376,0
186,9.301958,200.064,1957.840,2157.904,0
187,9.351804,246.720,1803.600,2050.320,0
188,9.403164,295.312,3163.616,3458.928,0
189,9.451997,184.704,1997.424,2182.128,0
190,9.503409,243.984,3409.120,3653.104,0
191,9.551906,192.912,1905.808,2098.720,0
192,9.602438,190.976,2437.520,2628.496,0
193,9.651895,190.272,1894.864,2085.136,0
194,9.701627,1441.008,1626.544,3067.552,0
195,9.751854,204.512,1853.536,2058.048,0
196,9.801587,1253.792,1586.576,2840.368,0
197,9.851667,222.048,1667.008,1889.056,0
198,9.901857,258.864,1857.312,2116.176,0
199,9.951680,220.224,1680.368,1900.592,0
200,10.001786,222.784,1786.288,2009.072,0
201,10.053237,306.880,3236.624,3543.504,0
202,10.101782,287.904,1781.968,2069.872,0
203,10.151483,206.176,1483.120,1689.296,0
204,10.201862,246.704,1861.888,2108.592,0
205,10.252000,162.656,2000.080,2162.736,0
206,10.301536,948.480,1535.552,2484.032,0
207,10.351738,192.672,1738.208,1930.880,0
208,10.403002,205.920,3001.712,3207.632,0
209,10.451805,234.576,1805.200,2039.776,0
210,10.501632,1246.176,1632.352,2878.528,0
211,10.551736,204.480,1735.600,1940.080,0
212,10.601624,1546.096,1624.496,3170.592,0
213,10.651862,188.800,1862.336,2051.136,0
214,10.701976,171.824,1976.336,2148.160,0
215,10.751810,170.288,1809.520,1979.808,0
216,10.803183,171.120,3182.656,3353.776,0
217,10.852039,208.032,2039.168,2247.200,0
218,10.901586,1180.000,1585.728,2765.728,0
219,10.951481,231.008,1481.168,1712.176,0
220,11.001629,1292.160,1629.168,2921.328,0
221,11.051934,190.448,1934.224,2124.672,0
222,11.101730,1506.080,1730.048,3236.128,0
223,11.151863,211.312,1863.312,2074.624,0
224,11.203081,465.328,3081.392,3546.720,0
225,11.251756,276.656,1756.496,2033.152,0
226,11.301902,354.992,1902.080,2257.072,0
227,11.351693,204.656,1693.120,1897.776,0
228,11.401752,188.336,1752.224,1940.560,0
229,11.451610,187.168,1610.096,1797.264,0
230,11.501794,200.144,1793.824,1993.968,0
231,11.551992,240.224,1991.536,2231.760,0
232,11.601712,227.104,1712.112,1939.216,0
233,11.651707,246.544,1706.784,1953.328,0
234,11.701625,1277.904,1625.392,2903.296,0
235,11.752005,191.520,2005.216,2196.736,0
236,11.801892,242.608,1892.192,2134.800,0
237,11.851895,192.992,1895.184,2088.176,0
238,11.902872,191.760,2872.400,3064.160,0
239,11.951873,188.336,1873.312,2061.648,0
240,12.003165,181.648,3164.944,3346.592,0
241,12.051862,226.240,1861.664,2087.904,0
242,12.101628,1283.424,1627.872,2911.296,0
243,12.151597,211.792,1596.880,1808.672,0
244,12.201947,195.136,1947.328,2142.464,0
245,12.251748,155.280,1748.288,1903.568,0
246,12.303060,217.296,3060.384,3277.680,0
247,12.351979,207.008,1979.344,2186.352,0
248,12.401762,190.096,1762.128,1952.224,0
249,12.451952,247.344,1951.600,2198.944,0
250,12.501883,320.064,1882.944,2203.008,0
251,12.551944,169.760,1944.384,2114.144,0
252,12.602894,157.024,2894.240,3051.264,0
253,12.652944,187.360,2944.336,3131.696,0
254,12.702854,151.872,2853.728,3005.600,0
255,12.751937,233.472,1937.440,2170.912,0
256,12.803114,185.472,3113.856,3299.328,0
257,12.852131,178.192,2131.312,2309.504,0
258,12.901886,234.080,1886.464,2120.544,0
259,12.951777,219.168,1776.544,1995.712,0
260,13.001723,1518.832,1722.752,3241.584,0
261,13.051880,159.632,1879.616,2039.248,0
262,13.101889,243.120,1889.328,2132.448,0
263,13.151686,234.720,1686.336,1921.056,0
264,13.201779,253.856,1778.928,2032.784,0
265,13.251931,260.480,1930.976,2191.456,0
266,13.303574,193.248,3574.448,3767.696,0
267,13.353152,355.776,3151.920,3507.696,0
268,13.403205,306.336,3204.624,3510.960,0
269,13.452068,166.640,2068.400,2235.040,0
270,13.502882,311.680,2881.664,3193.344,0
271,13.552009,191.856,2008.672,2200.528,0
272,13.601596,1377.136,1596.272,2973.408,0
273,13.652861,174.832,2861.200,3036.032,0
274,13.701781,234.752,1780.528,2015.280,0
275,13.752562,213.536,2562.288,2775.824,0
276,13.801597,1168.384,1597.184,2765.568,0
277,13.852185,201.136,2185.056,2386.192,0
278,13.903069,316.608,3069.040,3385.648,0
279,13.951951,273.632,1951.200,2224.832,0
280,14.003113,214.528,3113.024,3327.552,0
281,14.051621,185.504,1620.720,1806.224,0
282,14.103237,262.976,3237.440,3500.416,0
283,14.151561,197.264,1561.024,1758.288,0
284,14.201756,290.352,1755.744,2046.096,0
285,14.252056,180.512,2055.520,2236.032,0
286,14.301912,355.200,1912.272,2267.472,0
287,14.351856,155.952,1856.368,2012.320,0
288,14.401943,214.832,1942.768,2157.600,0
289,14.452007,189.552,2007.264,2196.816,0
290,14.501848,275.232,1848.448,2123.680,0
291,14.551781,176.368,1780.784,1957.152,0
292,14.601524,1281.632,1524.176,2805.808,0
293,14.652067,483.904,2066.784,2550.688,0
294,14.701928,158.432,1928.256,2086.688,0
295,14.751513,172.304,1512.608,1684.912,0
296,14.801601,1389.328,1600.912,2990.240,0
297,14.852902,152.880,2902.448,3055.328,0
298,14.903852,178.992,3851.792,4030.784,0
===CSV_END===
Statistics sent to li VM via shared memory
Run #11 completed. Waiting for next START command...
Waiting for START command from li VM...
