========================================
Signal Sender Workload (Synchronized)
========================================
Initializing shared memory...
Waiting for speedometer to register...
Found speedometer in shared memory!
Sending START command to speedometer: START: 30;5;20

Running workload signal period for 30 seconds...

Workload signal period completed.
Sending STOP command to speedometer...
Waiting for statistics from speedometer...

Stress workload terminated.
===VMSTAT_START===
procs -----------memory---------- ---swap-- -----io---- -system-- ------cpu-----
 r  b   swpd   free   buff  cache   si   so    bi    bo   in   cs us sy id wa st
 5  0      0 400672   5872  33148    0    0   189    50  409  469 14 66 18  2  0
 5  0      0 398444   7964  33144    0    0  1960     0 1221 1072  4 94  2  1  0
 5  0      0 397080   9296  33128    0    0  1332     0 1171 1100  5 93  2  1  0
 4  0      0 395468  10964  33176    0    0  1668     0 1148 1049  4 94  2  1  0
 4  0      0 395468  10964  33176    0    0     0     0 1209 1571  5 90  3  1  0
 4  0      0 395468  10964  33176    0    0     0     0 1202 1534  6 88  4  2  0
 5  0      0 395468  10964  33176    0    0     0     0 1206 1578  6 91  2  2  0
 5  0      0 395468  10964  33176    0    0     0     0 1228 1540  7 89  2  2  0
 5  0      0 395468  10964  33176    0    0     0     0 1206 1567  7 89  3  1  0
 4  0      0 395468  10964  33176    0    0     0     0 1200 1566  7 89  2  2  0
 4  0      0 395468  10964  33176    0    0     0     0 1230 1590  7 91  1  2  0
 5  0      0 395468  10964  33176    0    0     0     0 1218 1591  6 90  2  2  0
 6  0      0 395468  10964  33176    0    0     0     0 1199 1550  6 90  3  2  0
 5  0      0 395468  10964  33176    0    0     0     0 1210 1556  9 88  2  2  0
 4  0      0 395468  10964  33176    0    0     0     0 1198 1564  6 90  2  2  0
 4  0      0 395468  10964  33176    0    0     0     0 1198 1591  5 90  4  2  0
 4  0      0 395468  10964  33176    0    0     0     0 1223 1594  5 91  2  2  0
 3  0      0 395468  10964  33176    0    0     0     0 1188 1543  6 89  3  2  0
 5  0      0 395468  10964  33176    0    0     0     0 1221 1538  7 90  2  1  0
 5  0      0 395468  10964  33176    0    0     0     0 1215 1628  5 92  2  2  0
 5  0      0 395468  10964  33176    0    0     0     0 1192 1608  5 91  3  2  0
 4  0      0 395468  10964  33176    0    0     0     0 1204 1576  6 89  4  1  0
 4  0      0 395468  10964  33176    0    0     0     0 1214 1545  6 89  2  2  0
 4  0      0 395468  10964  33176    0    0     0     0 1234 1537  5 91  2  2  0
 4  0      0 395468  10964  33176    0    0     0     0 1228 1545  6 91  1  2  0
 5  0      0 395468  10964  33176    0    0     0     0 1211 1562  6 89  2  2  0
 4  0      0 395468  10964  33176    0    0     0     0 1220 1608  8 89  1  3  0
 5  0      0 395468  10964  33176    0    0     0     0 1226 1563  9 88  1  2  0
 4  0      0 395468  10964  33176    0    0     0     0 1186 1514  8 87  4  1  0
 6  0      0 395468  10964  33176    0    0     0     0 1204 1627  6 92  0  2  0
 4  0      0 395468  10964  33176    0    0     0     0 1117 1424  6 90  0  4  0
 5  0      0 395468  10964  33176    0    0     0     0 1241 1556  5 89  0  6  0
 6  0      0 395468  10964  33176    0    0     0     0 1263 1542  7 88  0  6  0
 5  0      0 395344  11028  33164    0    0    64     0 1252 1552  7 87  1  5  0
 2  3      0 395096  11348  33176    0    0   320     0  763  743  3 84  0 13  0
 4  2      0 395096  11348  33176    0    0     0     0  768  753  3 82  0 15  0
 5  1      0 395096  11348  33176    0    0     0     0  760  811  3 79  0 18  0
===VMSTAT_END===
========== SPEEDOMETER RT APPLICATION RESULTS ==========
Test Configuration:
Period: 50.000 ms
Deadline: 5.000 ms
RT Priority: 99 (SCHED_FIFO)
Execution Statistics:
Total cycles: 597
Deadline misses: 10 (1.675%)
Execution Time (μs):
Mean: 304.052
Min: 155.200
Max: 2142.976
50th percentile: 255.584
95th percentile: 458.736
99th percentile: 1690.176
99.9th percentile: 2142.976
Jitter (μs):
Mean: 2525.217
Min: 1206.624
Max: 6112.976
Response Time (μs):
Mean: 2829.268
Min: 1511.408
Max: 6379.904
50th percentile: 2794.224
95th percentile: 4436.032
99th percentile: 5335.008
99.9th percentile: 6379.904
========================================================
[   83.655549] SDK:handler_do_el0_svc_pre: syscall __NR_futex (98) is not allowed
[   87.128503] SDK:handler_do_el0_svc_pre: syscall __NR_munmap (215) is not allowed
[   87.139879] SDK:handler_do_el0_svc_pre: syscall __NR_wait4 (260) is not allowed
[   87.151935] SDK:handler_do_el0_svc_pre: syscall __NR_munmap (215) is not allowed
[   87.163480] SDK:handler_do_el0_svc_pre: syscall __NR_rt_sigprocmask (135) is not allowed
[   87.172313] SDK:handler_do_el0_svc_pre: syscall __NR_futex (98) is not allowed
[   87.183899] SDK:handler_do_el0_svc_pre: syscall __NR_exit (93) is not allowed
[   87.195229] SDK:handler_do_el0_svc_pre: syscall __NR_futex (98) is not allowed
[   87.212208] SDK:handler_do_el0_svc_pre: syscall __NR_munmap (215) is not allowed
===VMSTAT_START===
procs -----------memory---------- ---swap-- -----io---- -system-- ------cpu-----
r  b   swpd   free   buff  cache   si   so    bi    bo   in   cs us sy id wa st
0  0      0  69220    512   9544    0    0     0     0   82  101  1  7 90  2  0
0  0      0  69088    512   9564    0    0     0     0   56   58  1  3 97  0  0
0  0      0  69088    512   9564    0    0     0     0   55   58  1  3 97  0  0
1  0      0  69088    512   9564    0    0     0     0   56   54  1  2 98  0  0
1  0      0  69088    512   9564    0    0     0     0   56   67  0  2 98  0  0
0  0      0  69088    512   9564    0    0     0     0   52   57  1  2 98  0  0
0  0      0  69088    512   9564    0    0     0     0   53   56  1  2 97  0  0
0  0      0  69088    512   9564    0    0     0     0   58   59  0  2 98  0  0
0  0      0  69088    512   9564    0    0     0     0   49   63  1  1 98  0  0
0  0      0  69088    512   9564    0    0     0     0   52   60  1  2 98  0  0
0  0      0  69088    512   9564    0    0     0     0   50   57  1  3 97  0  0
0  0      0  69088    512   9564    0    0     0     0   60   62  1  2 98  0  0
0  0      0  69088    512   9564    0    0     0     0   54   63  1  2 97  0  0
0  0      0  69088    512   9564    0    0     0     0   57   52  0  3 97  0  0
0  0      0  69088    512   9564    0    0     0     0   54   62  0  3 97  0  0
1  0      0  69088    512   9564    0    0     0     0   54   55  1  2 98  0  0
2  0      0  69088    512   9564    0    0     0     0   60   61  1  3 97  0  0
1  0      0  69088    512   9564    0    0     0     0   56   55  1  2 97  0  0
2  0      0  69088    512   9564    0    0     0     0   55   56  0  2 98  0  0
1  0      0  69088    512   9564    0    0     0     0   51   58  1  2 97  0  0
0  0      0  69088    512   9564    0    0     0     0   55   60  1  2 97  0  0
1  0      0  69088    512   9564    0    0     0     0   58   56  1  2 97  0  0
0  0      0  69088    512   9564    0    0     0     0   46   59  1  1 98  0  0
1  0      0  69088    512   9564    0    0     0     0   56   58  1  1 98  0  0
0  0      0  69088    512   9564    0    0     0     0   58   63  1  3 97  0  0
0  0      0  69088    512   9564    0    0     0     0   45   54  0  2 98  0  0
0  0      0  69088    512   9564    0    0     0     0   49   58  1  2 97  0  0
0  0      0  69088    512   9564    0    0     0     0  154   40  1 11 89  0  0
0  0      0  69076    512   9564    0    0     0     0   17   23  0  1 100  0  0
0  0      0  69076    512   9564    0    0     0     0   14   16  0  0 100  0  0
0  0      0  69076    512   9564    0    0     0     0   14   16  0  0 100  0  0
===VMSTAT_END===
===CSV_START===
cycle,timestamp_s,execution_time_us,jitter_us,response_time_us,deadline_miss
1,0.054951,427.664,4950.672,5378.336,1
2,0.102621,170.624,2620.512,2791.136,0
3,0.153000,1248.064,3000.096,4248.160,0
4,0.202875,397.280,2875.312,3272.592,0
5,0.254103,254.736,4103.024,4357.760,0
6,0.302703,206.368,2702.800,2909.168,0
7,0.353297,208.832,3296.976,3505.808,0
8,0.402784,321.152,2783.856,3105.008,0
9,0.453177,258.208,3176.752,3434.960,0
10,0.502001,191.184,2000.864,2192.048,0
11,0.554597,190.416,4597.072,4787.488,0
12,0.602936,306.064,2936.176,3242.240,0
13,0.652008,897.952,2007.616,2905.568,0
14,0.701765,423.328,1764.560,2187.888,0
15,0.752745,457.552,2745.168,3202.720,0
16,0.802642,424.256,2642.464,3066.720,0
17,0.851881,220.144,1881.168,2101.312,0
18,0.901758,434.256,1758.496,2192.752,0
19,0.953572,186.160,3572.000,3758.160,0
20,1.001583,232.912,1582.608,1815.520,0
21,1.051568,184.976,1568.368,1753.344,0
22,1.102930,246.704,2929.520,3176.224,0
23,1.154616,270.736,4615.824,4886.560,0
24,1.206113,266.928,6112.976,6379.904,1
25,1.254075,297.552,4074.752,4372.304,0
26,1.302843,319.424,2843.184,3162.608,0
27,1.353644,387.488,3643.840,4031.328,0
28,1.401762,322.816,1761.760,2084.576,0
29,1.451430,161.488,1430.160,1591.648,0
30,1.503433,162.880,3433.376,3596.256,0
31,1.553571,289.248,3570.944,3860.192,0
32,1.601963,424.400,1962.576,2386.976,0
33,1.652319,450.816,2318.992,2769.808,0
34,1.702927,431.440,2926.992,3358.432,0
35,1.754141,249.424,4140.768,4390.192,0
36,1.802642,220.624,2641.568,2862.192,0
37,1.852757,241.648,2757.152,2998.800,0
38,1.901647,174.208,1647.488,1821.696,0
39,1.952837,172.384,2837.360,3009.744,0
40,2.002790,277.664,2790.256,3067.920,0
41,2.054367,271.328,4367.376,4638.704,0
42,2.102765,216.256,2765.040,2981.296,0
43,2.152814,225.424,2813.680,3039.104,0
44,2.203001,296.992,3000.672,3297.664,0
45,2.254021,468.048,4021.296,4489.344,0
46,2.301831,205.184,1830.576,2035.760,0
47,2.351878,300.384,1877.792,2178.176,0
48,2.402849,362.080,2849.072,3211.152,0
49,2.452840,507.824,2839.872,3347.696,0
50,2.502980,367.648,2979.504,3347.152,0
51,2.553160,324.192,3160.032,3484.224,0
52,2.602755,208.864,2755.056,2963.920,0
53,2.653139,561.648,3139.456,3701.104,0
54,2.702899,402.448,2899.344,3301.792,0
55,2.752759,218.832,2758.592,2977.424,0
56,2.801624,179.712,1624.016,1803.728,0
57,2.854600,309.408,4600.048,4909.456,0
58,2.902631,201.744,2631.328,2833.072,0
59,2.952836,324.064,2836.176,3160.240,0
60,3.001681,363.552,1680.640,2044.192,0
61,3.051801,236.208,1800.656,2036.864,0
62,3.101727,273.728,1726.640,2000.368,0
63,3.151824,1613.328,1824.112,3437.440,0
64,3.201692,224.480,1692.176,1916.656,0
65,3.251619,221.776,1619.296,1841.072,0
66,3.301666,251.136,1665.664,1916.800,0
67,3.351559,226.048,1559.168,1785.216,0
68,3.401690,284.640,1690.432,1975.072,0
69,3.453530,347.520,3530.416,3877.936,0
70,3.502931,242.592,2930.880,3173.472,0
71,3.551663,184.432,1662.928,1847.360,0
72,3.602712,203.760,2712.224,2915.984,0
73,3.654641,252.928,4641.248,4894.176,0
74,3.701644,328.064,1643.680,1971.744,0
75,3.751611,242.704,1610.672,1853.376,0
76,3.802599,196.384,2599.456,2795.840,0
77,3.855189,201.312,5189.312,5390.624,1
78,3.902615,218.000,2614.960,2832.960,0
79,3.952327,377.968,2327.344,2705.312,0
80,4.001682,249.696,1682.304,1932.000,0
81,4.051403,183.632,1402.592,1586.224,0
82,4.103576,284.560,3575.568,3860.128,0
83,4.151721,218.256,1721.088,1939.344,0
84,4.201566,229.584,1565.792,1795.376,0
85,4.251817,313.632,1817.104,2130.736,0
86,4.302657,215.248,2657.248,2872.496,0
87,4.351682,228.448,1682.368,1910.816,0
88,4.402586,177.488,2585.600,2763.088,0
89,4.455461,272.816,5460.960,5733.776,1
90,4.502674,264.432,2673.552,2937.984,0
91,4.551590,198.064,1589.568,1787.632,0
92,4.603017,402.336,3016.528,3418.864,0
93,4.654689,230.864,4689.472,4920.336,0
94,4.701384,175.920,1383.696,1559.616,0
95,4.754968,384.640,4968.240,5352.880,1
96,4.801902,409.952,1901.536,2311.488,0
97,4.853043,331.184,3043.136,3374.320,0
98,4.902613,199.632,2612.752,2812.384,0
99,4.954996,319.600,4996.256,5315.856,1
100,5.002828,349.712,2828.000,3177.712,0
101,5.051672,162.560,1671.952,1834.512,0
102,5.102492,192.464,2491.584,2684.048,0
103,5.153617,190.064,3616.928,3806.992,0
104,5.202446,228.112,2446.032,2674.144,0
105,5.253779,310.240,3778.512,4088.752,0
106,5.301750,212.688,1750.256,1962.944,0
107,5.353508,316.512,3508.016,3824.528,0
108,5.401430,321.504,1429.616,1751.120,0
109,5.454640,249.904,4640.416,4890.320,0
110,5.502588,254.224,2588.128,2842.352,0
111,5.554223,232.752,4222.832,4455.584,0
112,5.601461,282.352,1461.344,1743.696,0
113,5.653692,291.808,3692.368,3984.176,0
114,5.701636,310.352,1636.320,1946.672,0
115,5.751632,216.448,1632.448,1848.896,0
116,5.801672,250.080,1672.416,1922.496,0
117,5.851585,170.416,1585.040,1755.456,0
118,5.901637,190.336,1636.832,1827.168,0
119,5.953774,238.112,3774.336,4012.448,0
120,6.002893,407.648,2892.640,3300.288,0
121,6.051689,205.792,1689.296,1895.088,0
122,6.102799,262.176,2798.560,3060.736,0
123,6.151668,204.128,1668.240,1872.368,0
124,6.202150,205.040,2149.728,2354.768,0
125,6.253609,186.800,3609.280,3796.080,0
126,6.301413,211.872,1413.264,1625.136,0
127,6.352685,339.600,2684.592,3024.192,0
128,6.401769,281.616,1769.360,2050.976,0
129,6.453897,338.944,3896.592,4235.536,0
130,6.501721,333.200,1721.040,2054.240,0
131,6.554379,218.688,4378.896,4597.584,0
132,6.602799,225.792,2798.992,3024.784,0
133,6.651905,2142.976,1904.640,4047.616,0
134,6.701661,371.296,1660.848,2032.144,0
135,6.751677,177.616,1676.832,1854.448,0
136,6.802584,172.624,2584.336,2756.960,0
137,6.851729,232.224,1728.864,1961.088,0
138,6.901796,449.792,1796.240,2246.032,0
139,6.951767,186.256,1766.880,1953.136,0
140,7.002679,293.168,2679.088,2972.256,0
141,7.053737,467.648,3737.008,4204.656,0
142,7.103157,185.504,3156.816,3342.320,0
143,7.153597,275.632,3596.576,3872.208,0
144,7.202570,196.816,2569.760,2766.576,0
145,7.253770,189.216,3770.112,3959.328,0
146,7.302793,156.752,2793.344,2950.096,0
147,7.351359,266.800,1358.528,1625.328,0
148,7.402627,197.152,2626.784,2823.936,0
149,7.453494,267.616,3494.448,3762.064,0
150,7.501580,228.752,1579.984,1808.736,0
151,7.553036,315.616,3036.448,3352.064,0
152,7.602519,165.024,2518.624,2683.648,0
153,7.651812,248.752,1812.144,2060.896,0
154,7.701493,186.064,1492.512,1678.576,0
155,7.753691,356.960,3690.864,4047.824,0
156,7.802494,256.224,2493.776,2750.000,0
157,7.852833,274.208,2833.216,3107.424,0
158,7.901271,240.080,1271.328,1511.408,0
159,7.951660,182.208,1659.792,1842.000,0
160,8.001514,263.088,1514.208,1777.296,0
161,8.053605,213.136,3604.720,3817.856,0
162,8.102613,209.008,2613.312,2822.320,0
163,8.154428,223.936,4428.160,4652.096,0
164,8.202748,229.808,2748.048,2977.856,0
165,8.251498,257.280,1498.304,1755.584,0
166,8.302671,216.640,2670.992,2887.632,0
167,8.353535,235.856,3535.280,3771.136,0
168,8.402812,306.240,2812.464,3118.704,0
169,8.453827,358.576,3826.912,4185.488,0
170,8.502420,180.832,2419.552,2600.384,0
171,8.553566,446.848,3566.368,4013.216,0
172,8.601431,225.120,1430.928,1656.048,0
173,8.653927,428.816,3927.280,4356.096,0
174,8.701801,560.480,1800.592,2361.072,0
175,8.751620,251.248,1620.208,1871.456,0
176,8.801808,173.824,1808.352,1982.176,0
177,8.851590,220.384,1589.552,1809.936,0
178,8.901831,393.632,1831.104,2224.736,0
179,8.951521,168.576,1521.184,1689.760,0
180,9.002332,210.256,2332.320,2542.576,0
181,9.052137,305.792,2137.440,2443.232,0
182,9.101479,227.232,1478.720,1705.952,0
183,9.154653,343.360,4653.088,4996.448,0
184,9.201712,427.920,1711.920,2139.840,0
185,9.251591,338.032,1590.976,1929.008,0
186,9.302829,260.688,2829.312,3090.000,0
187,9.351437,268.560,1436.752,1705.312,0
188,9.402634,362.528,2633.600,2996.128,0
189,9.452232,257.840,2232.352,2490.192,0
190,9.502499,204.608,2498.512,2703.120,0
191,9.554456,225.408,4455.536,4680.944,0
192,9.601748,390.576,1748.400,2138.976,0
193,9.651498,335.376,1497.792,1833.168,0
194,9.702700,184.864,2700.144,2885.008,0
195,9.752317,346.800,2316.992,2663.792,0
196,9.802639,283.952,2638.976,2922.928,0
197,9.854008,299.312,4008.192,4307.504,0
198,9.902922,317.840,2921.840,3239.680,0
199,9.951975,1579.328,1974.816,3554.144,0
200,10.002514,224.096,2513.744,2737.840,0
201,10.051565,202.112,1565.424,1767.536,0
202,10.102484,314.480,2484.496,2798.976,0
203,10.152895,355.952,2894.912,3250.864,0
204,10.203037,271.424,3036.816,3308.240,0
205,10.252848,460.720,2848.112,3308.832,0
206,10.302758,209.088,2757.616,2966.704,0
207,10.351955,1627.760,1954.752,3582.512,0
208,10.402763,255.344,2762.752,3018.096,0
209,10.451666,326.064,1666.384,1992.448,0
210,10.502673,178.080,2672.864,2850.944,0
211,10.551702,210.448,1701.744,1912.192,0
212,10.602583,239.600,2582.816,2822.416,0
213,10.653733,264.528,3733.408,3997.936,0
214,10.702784,212.352,2784.048,2996.400,0
215,10.752937,443.440,2936.704,3380.144,0
216,10.801837,289.440,1837.456,2126.896,0
217,10.851731,224.256,1730.928,1955.184,0
218,10.901643,222.192,1642.768,1864.960,0
219,10.951517,265.008,1517.232,1782.240,0
220,11.002625,169.296,2624.928,2794.224,0
221,11.051595,367.760,1594.896,1962.656,0
222,11.102621,220.704,2620.928,2841.632,0
223,11.152746,373.312,2746.128,3119.440,0
224,11.201476,284.944,1475.824,1760.768,0
225,11.251585,312.720,1584.608,1897.328,0
226,11.301825,170.944,1825.232,1996.176,0
227,11.352006,1288.640,2006.432,3295.072,0
228,11.401823,306.992,1822.688,2129.680,0
229,11.451475,182.832,1474.832,1657.664,0
230,11.501518,320.816,1517.888,1838.704,0
231,11.551507,252.128,1506.736,1758.864,0
232,11.601487,344.992,1486.656,1831.648,0
233,11.651665,210.944,1664.720,1875.664,0
234,11.702509,278.128,2509.232,2787.360,0
235,11.752328,301.744,2328.480,2630.224,0
236,11.801642,209.696,1641.616,1851.312,0
237,11.851768,168.432,1768.272,1936.704,0
238,11.902498,336.864,2497.600,2834.464,0
239,11.951475,193.664,1474.960,1668.624,0
240,12.001508,465.056,1508.240,1973.296,0
241,12.051650,253.584,1650.080,1903.664,0
242,12.102585,158.992,2584.768,2743.760,0
243,12.153985,233.984,3985.056,4219.040,0
244,12.202584,182.784,2583.520,2766.304,0
245,12.253488,188.208,3487.632,3675.840,0
246,12.302491,249.280,2490.944,2740.224,0
247,12.351643,155.200,1643.088,1798.288,0
248,12.402524,258.160,2524.048,2782.208,0
249,12.454054,260.144,4053.680,4313.824,0
250,12.501989,330.400,1988.688,2319.088,0
251,12.553447,246.112,3446.624,3692.736,0
252,12.602599,190.656,2599.360,2790.016,0
253,12.652334,253.776,2334.224,2588.000,0
254,12.702574,297.696,2574.384,2872.080,0
255,12.751584,184.608,1584.480,1769.088,0
256,12.802007,400.464,2007.072,2407.536,0
257,12.853744,233.088,3744.432,3977.520,0
258,12.901505,290.880,1505.120,1796.000,0
259,12.954122,282.544,4121.584,4404.128,0
260,13.002661,222.960,2661.456,2884.416,0
261,13.051794,324.944,1794.352,2119.296,0
262,13.101330,255.120,1330.112,1585.232,0
263,13.153931,458.736,3930.656,4389.392,0
264,13.201463,223.728,1463.344,1687.072,0
265,13.253791,317.792,3791.248,4109.040,0
266,13.301454,168.096,1454.352,1622.448,0
267,13.353975,289.776,3975.088,4264.864,0
268,13.401822,346.640,1822.016,2168.656,0
269,13.451598,198.800,1598.192,1796.992,0
270,13.501764,284.544,1763.536,2048.080,0
271,13.551651,175.472,1650.832,1826.304,0
272,13.601491,167.312,1491.072,1658.384,0
273,13.652303,259.104,2302.944,2562.048,0
274,13.702810,293.760,2809.808,3103.568,0
275,13.751483,254.656,1482.624,1737.280,0
276,13.802637,206.000,2636.768,2842.768,0
277,13.853788,238.080,3788.016,4026.096,0
278,13.902033,273.536,2033.488,2307.024,0
279,13.951768,293.664,1768.352,2062.016,0
280,14.002832,482.016,2832.080,3314.096,0
281,14.051601,211.376,1601.168,1812.544,0
282,14.101996,385.792,1995.936,2381.728,0
283,14.153753,249.504,3752.688,4002.192,0
284,14.201556,206.672,1556.080,1762.752,0
285,14.252888,311.680,2887.792,3199.472,0
286,14.301656,241.072,1655.824,1896.896,0
287,14.351622,244.224,1622.448,1866.672,0
288,14.401590,196.640,1590.352,1786.992,0
289,14.451898,1404.272,1898.096,3302.368,0
290,14.501720,200.624,1719.584,1920.208,0
291,14.551648,187.120,1648.112,1835.232,0
292,14.602706,193.264,2705.632,2898.896,0
293,14.651478,192.816,1478.224,1671.040,0
294,14.702674,434.288,2674.032,3108.320,0
295,14.752720,242.176,2720.256,2962.432,0
296,14.801767,193.744,1766.736,1960.480,0
297,14.851582,250.640,1582.480,1833.120,0
298,14.901653,209.872,1652.960,1862.832,0
299,14.951531,178.784,1531.008,1709.792,0
300,15.001738,307.552,1737.536,2045.088,0
301,15.051514,294.448,1514.032,1808.480,0
302,15.101721,289.680,1721.296,2010.976,0
303,15.151667,171.712,1667.408,1839.120,0
304,15.201669,230.688,1669.376,1900.064,0
305,15.251955,1698.144,1954.768,3652.912,0
306,15.302806,188.784,2805.664,2994.448,0
307,15.351789,251.376,1788.704,2040.080,0
308,15.403033,288.112,3032.768,3320.880,0
309,15.453515,309.424,3514.672,3824.096,0
310,15.502789,658.672,2789.440,3448.112,0
311,15.553812,361.632,3811.648,4173.280,0
312,15.601490,196.624,1489.696,1686.320,0
313,15.653862,364.864,3861.872,4226.736,0
314,15.701737,291.280,1736.912,2028.192,0
315,15.751705,501.440,1704.800,2206.240,0
316,15.802692,220.208,2692.272,2912.480,0
317,15.852322,347.280,2322.240,2669.520,0
318,15.901566,213.008,1565.744,1778.752,0
319,15.951493,286.880,1492.768,1779.648,0
320,16.001633,185.904,1632.640,1818.544,0
321,16.053773,235.360,3772.576,4007.936,0
322,16.103337,256.384,3336.752,3593.136,0
323,16.153765,327.360,3765.280,4092.640,0
324,16.201767,353.280,1766.544,2119.824,0
325,16.251713,220.656,1712.768,1933.424,0
326,16.302630,202.144,2630.496,2832.640,0
327,16.352758,242.704,2757.856,3000.560,0
328,16.402755,195.168,2754.944,2950.112,0
329,16.451897,1690.176,1897.072,3587.248,0
330,16.503043,291.600,3043.152,3334.752,0
331,16.551471,185.776,1470.592,1656.368,0
332,16.603680,223.264,3680.224,3903.488,0
333,16.651660,234.560,1660.448,1895.008,0
334,16.701644,254.848,1644.448,1899.296,0
335,16.751899,1761.856,1899.248,3661.104,0
336,16.802989,305.904,2989.472,3295.376,0
337,16.853042,299.568,3042.304,3341.872,0
338,16.902900,232.768,2899.792,3132.560,0
339,16.951738,311.360,1738.368,2049.728,0
340,17.002793,311.376,2792.928,3104.304,0
341,17.051967,2038.272,1967.024,4005.296,0
342,17.102632,190.928,2632.208,2823.136,0
343,17.151622,300.688,1622.336,1923.024,0
344,17.201957,429.408,1957.264,2386.672,0
345,17.251659,247.824,1659.408,1907.232,0
346,17.301810,526.800,1809.952,2336.752,0
347,17.354465,247.984,4464.864,4712.848,0
348,17.402745,393.424,2744.928,3138.352,0
349,17.453768,267.360,3768.432,4035.792,0
350,17.501677,209.744,1676.896,1886.640,0
351,17.551511,223.872,1511.184,1735.056,0
352,17.602656,230.064,2656.256,2886.320,0
353,17.651743,260.320,1743.152,2003.472,0
354,17.702720,173.200,2720.384,2893.584,0
355,17.751753,207.632,1752.976,1960.608,0
356,17.802583,296.688,2583.424,2880.112,0
357,17.853731,283.312,3731.168,4014.480,0
358,17.901796,361.936,1796.128,2158.064,0
359,17.954008,374.208,4007.648,4381.856,0
360,18.001530,177.664,1529.712,1707.376,0
361,18.052667,164.672,2667.376,2832.048,0
362,18.102693,260.800,2692.704,2953.504,0
363,18.153558,197.664,3557.952,3755.616,0
364,18.202735,180.688,2734.528,2915.216,0
365,18.251788,1699.232,1788.432,3487.664,0
366,18.302592,350.368,2591.808,2942.176,0
367,18.351654,208.304,1653.664,1861.968,0
368,18.401840,454.880,1839.936,2294.816,0
369,18.451637,174.544,1637.168,1811.712,0
370,18.502598,307.472,2597.520,2904.992,0
371,18.551450,242.976,1449.584,1692.560,0
372,18.603612,163.072,3611.856,3774.928,0
373,18.653613,230.208,3613.424,3843.632,0
374,18.702356,237.808,2356.208,2594.016,0
375,18.753401,214.368,3401.072,3615.440,0
376,18.802828,325.088,2827.776,3152.864,0
377,18.852328,233.024,2328.032,2561.056,0
378,18.902476,298.736,2475.968,2774.704,0
379,18.953992,342.032,3992.288,4334.320,0
380,19.002020,315.408,2020.352,2335.760,0
381,19.053797,336.112,3796.976,4133.088,0
382,19.101768,197.472,1768.288,1965.760,0
383,19.153333,356.800,3333.248,3690.048,0
384,19.202803,206.288,2803.104,3009.392,0
385,19.253738,393.728,3738.432,4132.160,0
386,19.301597,237.216,1596.512,1833.728,0
387,19.353639,240.032,3639.008,3879.040,0
388,19.401523,197.904,1522.784,1720.688,0
389,19.453521,199.152,3520.720,3719.872,0
390,19.502786,415.040,2785.552,3200.592,0
391,19.551702,235.760,1702.368,1938.128,0
392,19.601858,359.840,1857.632,2217.472,0
393,19.651439,248.880,1439.088,1687.968,0
394,19.703674,1471.632,3673.856,5145.488,1
395,19.753641,235.216,3641.104,3876.320,0
396,19.802776,177.152,2776.368,2953.520,0
397,19.851646,171.088,1645.968,1817.056,0
398,19.901540,189.264,1540.176,1729.440,0
399,19.954133,293.680,4133.008,4426.688,0
400,20.001703,246.112,1702.704,1948.816,0
401,20.053861,384.160,3860.880,4245.040,0
402,20.101207,332.960,1206.624,1539.584,0
403,20.151574,167.488,1574.480,1741.968,0
404,20.202716,307.152,2716.352,3023.504,0
405,20.251936,257.136,1936.240,2193.376,0
406,20.302912,352.720,2911.840,3264.560,0
407,20.353434,212.112,3433.728,3645.840,0
408,20.402521,213.248,2520.832,2734.080,0
409,20.453501,214.544,3501.200,3715.744,0
410,20.503141,278.128,3141.488,3419.616,0
411,20.553655,241.568,3655.328,3896.896,0
412,20.602822,295.296,2822.320,3117.616,0
413,20.652191,350.496,2191.024,2541.520,0
414,20.703031,261.520,3030.688,3292.208,0
415,20.753483,200.272,3482.720,3682.992,0
416,20.802811,363.248,2811.104,3174.352,0
417,20.851562,338.064,1561.648,1899.712,0
418,20.901612,263.696,1612.496,1876.192,0
419,20.954157,202.608,4157.120,4359.728,0
420,21.002462,189.920,2462.384,2652.304,0
421,21.053855,370.256,3855.344,4225.600,0
422,21.102721,255.584,2720.832,2976.416,0
423,21.153683,383.024,3683.120,4066.144,0
424,21.202339,363.488,2338.752,2702.240,0
425,21.253941,381.264,3940.576,4321.840,0
426,21.302749,345.904,2748.976,3094.880,0
427,21.351520,165.632,1520.032,1685.664,0
428,21.402923,398.384,2923.120,3321.504,0
429,21.451431,289.376,1430.864,1720.240,0
430,21.502486,205.744,2486.432,2692.176,0
431,21.552820,178.288,2819.888,2998.176,0
432,21.601676,327.632,1675.984,2003.616,0
433,21.651590,260.928,1589.984,1850.912,0
434,21.702825,276.976,2824.544,3101.520,0
435,21.753831,357.840,3831.216,4189.056,0
436,21.801724,349.200,1723.856,2073.056,0
437,21.851677,207.920,1677.168,1885.088,0
438,21.902830,337.376,2830.304,3167.680,0
439,21.952829,317.920,2828.704,3146.624,0
440,22.002476,188.720,2476.256,2664.976,0
441,22.054175,181.792,4175.232,4357.024,0
442,22.101833,423.584,1832.736,2256.320,0
443,22.153615,263.504,3615.056,3878.560,0
444,22.202574,192.160,2574.400,2766.560,0
445,22.253931,459.744,3931.408,4391.152,0
446,22.302524,173.312,2524.080,2697.392,0
447,22.353913,461.360,3913.136,4374.496,0
448,22.402960,304.496,2959.712,3264.208,0
449,22.453627,324.688,3627.056,3951.744,0
450,22.501536,193.312,1536.432,1729.744,0
451,22.553918,304.560,3917.968,4222.528,0
452,22.602499,261.696,2498.896,2760.592,0
453,22.651754,194.096,1754.112,1948.208,0
454,22.702527,206.112,2526.624,2732.736,0
455,22.754135,237.296,4135.056,4372.352,0
456,22.802795,285.408,2795.152,3080.560,0
457,22.852857,370.928,2856.688,3227.616,0
458,22.901783,224.864,1783.280,2008.144,0
459,22.951577,392.992,1576.928,1969.920,0
460,23.002768,398.336,2768.352,3166.688,0
461,23.053840,400.272,3840.192,4240.464,0
462,23.101739,248.544,1738.640,1987.184,0
463,23.151746,223.440,1746.032,1969.472,0
464,23.202485,299.280,2484.896,2784.176,0
465,23.252011,274.608,2011.184,2285.792,0
466,23.302820,331.104,2820.352,3151.456,0
467,23.354815,333.088,4814.816,5147.904,1
468,23.401660,212.512,1659.696,1872.208,0
469,23.453502,397.760,3501.728,3899.488,0
470,23.501519,212.992,1518.672,1731.664,0
471,23.554018,292.688,4017.680,4310.368,0
472,23.601504,225.824,1504.320,1730.144,0
473,23.651688,170.992,1687.984,1858.976,0
474,23.702591,244.576,2591.056,2835.632,0
475,23.751712,171.840,1711.520,1883.360,0
476,23.802818,459.904,2817.760,3277.664,0
477,23.853787,354.656,3786.992,4141.648,0
478,23.901650,275.584,1650.288,1925.872,0
479,23.953524,211.344,3523.904,3735.248,0
480,24.001543,267.520,1543.328,1810.848,0
481,24.054259,177.296,4258.736,4436.032,0
482,24.102998,215.440,2998.000,3213.440,0
483,24.151801,289.072,1800.576,2089.648,0
484,24.202765,168.928,2765.072,2934.000,0
485,24.252797,185.136,2796.832,2981.968,0
486,24.302783,307.088,2783.120,3090.208,0
487,24.353810,288.800,3810.144,4098.944,0
488,24.401549,241.152,1548.592,1789.744,0
489,24.453753,219.472,3753.392,3972.864,0
490,24.501337,199.760,1336.976,1536.736,0
491,24.553420,193.584,3420.368,3613.952,0
492,24.602685,267.424,2684.640,2952.064,0
493,24.652729,375.200,2728.640,3103.840,0
494,24.702759,331.728,2758.688,3090.416,0
495,24.751738,300.768,1738.384,2039.152,0
496,24.801874,327.168,1874.048,2201.216,0
497,24.851717,262.400,1717.104,1979.504,0
498,24.901582,268.400,1581.536,1849.936,0
499,24.954345,208.160,4344.960,4553.120,0
500,25.001800,379.968,1799.968,2179.936,0
501,25.052302,188.048,2302.096,2490.144,0
502,25.101648,245.376,1647.712,1893.088,0
503,25.154246,192.128,4246.304,4438.432,0
504,25.202807,301.152,2807.328,3108.480,0
505,25.251822,188.608,1821.648,2010.256,0
506,25.301730,215.248,1729.968,1945.216,0
507,25.351497,217.600,1497.296,1714.896,0
508,25.401751,361.648,1751.104,2112.752,0
509,25.451583,193.824,1582.560,1776.384,0
510,25.501999,336.768,1998.656,2335.424,0
511,25.551489,271.600,1489.424,1761.024,0
512,25.602468,258.960,2468.320,2727.280,0
513,25.654898,437.472,4897.536,5335.008,1
514,25.702746,250.816,2746.128,2996.944,0
515,25.754037,367.792,4036.752,4404.544,0
516,25.802356,198.112,2356.368,2554.480,0
517,25.852979,312.208,2979.328,3291.536,0
518,25.902511,198.080,2510.720,2708.800,0
519,25.953818,346.912,3818.192,4165.104,0
520,26.001521,201.296,1520.816,1722.112,0
521,26.053724,409.936,3723.728,4133.664,0
522,26.101870,350.832,1869.584,2220.416,0
523,26.151491,240.368,1490.560,1730.928,0
524,26.203692,1384.304,3692.288,5076.592,1
525,26.252694,274.944,2693.792,2968.736,0
526,26.301461,258.352,1461.424,1719.776,0
527,26.353773,366.320,3772.752,4139.072,0
528,26.402817,383.056,2817.440,3200.496,0
529,26.451329,244.576,1328.896,1573.472,0
530,26.501794,177.680,1793.776,1971.456,0
531,26.551679,234.144,1679.440,1913.584,0
532,26.602645,170.832,2645.456,2816.288,0
533,26.653513,258.848,3513.088,3771.936,0
534,26.702384,241.792,2383.856,2625.648,0
535,26.754684,273.920,4684.288,4958.208,0
536,26.801664,234.400,1664.240,1898.640,0
537,26.851415,337.328,1414.656,1751.984,0
538,26.902768,194.240,2767.904,2962.144,0
539,26.953664,271.040,3664.032,3935.072,0
540,27.001674,254.112,1674.464,1928.576,0
541,27.053905,331.152,3904.944,4236.096,0
542,27.101651,242.048,1650.720,1892.768,0
543,27.151802,184.304,1801.632,1985.936,0
544,27.202794,323.520,2793.952,3117.472,0
545,27.253817,240.384,3816.544,4056.928,0
546,27.301496,290.672,1496.384,1787.056,0
547,27.352745,180.576,2744.512,2925.088,0
548,27.401652,226.640,1652.208,1878.848,0
549,27.451623,192.256,1622.672,1814.928,0
550,27.501748,297.456,1747.840,2045.296,0
551,27.551606,176.144,1605.776,1781.920,0
552,27.602357,216.896,2356.912,2573.808,0
553,27.652755,168.336,2755.184,2923.520,0
554,27.702917,351.136,2917.136,3268.272,0
555,27.753611,342.960,3611.440,3954.400,0
556,27.801723,234.240,1723.184,1957.424,0
557,27.852706,224.528,2706.320,2930.848,0
558,27.901533,231.248,1533.440,1764.688,0
559,27.953829,221.536,3828.544,4050.080,0
560,28.001627,183.680,1626.544,1810.224,0
561,28.052373,250.592,2373.056,2623.648,0
562,28.102569,233.744,2568.704,2802.448,0
563,28.154053,274.112,4053.120,4327.232,0
564,28.202634,285.440,2634.288,2919.728,0
565,28.253186,289.360,3185.792,3475.152,0
566,28.302341,182.960,2340.672,2523.632,0
567,28.354139,360.384,4139.264,4499.648,0
568,28.402653,277.824,2652.528,2930.352,0
569,28.451653,167.536,1653.168,1820.704,0
570,28.501687,173.952,1687.232,1861.184,0
571,28.552777,424.256,2777.360,3201.616,0
572,28.601769,420.896,1769.344,2190.240,0
573,28.651771,277.984,1770.512,2048.496,0
574,28.702570,192.112,2570.208,2762.320,0
575,28.753728,367.568,3728.272,4095.840,0
576,28.801498,418.752,1498.144,1916.896,0
577,28.851481,268.784,1481.280,1750.064,0
578,28.902631,238.672,2630.736,2869.408,0
579,28.953895,431.664,3894.944,4326.608,0
580,29.001928,372.976,1928.192,2301.168,0
581,29.051512,192.656,1512.384,1705.040,0
582,29.101671,262.944,1671.328,1934.272,0
583,29.151489,308.192,1488.896,1797.088,0
584,29.202646,170.128,2646.464,2816.592,0
585,29.253485,258.144,3484.640,3742.784,0
586,29.302619,230.864,2618.576,2849.440,0
587,29.354332,251.552,4332.400,4583.952,0
588,29.402451,240.912,2450.992,2691.904,0
589,29.453828,374.480,3828.208,4202.688,0
590,29.501527,233.424,1526.544,1759.968,0
591,29.551644,257.744,1643.792,1901.536,0
592,29.602808,243.152,2807.584,3050.736,0
593,29.651749,253.568,1749.152,2002.720,0
594,29.701801,337.248,1801.088,2138.336,0
595,29.751508,187.728,1508.224,1695.952,0
596,29.801609,168.480,1608.512,1776.992,0
597,29.852332,403.248,2332.464,2735.712,0
===CSV_END===
Statistics sent to li VM via shared memory
Run #1 completed. Waiting for next START command...
Waiting for START command from li VM...
