HI_NET_PING_START run=11
Probes: 2000  |  Protocol: UDP  |  Period: 1 ms  |  Msg: 64 B
hi_net_ping: sending HELLO to 127.0.0.1:5002 (protocol=UDP)...
[echo] HELLO — protocol=UDP  n_probes=2000
[echo] HELLO_ACK sent
hi_net_ping: HELLO_ACK received
[echo] run #11 — echoing probes
hi_net_ping: starting ping-echo loop (2000 probes at 1 ms)...
========== HI_NET_PING RESULTS ==========
Probes sent:        2000
Echoes received:    2000
Lost (no echo):       11 (0.550%)
RTL (us):
Mean: 4510.054    Std dev: 1227.765
Min:  2255.264    Max:     19623.680
P50:  4179.472    P95:     6505.264
P99:  9047.232    P99.9:   16312.784
IAJ (us):
Mean: 3948.790    Std dev: 1092.760
Min:  1618.512    Max:     9516.176
P50:  3656.736    P95:     6028.896
P99:  7941.408    P99.9:   9414.912
===CSV_START===
index,rtl_ns,iaj_ns
0,3790720,3231312
1,3850912,2587104
2,3303712,3356832
3,3912688,3765440
4,4174736,3467872
5,4198112,4166768
6,3551104,3946944
7,4481696,3556384
8,3954112,2892832
9,3637072,3913216
10,4551904,3428128
11,4128336,3439536
12,10954544,4292128
13,3822272,5423584
14,4991664,7625696
15,6140016,5723760
16,6022272,6031712
17,4178000,2079760
18,6628288,1771712
19,2701040,2796224
20,2487712,4727568
21,3512592,3353136
22,5204320,2572352
23,3842656,3625888
24,3104976,4381168
25,4172704,3342880
26,5013088,4658112
27,3934432,3089968
28,5311424,5005568
29,3656928,4793680
30,5306272,3371072
31,5285056,3865728
32,3807888,3534816
33,4445376,3183568
34,4096480,3006048
35,3871200,3636096
36,3656960,4438304
37,4303488,3242800
38,5085120,3947904
39,3636640,3470960
40,4520784,3333984
41,4096512,3966912
42,4073744,5556592
43,4600176,4435808
44,5368112,6815456
45,5072832,4332016
46,6086848,2973776
47,5023328,3641824
48,3474256,4279584
49,4235840,5557264
50,4915600,4702464
51,6191760,4934672
52,5316400,3601456
53,5447920,5102048
54,4063856,8295376
55,5782480,4927504
56,7770416,3566496
57,5435248,4844960
58,3989824,3502416
59,4609680,4625408
60,4113104,4197280
61,5148256,3371040
62,4824912,4705824
63,4011168,3675808
64,5200160,4241344
65,4152720,3520400
66,4910848,4343232
67,3811120,3290864
68,4745408,2964192
69,3795920,2982160
70,3645248,3546960
71,3514064,4557008
72,4095040,2956336
73,5277952,2606784
74,3470480,3376928
75,3178448,2756224
76,4058464,2966176
77,3281488,3007328
78,3467040,3031392
79,3583520,2229088
80,3710720,3952816
81,2898112,2620016
82,3752112,3370384
83,3318560,2716240
84,3930976,4297792
85,3407568,3158816
86,4929472,3597936
87,3766272,2959376
88,4182832,2788480
89,3536880,4521952
90,3424096,5725552
91,5229664,6697360
92,4532608,3136128
93,6788832,7481728
94,3491936,4917552
95,7398576,4966704
96,5500832,2327728
97,5685664,5966272
98,2991504,4848576
99,6492816,3819088
100,5327552,5983472
101,3960880,2185776
102,5146624,3711136
103,2702464,1933040
104,4305168,3919472
105,2598928,3914960
106,4614400,5431936
107,4584912,3310496
108,5973072,3215904
109,3904464,3780176
110,3734736,3710080
111,4342128,3785888
112,4236368,3295152
113,3592192,3282320
114,3953840,2924064
115,3734896,3362944
116,3519232,3880976
117,3707296,3771056
118,4420528,4735232
119,4310160,3690432
120,5271920,4200736
121,4214112,3188624
122,4840112,3625184
123,3861472,4975776
124,4028096,4579104
125,5611664,3356704
126,5193584,4607696
127,3904656,6151456
128,5251408,5252288
129,16312784,5821072
130,6457744,4897136
131,5752336,4153024
132,6250416,4539408
133,5321152,3968160
134,4059920,4526640
135,5071760,3446672
136,4643536,4437008
137,4435120,5898512
138,3875248,6319760
139,5056752,4197744
140,6490592,3658480
141,6824688,3429808
142,4716592,4251872
143,4367104,3328624
144,4105264,4463648
145,4874336,3829552
146,4042912,4457888
147,4773328,2725856
148,4521312,4114320
149,5166192,3786304
150,3396480,3065616
151,4683168,2936576
152,4437120,3117792
153,3772944,3104880
154,3587312,3342496
155,3819632,2743920
156,3798592,2872112
157,4029008,2981328
158,3384896,2845216
159,3582384,3276912
160,3702576,3127648
161,3549200,2728048
162,3927008,3034176
163,3870928,2865120
164,3280224,3111456
165,3642560,3162784
166,3531664,2947200
167,3758288,3017568
168,3879344,3029104
169,3660224,2798256
170,3656384,2974720
171,3718832,2990128
172,3488928,3349664
173,3617904,2690432
174,3670080,3051872
175,4055216,2740336
176,3329952,3154816
177,3687632,2966096
178,3426992,3288864
179,3838128,2727360
180,3656512,2703008
181,3910880,3521696
182,3451920,3421456
183,3402512,6923648
184,4183568,3423424
185,4108096,4391568
186,7488000,4753280
187,4021136,7176720
188,5109264,5241616
189,5091520,3444112
190,7792640,4584496
191,5768720,3818080
192,3907168,5844112
193,4960096,2805328
194,4329424,3700160
195,5480224,4387824
196,3501376,3253088
197,4278048,4581728
198,4870384,3560352
199,3964464,3484288
200,4839968,4104752
201,4199728,3442976
202,4006768,4161920
203,4708960,3995360
204,4076448,4536368
205,4651200,3318160
206,4663456,3296960
207,4998800,3610000
208,4030224,4485152
209,3825104,4983504
210,4235456,4950544
211,5105360,3288400
212,5692736,4920544
213,5621520,4948048
214,3947824,3458832
215,4699920,3269552
216,5092448,3890384
217,13318816,3884352
218,3890368,4075472
219,3877376,3232928
220,4274832,4472736
221,4313056,3357264
222,3883168,3240800
223,3903568,3382832
224,4924768,3431472
225,3990400,4204576
226,3948016,3167344
227,3981664,4161744
228,4126416,3066736
229,3831648,3322304
230,3696512,2952912
231,4782400,3170432
232,3755872,2951520
233,4008768,3449072
234,3633520,4223872
235,3886400,3010496
236,3603792,2971456
237,4052688,3656784
238,4764784,4232976
239,3699120,2693728
240,3603008,3276576
241,4331664,3637872
242,4620160,2978816
243,3408896,5059600
244,3887984,4164560
245,4152592,3394752
246,3528640,3011664
247,5563264,3145488
248,4674256,3110528
249,3850400,3782272
250,3716544,6132752
251,3849328,5007088
252,3836224,4729120
253,4443376,3567824
254,6059936,4699104
255,5715344,5474240
256,5466800,4618448
257,4236000,5375760
258,5273200,4683792
259,6172816,2954160
260,5138096,3135104
261,5839616,3149536
262,5265856,3150304
263,3529488,2697872
264,3603104,3299712
265,3636352,3146288
266,3715904,3306912
267,3266704,5812640
268,3869392,7846384
269,3731856,5367024
270,3990960,6320736
271,6385248,4960784
272,8417216,4625952
273,5315760,6993904
274,6070400,4819840
275,5461664,3364400
276,4755488,3297248
277,7679184,4203904
278,5500416,3048224
279,4006736,3343648
280,4030736,3516960
281,4702864,3612528
282,3643632,4096192
283,3932928,4292352
284,4258896,3245456
285,4253712,3227376
286,4014960,3477328
287,4816848,4485808
288,3834448,3345776
289,3910064,4590880
290,4160400,3079696
291,4935696,3649616
292,3847216,5306288
293,5105088,3871200
294,3794256,2918544
295,4318832,3264256
296,5950096,3628608
297,4545376,5006384
298,3588784,5171712
299,3942400,4107120
300,4263888,3201520
301,5695088,3788832
302,5713200,4388864
303,4780384,3279312
304,3875456,6733392
305,4141424,3116128
306,4978560,4801920
307,3841232,2946576
308,7356832,4964288
309,3705440,5174032
310,5238768,6895360
311,3479200,3284896
312,5452176,2993856
313,5489120,3993200
314,7070720,3049152
315,3738640,2593856
316,3437216,3342416
317,4657952,3312208
318,3575632,3201120
319,3159792,3053728
320,4015424,3206432
321,3989920,3081264
322,3896416,5108944
323,3716576,5606800
324,3899360,4504064
325,3699248,5061728
326,5509344,3439040
327,6196032,4191904
328,4436176,2919680
329,5694240,3149344
330,4068640,2731312
331,4150512,2960848
332,3299856,3555936
333,3626528,3215648
334,3216256,3732864
335,3426128,3306832
336,4288080,3448992
337,3720624,3337456
338,4307408,4216640
339,3882608,3015648
340,4045904,3464896
341,3873584,3332224
342,4867936,2963136
343,3624592,3160416
344,4065520,3371456
345,3823584,3923760
346,3607488,3081120
347,3705312,3656736
348,3969856,4311968
349,4527024,3574256
350,3631552,2578496
351,4016256,4294464
352,4972576,2169584
353,4108176,3021408
354,3259328,3708704
355,4747504,3838800
356,2755536,4853776
357,3693328,3237008
358,4363040,2952528
359,4501424,3721360
360,5160992,3672672
361,3583344,2955504
362,3527392,2820416
363,4092144,3567600
364,4388288,2411408
365,3577840,3815456
366,3498432,3385776
367,4279968,4416480
368,3020912,2919024
369,4541344,3213136
370,3982640,2938096
371,5102784,2961744
372,3461792,2617488
373,3847072,3335152
374,3397088,3007792
375,3561136,2910864
376,3341872,3105520
377,3934672,3451456
378,3445584,3052144
379,3621280,3169664
380,3581712,3567136
381,3984496,3919280
382,3663584,2866608
383,3717072,2691280
384,4193184,2855440
385,4461360,3489232
386,3482032,3136432
387,3231984,3412672
388,3551936,4137824
389,4192496,2833248
390,3669968,2362432
391,3980784,4187936
392,4782976,2951424
393,3451104,3051088
394,2999136,3075408
395,4124128,3541232
396,3544384,3848880
397,3593120,2895616
398,3485600,2905568
399,4087872,3111904
400,4440960,2972912
401,3606480,3176336
402,3577984,2980752
403,3657744,3004128
404,3620688,2502336
405,3691856,3994048
406,3658704,2965824
407,3646096,3249808
408,3170992,3226720
409,4578064,3449888
410,3567408,2922640
411,3888304,4410576
412,3876336,4555536
413,4155888,3394496
414,3015792,3534800
415,4364496,4773520
416,5161600,3496704
417,4000192,4864256
418,4120464,3557536
419,4788512,2317760
420,4065808,3104528
421,5499040,4071200
422,3507552,3136192
423,2984800,5175664
424,3071248,4596608
425,4032320,3225552
426,3710912,4778080
427,5711792,3111360
428,5216496,3291248
429,3850816,3656352
430,5288496,3654736
431,3827616,3339776
432,3817328,3298192
433,4301760,4161616
434,3528464,8489312
435,3892592,6648784
436,3743344,4524640
437,4604832,5742112
438,9141312,8172320
439,6427424,6403344
440,5133264,6989120
441,6148032,6612016
442,7733040,3845120
443,10334752,3936864
444,5883200,3325632
445,7302384,3541952
446,7137792,4560608
447,4333424,3687936
448,3680944,3983376
449,3824208,3464592
450,4091792,3862032
451,5075248,4109152
452,4157584,3690048
453,4653888,4773648
454,4131456,3980960
455,4356992,3383808
456,4729152,5417984
457,4121056,3243312
458,4684672,4549120
459,4563232,5710912
460,4006640,5809264
461,5956240,5220352
462,3890560,4060384
463,5185088,4511104
464,6175440,3955808
465,6063296,3187440
466,5893296,3363168
467,4441984,3450320
468,4002736,4384992
469,4453024,3415392
470,3745120,4238880
471,3852416,3314560
472,3997920,3213712
473,4981776,3456224
474,4007872,4370320
475,4641168,3352704
476,3948288,2953312
477,3817504,3509936
478,3994032,3538944
479,4976160,3238384
480,3696928,3127056
481,3480496,3247552
482,3998848,3079264
483,4092560,3107360
484,3789392,1965904
485,3697840,3989696
486,3893728,3691088
487,3683440,4623456
488,3779408,4752512
489,2507280,6924736
490,4376000,3254736
491,4206256,5974832
492,4376208,4198944
493,5330912,6538464
494,7367072,3425232
495,3954448,3335344
496,6518944,3962256
497,4857168,3221200
498,7196304,2965440
499,4091664,2682496
500,3999408,3640880
501,4655104,2819856
502,3879072,3184880
503,3669872,3834144
504,3403488,4082704
505,4348864,2763696
506,3424864,3232944
507,3670992,3174768
508,4298400,3399264
509,4606864,3986704
510,3433072,3616160
511,3761344,3740832
512,3845664,3834720
513,3932400,2631440
514,4563424,3697216
515,4219440,3047616
516,4185088,4705888
517,4572368,3578880
518,3312656,3821904
519,4265712,3285552
520,3558960,3065680
521,5136864,3201088
522,4291904,3012944
523,4420080,3777856
524,3754640,4304816
525,3734912,3183408
526,3827872,3214368
527,3671008,3709120
528,4466816,4148384
529,4871920,3530720
530,3759392,4425792
531,3729424,2901376
532,4407904,5169296
533,4602624,4992112
534,4214160,4271424
535,5148960,5382096
536,3391712,4075664
537,5699920,2613168
538,5523648,4677088
539,4817072,4598560
540,5986304,3461376
541,4728528,3352416
542,2996448,3968080
543,5304864,3004608
544,4866496,3987440
545,4145040,4388368
546,3760816,3363520
547,4580704,4118064
548,3649920,3218624
549,4658656,3330112
550,5070704,3229808
551,3826304,4610592
552,4748816,3147136
553,3811584,4088816
554,3889104,4760064
555,3878752,3886368
556,5147424,3113248
557,3725728,3014480
558,4509856,3154240
559,5235888,3799344
560,3805184,4773664
561,3722944,4227120
562,3626880,4204560
563,3829232,4834928
564,4386016,3859280
565,5245088,3579680
566,4910448,3711488
567,4895280,3843280
568,5329248,5625328
569,3831488,6705520
570,4163920,4510512
571,4399168,3875728
572,4474704,4053168
573,6316112,3572256
574,7311552,2985104
575,4965664,3270896
576,4460624,4041808
577,4676768,3544944
578,4229136,3567120
579,3349200,4330624
580,3746032,3418128
581,4570432,2836368
582,4204128,3065376
583,4152368,4377840
584,4883136,2929744
585,3946384,3027152
586,3493328,2830144
587,3591856,3124384
588,4918896,3384096
589,3570352,6080432
590,3695296,4161424
591,3534096,5723536
592,3670096,6581152
593,4044736,3712592
594,6364176,7527520
595,4672912,2973072
596,4358640,2900720
597,5883728,3251008
598,4275008,2791248
599,6059088,3112336
600,3719760,3310448
601,3539280,2892832
602,3895152,2210432
603,3458800,3969024
604,3788560,3056848
605,3933984,3448608
606,3544608,4076704
607,2879360,3199312
608,4510192,2994816
609,3698704,2798384
610,3997744,3557712
611,4713152,2826464
612,3764432,2918496
613,3628192,3132800
614,3340176,3336160
615,4210160,2691040
616,3373824,3818832
617,3453168,3754896
618,3550000,2622976
619,3867520,3200192
620,3320432,2922704
621,4289440,2967120
622,4378368,3013424
623,3240064,3552864
624,3807952,3526848
625,3602448,3405056
626,3627088,3668688
627,3642560,4067712
628,4203232,3541328
629,4006016,4395344
630,4086704,4801552
631,3672512,2703712
632,4692432,3288640
633,4188768,2601920
634,4987856,3115840
635,5425088,2960032
636,3235776,3263056
637,3838144,2611184
638,3293248,2878192
639,3656240,3110896
640,3430240,3217568
641,3738608,3050496
642,3296816,2981088
643,3555392,3165728
644,3650048,2635552
645,3746960,3575184
646,3571760,3601008
647,3508288,3528000
648,3750560,2944032
649,3274080,2988416
650,4124880,2967584
651,4223696,2913184
652,4113888,2616176
653,3610096,3583792
654,3685136,3082480
655,3596752,3195168
656,3396960,3079456
657,3248352,2121696
658,4257072,3377440
659,3797472,2870736
660,3889712,3965120
661,3570368,4418048
662,2770016,3908080
663,3841600,3943152
664,3547424,3285536
665,4612864,2850592
666,5118768,2992064
667,4598160,3617872
668,4588320,3589056
669,3958720,3996672
670,3363952,3030320
671,3693440,3353536
672,4221072,3733296
673,4276304,3737856
674,3976240,2842496
675,3493008,2864000
676,3955056,3269120
677,4251712,2872496
678,4393264,3256800
679,3433520,2715440
680,3531648,3298608
681,3974224,2646688
682,3512176,2788624
683,3957376,3179744
684,3358688,3086736
685,3893600,2732944
686,3241232,3051792
687,3322208,3442016
688,3772720,5676112
689,3687104,4573136
690,3393888,3784416
691,3687440,9340432
692,4126672,3636064
693,6332128,4949328
694,5198592,5237632
695,4439408,3608736
696,9047232,4170928
697,4359312,2722000
698,5468816,3830704
699,5560016,2834752
700,4020144,4312464
701,3859616,2991728
702,3381216,2896368
703,4492896,2943472
704,3442688,3006288
705,4738176,3450592
706,3665776,2805056
707,3591856,3493840
708,3603248,3736400
709,3568224,3940640
710,4148608,3138304
711,3537440,3012608
712,3951856,3474448
713,4216192,3672848
714,3755648,3559632
715,3653520,2957712
716,3589952,3241312
717,3848080,3029184
718,4269072,2948272
719,4074672,1699920
720,3540576,4044336
721,3878832,2933136
722,3770832,3078608
723,3389008,3441056
724,2418160,2812976
725,4631552,2918976
726,3621200,2889472
727,3774432,2642048
728,4059744,2917648
729,3483920,3355760
730,3597632,3274976
731,3530064,3047888
732,3319376,3375936
733,3407744,3310352
734,3949536,4559360
735,3918560,4420192
736,3760880,3273664
737,3838208,3208112
738,4008960,4619712
739,5196800,4748608
740,4900704,3322112
741,3947472,3058320
742,3913040,3238784
743,5178448,2937984
744,5276800,2696912
745,3991600,3175520
746,3710048,3079680
747,3967008,3026784
748,3549680,3709312
749,3378304,4377264
750,3780368,2960416
751,3822400,3395920
752,3623232,2685360
753,4282272,3067536
754,4162240,3033248
755,3540320,2699168
756,3870464,3248832
757,3305952,2930640
758,3493600,2966576
759,3659008,3011152
760,3230512,3600128
761,3572144,3963808
762,3463200,2836336
763,3413456,3621088
764,3537392,3081200
765,4146048,4402448
766,4514128,3304832
767,3496144,3453808
768,4340080,3267440
769,3724624,4610544
770,4737024,5971328
771,3886864,4481632
772,3916080,5754960
773,3671552,3732832
774,5281936,5056560
775,4382688,3234272
776,5123584,3700720
777,6413568,3485552
778,4343408,3082144
779,5694720,2972112
780,3773376,3144656
781,4223648,3130688
782,3950544,3147040
783,3586672,2929680
784,3517136,3572928
785,3811264,4352048
786,3824240,3950736
787,3705888,4278064
788,3508608,4741072
789,4173104,3212240
790,4980000,4484160
791,4034928,3040304
792,4860336,3250864
793,5320544,3040848
794,3821008,3159184
795,5031136,3130272
796,3657760,4781808
797,3915792,3339696
798,3607904,4129952
799,3712480,2998800
800,3778752,5175584
801,5342912,5211984
802,3861696,3221424
803,4797328,2703152
804,3637488,6869264
805,5696272,5135744
806,5746080,1618512
807,3684672,4477824
808,3356176,5586064
809,7522736,5229392
810,5594448,4937936
811,2255264,4353456
812,5022144,5643872
813,6073856,6063312
814,5792960,5280960
815,5496784,4862256
816,4327616,5804064
817,6076752,6111520
818,6726528,4878848
819,5916800,2581584
820,5409616,3736960
821,6468448,3280064
822,6706608,5642896
823,5555696,4153136
824,3087760,5010800
825,4314000,4749616
826,3921824,3417376
827,6226960,4713824
828,4741696,3623312
829,5373440,3574816
830,5197744,3374752
831,4084960,3116608
832,5275184,3500064
833,4014848,3066864
834,4199888,6798560
835,3843504,3547376
836,3783056,3392144
837,4060160,3820128
838,3633888,3192752
839,7403232,3704432
840,4046400,4123184
841,4083664,2860528
842,3600592,3628224
843,3865568,5102368
844,4068640,4198688
845,4784528,3225168
846,3508336,3151408
847,4320160,2983520
848,5687296,3217872
849,4835424,3500672
850,3873792,4148384
851,3651040,2783024
852,3541776,4067616
853,3702800,3934464
854,4052000,2811280
855,4006000,4183648
856,3469952,5005104
857,4670224,3603488
858,4395936,3394640
859,3460208,3207504
860,4774432,3387424
861,5688912,4486672
862,4251888,2992496
863,3912768,4438912
864,3902624,3712048
865,4049040,4108800
866,4983392,3241136
867,3655104,2787232
868,10380928,7009232
869,5022592,6906848
870,4220944,6265536
871,4554240,4118816
872,3980960,3584832
873,3239984,4074512
874,5434256,3443024
875,6974032,3468704
876,19623680,4314880
877,6796672,3413696
878,4675488,4691488
879,4141824,3213232
880,4689712,3645840
881,4023696,3409360
882,3919200,3568256
883,4937376,2847040
884,3918144,3501600
885,5312608,4635504
886,3751568,4767504
887,4099600,3550784
888,4096256,3570768
889,4208992,5167312
890,3512864,4886064
891,4102944,9414912
892,4985232,5683216
893,5463600,4030656
894,4158848,7031840
895,4156768,6031296
896,4565808,3784192
897,5615232,8172976
898,8055456,7517808
899,6208416,5360160
900,4724352,4824272
901,7605984,3975424
902,6466624,3075328
903,4184592,3080384
904,8711472,2887024
905,6285792,3363360
906,5926608,3350560
907,5341328,3849136
908,4647456,3833648
909,3641584,3443824
910,3714720,4006928
911,3617792,2625984
912,3996352,4509968
913,3794480,6234128
914,4325760,2017296
915,4339168,5091792
916,4053968,5901760
917,4580832,8170640
918,3328544,7642512
919,4075360,3441840
920,6890048,4857904
921,2691456,4356928
922,5040208,4496928
923,6508128,3111264
924,8849696,4015952
925,8031008,7394576
926,4094128,4811216
927,5533504,3710672
928,4888480,5581744
929,5143232,3190432
930,3077280,3695072
931,3789488,4593936
932,7942944,3927472
933,5368608,4979872
934,4392960,7024912
935,5614176,8249728
936,3718912,3220624
937,4410368,4344048
938,5218832,5431120
939,4437680,3407536
940,5264992,3790416
941,6840032,3407776
942,7929232,3416368
943,3648064,5120432
944,4857984,4435024
945,5885424,3344768
946,3924160,3503648
947,4403728,4058704
948,3878720,3152272
949,4028176,3135120
950,5494656,3673024
951,4968512,3734160
952,4010352,3619888
953,4095856,2893776
954,4744304,3019584
955,3782752,4058736
956,3806704,4423088
957,4346880,5576928
958,4357120,6025168
959,4247680,3691840
960,3599360,4191728
961,3722048,4638720
962,4745280,3285056
963,4435008,4075680
964,6163696,4133792
965,6045072,3113552
966,4394496,4989632
967,4885120,3632752
968,5285600,4312080
969,3859136,4646992
970,4698880,4084144
971,3939408,6429328
972,3646352,4848736
973,5401808,3504576
974,4156368,3900992
975,4132160,3025296
976,4967024,3160240
977,4675872,3012976
978,6176096,3140288
979,5277744,2902368
980,3928848,3452672
981,4417664,3105200
982,3601328,4458960
983,3820768,3203744
984,3747296,2759120
985,3858736,3094848
986,3617712,2782608
987,4101648,3239600
988,3598080,2870352
989,4938784,3240512
990,3894672,3492208
991,3435296,3625120
992,3777520,3696016
993,3304064,3515040
994,3847120,3368912
995,3521648,4128480
996,3896256,3178288
997,3961680,3082336
998,4167504,2935424
999,4191264,3313536
1000,4133312,5296304
1001,3955440,5128032
1002,4734624,4124864
1003,3836592,6173280
1004,3747488,4100848
1005,3448336,5235568
1006,4005184,6361424
1007,5631952,3443264
1008,5705616,5061232
1009,4827232,4987440
1010,6359568,2767776
1011,4640528,5016000
1012,5796064,3696336
1013,6750352,5118816
1014,4075728,3882096
1015,5511360,3478352
1016,5524848,3594704
1017,3258304,4067616
1018,5642256,2919184
1019,4379568,6009440
1020,5820624,4089024
1021,4462176,3502208
1022,4143952,3820592
1023,4242208,3960896
1024,4775424,3123920
1025,3586400,4788816
1026,6707072,3738432
1027,4719520,3956400
1028,4124128,2941456
1029,4417776,3120480
1030,4496368,3749648
1031,3753600,4508640
1032,5298352,3477232
1033,4273136,3273200
1034,4491824,3316448
1035,3618144,3646128
1036,3817824,5276560
1037,4296880,3932240
1038,3853792,3590384
1039,4084032,3244416
1040,3877136,3251392
1041,3955856,2979232
1042,4141248,3072768
1043,5964720,2869040
1044,4604704,3414688
1045,4161456,3672000
1046,3801504,4205536
1047,3932144,4474464
1048,3535312,3272048
1049,3592672,3562544
1050,3499040,5120528
1051,4142096,3738944
1052,4315904,3635440
1053,4024128,3398288
1054,4831136,3727712
1055,3824320,4051056
1056,3906192,4251904
1057,5734256,4257632
1058,4351408,4236960
1059,4278944,2939216
1060,4023728,3349328
1061,4410960,4756592
1062,3980240,3179808
1063,4675040,6623296
1064,4956256,3620384
1065,4965424,3599056
1066,3681136,4045216
1067,4002080,4355968
1068,5279312,3055424
1069,3627696,3282208
1070,6920032,3312368
1071,4336880,3636336
1072,4258448,4210752
1073,3893200,3148992
1074,4828304,3273328
1075,3703168,3492160
1076,3830816,3948864
1077,3981088,3192976
1078,4235248,3006448
1079,4871504,2933712
1080,3815776,3164560
1081,3850688,3348944
1082,3975808,4264144
1083,4595584,3176656
1084,3888976,3523040
1085,3671712,4539808
1086,3500016,5261280
1087,3795840,5515456
1088,3946208,4755376
1089,4951872,3575008
1090,3872016,4559520
1091,4156768,4252096
1092,5078656,3321552
1093,5958448,3451200
1094,5925344,4302912
1095,5481424,3182064
1096,3819360,4871856
1097,5034704,7082528
1098,4828624,6009584
1099,3721488,6483856
1100,3996016,4648928
1101,4830240,4200544
1102,3868720,5372528
1103,5503712,3086368
1104,7553872,4417248
1105,6583040,3611296
1106,6369936,3264736
1107,5261376,5842432
1108,4717312,4437376
1109,6024816,4608000
1110,3804016,3214528
1111,5119792,3797952
1112,4184384,4121984
1113,3962784,4991728
1114,6455120,3136512
1115,4875808,4084304
1116,5211744,3451872
1117,3751040,2668960
1118,4204912,3652864
1119,4672016,4777232
1120,5462864,3243024
1121,3621136,3897568
1122,4597056,3465824
1123,3969968,4374640
1124,3304880,5741824
1125,4256560,5389808
1126,5201168,5101152
1127,3935872,5524064
1128,4405168,4252896
1129,4120320,5800480
1130,4982640,8375456
1131,5671280,3624592
1132,6021216,6971680
1133,5615424,4329408
1134,6056384,2974544
1135,4866400,3159856
1136,6514352,2912400
1137,8860400,2890928
1138,4122128,2993024
1139,7625584,3294784
1140,3832624,2960048
1141,3573040,3045424
1142,3575456,3285248
1143,3397008,3346096
1144,3426544,3331568
1145,3494304,3474272
1146,3971968,2918496
1147,3443072,3389376
1148,3576128,3226800
1149,3867360,3367632
1150,3981760,3001520
1151,3958864,4569632
1152,4029872,3387584
1153,3617024,3632160
1154,4098720,6405904
1155,3624240,4278560
1156,3894096,3906256
1157,3675744,4430864
1158,5223440,4547936
1159,3686656,3161424
1160,4201344,6696160
1161,6924736,2099392
1162,4931232,7941408
1163,4196512,3488800
1164,5170656,3592080
1165,4572768,5005632
1166,3841872,2292176
1167,4763008,6614288
1168,2794944,4996912
1169,6971184,3242992
1170,4060480,3743632
1171,4068688,5523984
1172,4775680,4234704
1173,2950848,6075200
1174,7097136,3797120
1175,5690832,4742144
1176,3850400,5218304
1177,4419184,5787296
1178,6181968,4300992
1179,4795104,5880832
1180,6748848,6594832
1181,4381536,4242960
1182,5074720,6811872
1183,5184768,4226176
1184,6309856,5959824
1185,4949024,5183920
1186,6279872,5834784
1187,6595968,4218128
1188,4837472,5539552
1189,7119680,4140304
1190,4847968,3593808
1191,5862384,5660480
1192,5724784,3502928
1193,6329904,3966656
1194,12851808,5108256
1195,4678816,3329504
1196,4668496,4028272
1197,4234624,4955104
1198,4079088,3551888
1199,6121616,4255408
1200,4045024,2115264
1201,4286288,3765552
1202,5743328,3266512
1203,3907504,2034016
1204,4487360,4133840
1205,5351440,4805760
1206,3978144,3293600
1207,4807952,3572496
1208,2717616,3842560
1209,4376704,3581712
1210,3824576,5229840
1211,2562128,4025536
1212,4641696,3166288
1213,5263248,3342720
1214,3609552,2618928
1215,3981216,3299200
1216,4489232,3657088
1217,4251264,4585056
1218,5739184,4056480
1219,4631680,3448016
1220,3680480,4269600
1221,3853952,5195696
1222,3055600,3898928
1223,3783040,3196320
1224,4334640,4746112
1225,5246688,5245776
1226,4515840,7113344
1227,3634032,4521808
1228,4901888,4767296
1229,5168176,3467936
1230,4496096,3078448
1231,3823136,2860768
1232,5229040,2903472
1233,5208112,2605680
1234,7604672,3363728
1235,5069536,3834832
1236,5448528,4001456
1237,4118048,3180656
1238,3628656,2890736
1239,3430736,3196688
1240,3503536,4120144
1241,3348528,3787776
1242,3943200,3499536
1243,4488448,5114048
1244,3910144,4180304
1245,3881024,3261312
1246,3568480,3329408
1247,3817968,3670864
1248,4576912,3809408
1249,4356240,3242032
1250,4042304,4200864
1251,5827408,3699696
1252,4758272,3104176
1253,3942752,3495632
1254,3762528,4336352
1255,4249056,3304496
1256,3773440,4610512
1257,3944016,3070752
1258,4739984,3002240
1259,4285136,5361728
1260,3813760,6098144
1261,3989056,5422480
1262,4971264,5216336
1263,3964832,3317440
1264,5072864,6582016
1265,3754400,4589152
1266,3689200,3746640
1267,6019984,3114896
1268,6709680,4633792
1269,5388944,4193248
1270,5793456,3395456
1271,4018512,3704608
1272,6583248,3140304
1273,5196192,4569232
1274,4412128,4828480
1275,3758496,3427184
1276,4934752,8622816
1277,4943056,2757984
1278,4015264,3244848
1279,4322592,3310880
1280,3650128,3388288
1281,5215104,2721056
1282,5220704,3523152
1283,4100400,3236048
1284,9207392,3538288
1285,3099184,3108880
1286,3847504,2399840
1287,3843696,3170720
1288,3873232,3481280
1289,3423680,2643088
1290,4077856,3094544
1291,3927568,3531072
1292,4085488,3050224
1293,3676240,3019984
1294,3033504,2958160
1295,3744592,2820160
1296,4079488,3735872
1297,3327456,4052400
1298,3783344,5015024
1299,4229136,3464400
1300,3498592,3604000
1301,3554032,4275696
1302,3586128,3678144
1303,3453120,3169776
1304,4427936,4134208
1305,4733312,7119408
1306,5683136,3935648
1307,4077376,5370592
1308,4280304,5267936
1309,4940192,7376848
1310,4421280,4748608
1311,3904400,4285280
1312,4724112,4541360
1313,7804672,4651488
1314,4518944,5910176
1315,5263504,4238256
1316,5721376,4687264
1317,8007328,4649760
1318,5249632,4045520
1319,4973040,5761984
1320,4429472,3410688
1321,5338112,4010064
1322,6245968,5981456
1323,4861728,6207776
1324,5361584,4054544
1325,4823968,4483840
1326,4696096,3630560
1327,6505264,2391488
1328,3783728,4950208
1329,4756992,3699232
1330,5063936,4695120
1331,6890208,3539088
1332,4713392,4363168
1333,5042768,3109664
1334,4240160,3026912
1335,2944624,4624560
1336,5588224,3508448
1337,4383520,4480272
1338,5174848,3864384
1339,4025552,4089552
1340,4982960,3116416
1341,3674768,3394688
1342,3466688,3417664
1343,5046688,4199184
1344,3819984,3101808
1345,4951472,3817584
1346,4396624,4071760
1347,4731376,4500624
1348,3794368,3650512
1349,3994272,3008704
1350,3954496,3343808
1351,4859456,4685088
1352,3806544,3036880
1353,4444928,2895440
1354,4706272,2799264
1355,4687808,3466112
1356,4285648,3502752
1357,3660560,4112656
1358,4014832,5075472
1359,5208640,4959872
1360,3779680,5282992
1361,3462048,4864048
1362,3436912,2917920
1363,4209088,9233504
1364,3993296,3508192
1365,4629712,4176416
1366,5768272,3884976
1367,5645520,4561216
1368,5955984,3776480
1369,5384384,4572464
1370,3636976,4619424
1371,9709440,4160464
1372,3909600,3320192
1373,4838848,3780640
1374,4366864,3570864
1375,5219408,3735264
1376,4339088,3913568
1377,5194752,4036128
1378,5255632,3902544
1379,4653456,4283120
1380,3898624,3595024
1381,4318464,4346416
1382,4179472,2801136
1383,3795808,4158576
1384,4464688,5197664
1385,4635008,3709072
1386,4465408,4073568
1387,4959456,4298544
1388,4032688,3212448
1389,5017792,4734672
1390,3494032,3120416
1391,4873456,3506752
1392,5246288,3373520
1393,4260032,4228784
1394,4792928,4624368
1395,4337328,3081152
1396,3652640,3296336
1397,5077152,3814816
1398,3677232,4189952
1399,3974528,3854560
1400,4014416,3969856
1401,3908304,2856624
1402,4981456,4031072
1403,3715008,3882816
1404,4039136,3165360
1405,4380144,3607824
1406,3726736,4251776
1407,4361248,3317504
1408,4513296,3562176
1409,3514640,3927520
1410,4592704,3212880
1411,3612000,3171808
1412,3827952,3066272
1413,4051104,4266608
1414,4970928,3200064
1415,3998848,3133472
1416,4183504,3742096
1417,3800192,5058400
1418,3871808,4417056
1419,3843872,3245376
1420,3724624,3759856
1421,4725168,4113312
1422,3888480,3976320
1423,3827904,3920368
1424,4440992,4901968
1425,5636128,5082720
1426,5057088,3229728
1427,3953968,4284528
1428,4284960,3875312
1429,4182288,4076608
1430,4283776,5008976
1431,4526032,3596800
1432,5613600,3730544
1433,5786720,3570752
1434,3859968,4707456
1435,10649536,4585552
1436,13335744,3521152
1437,4253168,4011104
1438,4343872,3531504
1439,4779456,5486816
1440,5568752,3870944
1441,4139648,2110864
1442,4356016,3925296
1443,4216928,2325904
1444,14262192,4054368
1445,5336208,2153760
1446,5307824,3581456
1447,3946912,3124512
1448,4612048,3394384
1449,4184464,4500048
1450,5936448,3194400
1451,4436464,3554224
1452,2755008,4149984
1453,4436896,5533552
1454,2989312,4097248
1455,4543360,2488352
1456,2687248,3080832
1457,3939936,3981520
1458,3787552,3689904
1459,3845168,3530576
1460,4837440,3878064
1461,3730560,3662128
1462,4211456,2995440
1463,4708256,4335312
1464,5835776,3028624
1465,4564336,2619792
1466,2998512,3279392
1467,3662448,3227920
1468,4662752,2753744
1469,4333552,3133680
1470,4161568,2659488
1471,3678896,3027744
1472,4323984,3111824
1473,3608960,3283376
1474,4940320,3947696
1475,3729552,3663424
1476,3104112,5185888
1477,3821136,6572480
1478,3931520,2839328
1479,3329600,9375552
1480,3817744,4075184
1481,3370400,3377456
1482,3698288,6761584
1483,3811968,4123424
1484,3946416,9516176
1485,4458448,4425472
1486,3719456,4992336
1487,3980992,3040800
1488,7246512,5024880
1489,3358016,4599712
1490,9625600,4669712
1491,4774288,4646912
1492,4071264,4660528
1493,6966592,4548448
1494,3439632,7726096
1495,9804096,4307616
1496,4977136,3130352
1497,5684656,4607088
1498,3733568,2853248
1499,5750160,2969792
1500,5061152,3207248
1501,5282768,3548656
1502,5223776,4382432
1503,4597232,3117840
1504,5275216,2975296
1505,8071008,2729872
1506,4371104,3778528
1507,3728768,2972688
1508,5131328,2807840
1509,3541344,3042528
1510,3617984,4497472
1511,3938400,3880080
1512,4233376,5004048
1513,4809664,4592624
1514,3695856,3676192
1515,3696768,4195248
1516,3396304,5855232
1517,4331952,6112336
1518,3631136,5862800
1519,3437952,3896992
1520,3460480,3110912
1521,4892800,5142864
1522,4579776,3585024
1523,5666720,3803664
1524,5164672,2541024
1525,4185552,4460848
1526,4026016,3364560
1527,6322208,4155536
1528,5474288,2671200
1529,6448816,3567872
1530,4400368,3305184
1531,3751296,2575424
1532,5563808,2835936
1533,3892352,3181376
1534,4296832,2532880
1535,3193584,2967456
1536,5014400,2382672
1537,3924160,4258432
1538,4049392,3352608
1539,3237632,4220144
1540,4240416,3845808
1541,3874736,5913040
1542,3199728,3508352
1543,3352928,6028896
1544,3714640,4860800
1545,2986608,4240176
1546,3554464,5010592
1547,3068080,5694064
1548,4347744,4729328
1549,3750320,6977856
1550,4916800,4225360
1551,4554640,3348608
1552,5002656,6859584
1553,4197696,4106064
1554,6248528,3821040
1555,5322208,3395632
1556,4245936,3308592
1557,5491280,4522304
1558,4959328,3259024
1559,5170896,4342064
1560,7612544,3815312
1561,4896416,3294912
1562,4048176,4697232
1563,7369488,4546000
1564,4613984,4871088
1565,4052048,4887904
1566,3829472,3651840
1567,3983776,4371904
1568,5136608,4127760
1569,3765360,3849728
1570,5046304,3326496
1571,4462080,4809680
1572,4038144,4166512
1573,4404768,3088064
1574,5119440,3372224
1575,5394736,3250816
1576,5293808,3278464
1577,4313488,4869168
1578,5072480,3105456
1579,4603232,3748944
1580,4460336,3663744
1581,3950688,3316320
1582,5327904,3174752
1583,4605632,2109600
1584,3550944,3550528
1585,3772704,3181504
1586,3908208,3255408
1587,3998544,3416560
1588,5240352,4378848
1589,3516976,2917248
1590,4002704,3075120
1591,4363984,2984016
1592,3888848,2783504
1593,3887952,3229136
1594,2603328,2925680
1595,3924896,3013920
1596,3727024,3208992
1597,3848240,2877072
1598,3909552,4207456
1599,5094448,3746480
1600,3508096,2893072
1601,3632400,3145920
1602,3475296,3212704
1603,3382832,4783168
1604,3916080,3154688
1605,3447520,3503648
1606,3703904,3937792
1607,3881472,3033296
1608,3456448,3062432
1609,4538640,3222960
1610,4312496,3047104
1611,3475328,2966384
1612,3842208,3264336
1613,3852672,4638192
1614,5299504,3066224
1615,3659168,2787680
1616,3970912,2988944
1617,4560368,3295232
1618,3714272,2660704
1619,3780912,3058592
1620,3769504,3744896
1621,3763824,4149488
1622,3596736,3326112
1623,3992384,3245888
1624,5226320,3836752
1625,3680512,4223920
1626,3489360,3251328
1627,3583456,3923392
1628,3926688,3323424
1629,3267184,2898192
1630,3707632,2996768
1631,4416656,2469392
1632,4765200,3905232
1633,3979040,3075168
1634,3975456,2856464
1635,4344080,3025776
1636,3835968,3108064
1637,3811136,3203296
1638,4467264,3694880
1639,3810944,4104448
1640,3570112,2965472
1641,3709296,4671008
1642,3174272,2329568
1643,4406416,5856144
1644,3642656,3874672
1645,3443888,4522144
1646,3762624,4675936
1647,3658272,3263056
1648,3815088,3218016
1649,4314512,2833152
1650,4103184,4328032
1651,3518208,3042640
1652,5081664,2770352
1653,2895936,4660896
1654,6048480,4116448
1655,4563184,3031408
1656,5214192,2983312
1657,5248400,3854384
1658,3996432,3578000
1659,3670576,3272816
1660,3368576,2975104
1661,4640752,3084800
1662,3535952,3026944
1663,3365088,3133792
1664,5217440,3845600
1665,3994944,4104288
1666,3478464,3098320
1667,3488464,3471312
1668,4313344,3831360
1669,4059712,4044192
1670,3816976,5374304
1671,3644352,3957984
1672,3759264,5213056
1673,3602576,4794704
1674,3694944,2387264
1675,4326448,6523536
1676,4074016,4591888
1677,3718016,4702160
1678,3867728,4804784
1679,4436032,7781664
1680,4709504,5254960
1681,6115680,5139456
1682,4185488,5648768
1683,5686192,2952448
1684,4707024,2981632
1685,3106576,3066032
1686,7127408,3086720
1687,5237792,2992624
1688,5314928,3093024
1689,5283088,3016928
1690,8494304,2796480
1691,5936672,2849088
1692,5859328,3454704
1693,5459376,3893200
1694,3621680,3942320
1695,3639104,3199056
1696,3809360,3548224
1697,3730432,4125264
1698,3580592,3708080
1699,3718304,4971600
1700,3704368,4128336
1701,3487584,3483456
1702,3479632,3429424
1703,3978656,3285072
1704,4212368,4047040
1705,4636656,3334368
1706,3846800,3368240
1707,4044464,4252800
1708,4807936,3187344
1709,4219696,3850384
1710,5531632,3992416
1711,4610960,3588576
1712,4130240,4460384
1713,4046352,3383504
1714,3940320,3671104
1715,4728656,3981104
1716,3929088,3899120
1717,3990160,4301184
1718,4748256,3493536
1719,3821456,4263440
1720,4514480,3392496
1721,4664512,3756144
1722,4239760,3936432
1723,5135520,3649856
1724,3956336,4462528
1725,4284720,4806288
1726,3934160,3200336
1727,4527504,3299216
1728,4947248,5612096
1729,4126832,4752128
1730,4859568,5829664
1731,4106240,4297504
1732,4299392,5850176
1733,4630080,3361904
1734,4348528,5957040
1735,5083168,5764480
1736,5502016,5174112
1737,3916416,4081776
1738,3800256,5890896
1739,6208128,4936192
1740,5271504,5278112
1741,6530560,9283120
1742,4974608,4206000
1743,5622016,3794784
1744,4090912,4728192
1745,6667040,4823840
1746,6494640,3802032
1747,5847856,4215616
1748,4608048,3307888
1749,5658224,4013824
1750,5623200,3727264
1751,5809856,4119264
1752,9795440,4092272
1753,4668192,4847984
1754,4479104,2959856
1755,5181408,3237472
1756,5165504,3788064
1757,4288096,4211040
1758,4930272,3508912
1759,3991264,3614208
1760,4550544,5665488
1761,4253392,4207248
1762,4697824,3011872
1763,4102336,5608144
1764,5363248,3850480
1765,3588544,4896944
1766,3842176,5437200
1767,4305904,4871456
1768,4227008,4510592
1769,3988224,4238384
1770,4259008,9283376
1771,6121600,5442304
1772,4695152,4807712
1773,3470992,4824864
1774,5620032,6995136
1775,4428704,3268000
1776,5538720,5975504
1777,6088512,4074880
1778,5393472,5221152
1779,4330144,4326848
1780,4738816,3665808
1781,9762272,4161312
1782,6129584,3981712
1783,5408016,4166800
1784,5386224,3935536
1785,7425104,4340336
1786,3850496,4419184
1787,6477920,3352896
1788,4267600,4065536
1789,5764912,3995472
1790,4954960,4008080
1791,4114576,3809184
1792,4813520,3196944
1793,4548848,3059904
1794,4679136,3636352
1795,4556688,4295952
1796,5081392,5216368
1797,4956896,4688784
1798,3937136,5071328
1799,4508864,6975184
1800,4030112,3716112
1801,4614912,5549264
1802,4308272,4810944
1803,3874336,6907808
1804,3786528,5327552
1805,4250832,5742752
1806,4991216,5859120
1807,5697792,4105952
1808,5212192,4506416
1809,5227920,4492960
1810,7423920,3611024
1811,4354736,4341680
1812,6240848,3872784
1813,5289440,6711744
1814,6803312,3640864
1815,15547040,5725872
1816,5844224,3310720
1817,5917728,3208288
1818,5619008,5115520
1819,4849744,5306656
1820,4853136,5690832
1821,5083312,3526784
1822,4297200,3817216
1823,4995936,4838160
1824,4553024,3634432
1825,7221056,3717696
1826,4166320,3351728
1827,4959968,3158272
1828,3921280,4933936
1829,3899504,4220032
1830,5633456,4382912
1831,5635152,4305600
1832,6283120,4157136
1833,4088016,3696128
1834,4529488,3326448
1835,5407072,4911024
1836,4028048,4740880
1837,4262192,3618944
1838,3971760,4411936
1839,3758832,3583440
1840,5468432,4374592
1841,4783872,4900208
1842,5046368,5031632
1843,4282784,3735024
1844,4609504,6567824
1845,4079232,6424720
1846,3822864,5435520
1847,5494768,5239648
1848,5214592,6017968
1849,4331056,4272928
1850,5103904,7136496
1851,4226256,5184240
1852,5019872,4022432
1853,5530256,5622128
1854,5699088,5083152
1855,4349008,6380272
1856,7142896,5530896
1857,6886256,4442336
1858,6143872,5441264
1859,5773328,3012272
1860,6555728,4389296
1861,4222320,5505152
1862,5374464,4159968
1863,3748720,4307728
1864,4704576,4098096
1865,6247424,5511712
1866,5754224,4787152
1867,7068176,3442208
1868,5775072,4334976
1869,5081728,3476736
1870,5815920,3496112
1871,3581472,4023792
1872,5045312,3423568
1873,6162320,4323744
1874,4762784,3177520
1875,4851600,2885584
1876,3897840,3184448
1877,6193168,3123872
1878,5433840,3916944
1879,3958848,3967824
1880,5033584,3409312
1881,4080784,4163088
1882,4166416,2918608
1883,4061376,3142720
1884,4030448,2896352
1885,4886656,3880880
1886,3731360,4368864
1887,3636640,3286800
1888,3836192,3833488
1889,3861056,4074192
1890,4332896,3043648
1891,3872208,3337936
1892,4091312,4525472
1893,4810688,2960160
1894,3478688,3419632
1895,3672336,3455792
1896,3571504,4147152
1897,4634848,2916016
1898,5057552,3189712
1899,3852640,3021760
1900,4271152,4896784
1901,4736672,5715056
1902,3784208,3415120
1903,3929664,4169344
1904,5134528,2751296
1905,3661536,4848208
1906,4035648,4133584
1907,4024448,8072400
1908,4773648,5262256
1909,3611888,6825760
1910,3806320,5103360
1911,3561760,3895680
1912,5612480,3797392
1913,6419824,5051312
1914,4054096,3350752
1915,3551600,4002176
1916,3271632,3410320
1917,5487952,3329328
1918,4729088,3541392
1919,7883696,5921168
1920,5827392,3063824
1921,7406272,2944896
1922,5769568,3152224
1923,4514992,2908496
1924,4424448,3352752
1925,5692048,2593584
1926,3736592,3639024
1927,4588176,3024128
1928,3993696,3095840
1929,4020336,3389920
1930,4024800,4574656
1931,6590688,4781472
1932,3629632,3985568
1933,3543456,4325968
1934,3735440,4207248
1935,3533264,3079792
1936,4013312,3141136
1937,3270704,3118000
1938,4361888,3104816
1939,3532256,3352160
1940,3751728,5120832
1941,3903728,4237200
1942,5293168,3304352
1943,5350192,2753088
1944,4416672,6041888
1945,4101808,3297584
1946,4581328,4791200
1947,3655872,5313760
1948,3758928,6111536
1949,3829152,7986240
1950,3716656,4422960
1951,4022752,4127584
1952,5682736,4546832
1953,4965952,4202400
1954,3855744,9037392
1955,3187936,5460704
1956,6601616,4173312
1957,3914544,3694672
1958,5276288,3808336
1959,4907040,2181200
1960,6628160,3717584
1961,8425568,3125680
1962,4954752,3048896
1963,4809392,3363104
1964,5196768,4500848
1965,4922464,4035376
1966,9729952,4286128
1967,5515072,3548688
1968,3760992,4190624
1969,4226128,3126800
1970,4276768,3093616
1971,2834912,3066224
1972,4181040,4350064
1973,3817216,3332064
1974,3761200,5376688
1975,3949696,3859008
1976,4902160,3240400
1977,4732128,7599632
1978,4839136,4005136
1979,3924592,4434992
1980,4787104,5860832
1981,3683008,7992688
1982,3721136,4604432
1983,3561648,3855568
1984,4885280,6711024
1985,3653424,4542368
1986,6071488,3267776
1987,4366320,4193216
1988,2804400,0
1989,8157472,0
1990,4747376,0
1991,5157568,0
1992,6144320,0
1993,6098384,0
1994,5222656,0
1995,4568656,0
1996,7341632,0
1997,3511392,0
1998,3828080,0
1999,4445184,0
===CSV_END===
=========================================
HI_NET_PING_DONE run=11
