HI_NET_PING_START run=28
Probes: 2000  |  Protocol: UDP  |  Period: 1 ms  |  Msg: 64 B
hi_net_ping: sending HELLO to 127.0.0.1:5002 (protocol=UDP)...
[echo] HELLO — protocol=UDP  n_probes=2000
[echo] HELLO_ACK sent
[echo] run #28 — echoing probes
hi_net_ping: HELLO_ACK received
hi_net_ping: starting ping-echo loop (2000 probes at 1 ms)...
========== HI_NET_PING RESULTS ==========
Probes sent:        2000
Echoes received:    2000
Lost (no echo):       21 (1.050%)
RTL (us):
Mean: 4576.915    Std dev: 1322.595
Min:  2217.136    Max:     21048.576
P50:  4213.616    P95:     6738.560
P99:  10560.016    P99.9:   15185.184
IAJ (us):
Mean: 3994.670    Std dev: 1128.712
Min:  1644.000    Max:     9914.368
P50:  3719.408    P95:     6155.536
P99:  8110.544    P99.9:   9753.744
===CSV_START===
index,rtl_ns,iaj_ns
0,4899616,5959168
1,6452512,4650336
2,5360848,5697440
3,5946528,4275024
4,4873264,4948640
5,5357040,4482528
6,4924208,3000880
7,3654208,7265584
8,7986400,2808784
9,3429008,3456224
10,4210768,4426896
11,5008512,3575312
12,4172240,4416016
13,5025984,6368528
14,6992368,3950896
15,4351312,5017456
16,5721504,4057632
17,4536976,4321728
18,4890864,4330560
19,4989008,4014800
20,3849104,3998256
21,4700992,6813904
22,7022272,4040224
23,4582320,4610112
24,5296944,2772960
25,3387712,3302880
26,4011568,3958752
27,4334640,3073296
28,3568048,3372880
29,3905424,3783792
30,4449472,4413168
31,5132432,3178288
32,3888240,3404480
33,3911232,4074720
34,4605296,3349504
35,4082848,3511264
36,4123584,5237840
37,5919392,4115072
38,4782112,4036736
39,4604304,5071408
40,5788800,4707600
41,4830240,3883936
42,11101872,4011072
43,4266256,4797536
44,3859504,2175712
45,5038336,3870912
46,2834192,2267408
47,4529312,7984400
48,2955680,3958240
49,8489952,4220608
50,4302352,4530896
51,3562208,3234208
52,4970304,2275936
53,3824880,4399648
54,2959696,4446624
55,4923056,3942912
56,5062096,4929104
57,4345600,4121088
58,5348672,3604400
59,3862528,4268832
60,4000368,4770912
61,4882160,3939520
62,5242016,4037376
63,4400336,2379088
64,4600096,4125408
65,2867072,4712000
66,4428512,3496560
67,5204176,4524736
68,4181872,3328128
69,4898160,4827904
70,3862592,4173840
71,5213904,3813584
72,4460688,4711632
73,4104832,3849296
74,5224640,4428352
75,4366800,4989696
76,4986816,3114656
77,5388304,5575008
78,3655472,5851520
79,6205120,3840160
80,5562992,4461456
81,4546512,3537568
82,5021488,9447136
83,4180160,5193024
84,9919296,4017792
85,5263440,2180496
86,4580160,3683328
87,2922480,3809616
88,4004544,4836832
89,4306736,4178544
90,5471184,4272192
91,4714784,5773712
92,4758256,2677280
93,4972544,3219280
94,3269776,3716960
95,3772416,4531952
96,4384976,3250352
97,4950304,4292288
98,3833200,3377968
99,4814720,2335248
100,3834144,3303072
101,3042800,3942768
102,3781216,4894624
103,4509856,3241280
104,5472416,3631120
105,3851728,3662112
106,4305536,3598000
107,4237680,4940336
108,4193984,4232432
109,5502368,2376496
110,4773728,4178080
111,2897808,5458112
112,4754624,4574000
113,5729328,4817936
114,5189568,3164544
115,5297968,4359808
116,3722560,3369984
117,4666272,5997184
118,4014736,3905168
119,6262736,2396368
120,4476192,3597792
121,3068432,3639952
122,4108224,4966560
123,4245440,3593152
124,5516880,3951696
125,4155840,3391648
126,4500576,4495776
127,3877376,3057120
128,4965696,3049184
129,3724240,3073440
130,3537072,3274048
131,3445152,3704736
132,3771024,4108832
133,4265728,4932560
134,4691856,3219184
135,5398192,5482016
136,3597456,5937600
137,5879712,2890976
138,11895072,5289520
139,4936720,4845712
140,3330976,4686992
141,5988272,3592032
142,5277056,4885488
143,5353888,3323248
144,4280640,5516416
145,5037440,3372752
146,3760544,3469024
147,5153632,2423312
148,3957696,3843344
149,4031232,5666256
150,3049760,4294608
151,4359728,6195472
152,5999936,3980576
153,4770496,5057552
154,6562560,3932944
155,4516480,4215808
156,5606752,4289680
157,4449392,3283904
158,4664720,3277568
159,4929728,3328912
160,3820608,3362832
161,3745552,4154432
162,3875280,4973520
163,3965472,3529456
164,4696064,4420336
165,5371392,3475504
166,3844192,5159152
167,4982448,4325936
168,3924272,4685312
169,5721584,6400800
170,4965552,5724528
171,5056944,3455728
172,6968848,4934960
173,4273568,4756560
174,3987216,4988192
175,5459408,3454656
176,5252160,4009728
177,5681408,3558896
178,4120368,2070000
179,4346720,4841504
180,3978144,4533424
181,2760768,3286272
182,5368000,3995040
183,4194368,3381008
184,3676192,3919632
185,4611168,4946016
186,3845728,4345328
187,4337872,4896832
188,4527792,5179024
189,4819040,4909440
190,5456528,4524064
191,5737296,4162592
192,5314176,4286560
193,4917520,4089728
194,4662592,3184128
195,4185856,3883952
196,4533184,5386160
197,3752688,4312896
198,4389360,3872752
199,5877760,4257120
200,4882496,3137408
201,4431120,3818016
202,3968080,3583808
203,3638048,3504608
204,4132848,5283808
205,4099792,4360608
206,4002832,3610784
207,5835024,4381616
208,4957696,3159600
209,4280784,3567456
210,4999008,4107616
211,3825520,3342000
212,4071552,3837936
213,4667008,4039408
214,4009680,2006720
215,4222560,6085248
216,3865696,4087440
217,2448416,5866080
218,5086560,3008928
219,4683520,3996512
220,5719088,9914368
221,3592736,5808896
222,4598896,5260800
223,9478576,6125280
224,6315680,5197712
225,5844464,4810864
226,5992128,3186640
227,5652608,4576176
228,4554320,5943680
229,3778384,3953600
230,5009888,3632672
231,6576272,3582304
232,3684672,3661008
233,4199248,3583808
234,4072880,4821712
235,4011648,3552256
236,4191552,3136288
237,5149808,4317792
238,4098304,6286768
239,3768400,3692000
240,4840688,3729504
241,6695200,4242656
242,4291024,3620096
243,4267552,4084368
244,3843504,3425040
245,3992080,4862592
246,4531232,1927600
247,3951024,6311808
248,5244272,3129408
249,2217136,6587632
250,6059616,5262256
251,3648944,3666448
252,6923008,4355088
253,5944512,5629152
254,4246336,4380960
255,4674432,9191712
256,6141984,5253248
257,4337088,4260496
258,9731104,3016496
259,5781552,3793792
260,4891920,4469232
261,3637152,4762736
262,4486848,4222560
263,4566896,4232016
264,5288240,4737248
265,4860896,3583968
266,4880160,4353360
267,5408000,3998992
268,4170976,4272928
269,4902816,3509408
270,4717872,3492368
271,4066736,3320576
272,3982800,3343360
273,4167952,3354304
274,3997056,5639808
275,3975920,4144784
276,3869040,4732816
277,6138240,4535840
278,4720448,3626000
279,5156528,3645840
280,5144016,4122960
281,4254992,3912368
282,4250368,3903600
283,4800112,3352928
284,4509136,3575152
285,4416528,4235488
286,4088544,3766416
287,4207504,4174080
288,4885776,3318608
289,4416768,3549360
290,4846176,4539984
291,3917600,4429536
292,4008256,3498560
293,5274464,3534384
294,4853152,4310480
295,3956320,3274240
296,4092864,4470576
297,5006432,3029280
298,3816720,3189568
299,5010832,5396656
300,3713664,3662864
301,3829664,4772864
302,6010992,5230080
303,4193856,6387376
304,5326144,5528672
305,5061616,4074064
306,6155520,3165408
307,6201344,2948272
308,3843760,2851840
309,3600176,2921056
310,3618800,2922992
311,3324896,3236128
312,3559136,3180288
313,3536176,3047040
314,3806528,3193040
315,3588704,3190704
316,3460592,4035840
317,3620640,3078160
318,3757552,2717936
319,4625728,3464400
320,3743024,2873488
321,3425504,2839376
322,4082992,3002240
323,3533840,3008304
324,3513600,2511248
325,3699200,3797344
326,3657376,2761824
327,3244608,2954864
328,4329808,2466224
329,3323696,3541728
330,3638752,3040752
331,3101104,3142608
332,4165712,3365760
333,3694176,3668064
334,3800400,5064608
335,3997872,3442352
336,4167312,3303008
337,5092112,2979936
338,4000032,2995072
339,3853504,3135616
340,3634544,2878992
341,3724736,3028928
342,3685536,3276800
343,3474464,2857536
344,3648912,2931744
345,3821760,2977168
346,3499488,2728272
347,3605232,4195728
348,3712496,3296784
349,3437216,3919680
350,4845728,2820624
351,3950144,2908816
352,3643776,3794368
353,3510192,2611888
354,3535776,3219744
355,4408208,3277456
356,3311984,3673088
357,3724464,2941200
358,3775632,3387968
359,4251712,2541376
360,3612816,3618064
361,3997968,3064288
362,3171056,2894496
363,3981232,3043808
364,3575744,3261600
365,3585152,2973776
366,3674912,3411568
367,3970208,3346464
368,3669248,4466784
369,3829504,4102272
370,4004400,3900672
371,4104816,4586512
372,4643344,3421840
373,4496992,2932800
374,5083216,3980048
375,4122144,3390160
376,3426208,2914928
377,4319312,2777216
378,4075680,3240800
379,3525312,2815312
380,3402384,2854720
381,3634496,3399344
382,3485424,3217904
383,3351344,2641072
384,4005712,3419712
385,3767248,2005632
386,3355888,2838864
387,3984816,2467536
388,2729760,2941872
389,3464576,2995984
390,3104592,5573072
391,3347728,4485488
392,3650192,4776832
393,6055536,7534960
394,5141232,5519936
395,4305520,4127344
396,7986256,3326720
397,6000480,4674752
398,4836928,5029664
399,3971040,7973360
400,5140000,5671312
401,5339792,3682464
402,8429248,3483216
403,5461552,3862416
404,4187296,3154880
405,3958656,2936832
406,3694480,3329760
407,3837584,4208896
408,3644976,3573808
409,3961856,1921408
410,4664992,3842480
411,4193328,3377696
412,2505760,3179744
413,4457056,4704992
414,4056112,3094032
415,3649552,3442448
416,5302448,2968416
417,3697664,2833568
418,3810400,4135120
419,3626416,3017312
420,3470608,3522208
421,4555552,3364800
422,3609456,4388432
423,4055840,3908064
424,3962016,4995232
425,4869312,4371696
426,4613824,4714080
427,5723744,3437824
428,5066688,3859872
429,5343456,3938416
430,4131696,2885120
431,4304048,3086672
432,3920368,2962752
433,3556848,2849824
434,3735008,3174448
435,3594416,2792288
436,3539024,3546880
437,3791200,4371232
438,3415888,3250448
439,4070160,3276816
440,4671712,4920528
441,3853296,3646896
442,3900736,4305056
443,5408608,3285200
444,4063440,3700064
445,4845664,3799280
446,3925648,3225504
447,4346752,3105168
448,3545072,3543536
449,3777920,4385440
450,3503936,4998128
451,4006128,3936352
452,4865184,3620128
453,5403920,5256080
454,4412176,1705376
455,3937664,7281456
456,5945408,4088576
457,2458144,4015216
458,8035616,3545616
459,4086352,4098352
460,4286432,4171328
461,4003616,3252576
462,4691968,3642016
463,4862400,6378304
464,3869792,5166880
465,3977680,7252800
466,7048976,5064688
467,5918400,4290480
468,13655792,4097840
469,7425520,4254880
470,5672672,4744896
471,4972960,4641424
472,4626992,3971440
473,4708448,4807632
474,5357392,3327648
475,5043856,4059136
476,4416464,3287344
477,5462192,3779552
478,3887744,3746096
479,4731088,3237280
480,3822944,3651200
481,4325920,3463200
482,3689280,3666704
483,3920016,3271200
484,4080544,3253472
485,4117600,4847712
486,4326288,3522944
487,3969664,4090176
488,3889056,2989184
489,5330928,3838192
490,4061264,4184672
491,4742784,3838880
492,3654288,3719712
493,4355200,3928016
494,4779728,3236896
495,4524256,5645264
496,4413248,3832016
497,4396224,3323088
498,3861280,3186864
499,6209472,4666464
500,4364224,4109008
501,3900896,3595088
502,3866336,2891200
503,5309392,3229808
504,4667552,2998480
505,4093408,2757344
506,3577184,3259456
507,3883872,5146192
508,3647264,4106304
509,3455264,4102944
510,4000048,4710336
511,5835904,5026256
512,3766304,3362576
513,4588928,6193888
514,5256416,4111920
515,5499424,5266064
516,4012688,3397280
517,6816752,3568960
518,4730256,2938912
519,5953952,3652144
520,4149296,4933728
521,4140080,3120592
522,3619344,4195472
523,3914144,3262592
524,5584864,3725136
525,3715360,3898832
526,4762096,4351264
527,3849184,4126048
528,4097840,4917920
529,3881312,4203440
530,5031696,3816112
531,4688256,3009312
532,5396480,2843520
533,4610112,5073312
534,4402064,3556816
535,3598240,4126784
536,3391248,3064832
537,5616608,3286752
538,4083216,3032544
539,4672928,3610880
540,3678400,3973184
541,3880240,3102240
542,3660736,3308848
543,4155744,3121904
544,4631120,4449984
545,3745264,3052800
546,3951856,3285088
547,3495920,3090480
548,4874336,3697552
549,3718144,4473872
550,3965008,3342832
551,3635888,4101792
552,4260816,3376864
553,5141824,3568880
554,3922704,4107904
555,4702800,3260032
556,3885200,3403584
557,4111184,4102240
558,4773280,3099120
559,3942768,2886288
560,3898960,3968528
561,4710384,3516304
562,3708752,4204256
563,3521584,3536576
564,4558560,3963376
565,4213616,3313040
566,4009520,3055424
567,4073488,3905232
568,4492560,4118816
569,3995648,4074176
570,3493920,5869616
571,4333136,5647488
572,3918496,6071856
573,4424864,3618752
574,6278096,5397840
575,6291520,3871616
576,6765392,3059440
577,4166640,3022352
578,4877040,3073936
579,4526688,3205520
580,3746544,3184736
581,3564608,3212976
582,3739936,3028336
583,3827824,3243584
584,3858672,4245184
585,3838240,3168928
586,3685472,3935264
587,3921264,3631920
588,4931072,2911184
589,3748400,3128432
590,4276224,3000048
591,4235888,2922464
592,3575120,3460672
593,3858432,3111792
594,3633264,3390896
595,3616960,4714272
596,3962240,4428000
597,3622240,3323952
598,4019200,2159424
599,5297152,3077984
600,4794256,3672080
601,3921520,3167104
602,2740688,3160352
603,3527424,3306032
604,4260384,4045904
605,3878944,3271440
606,3769872,3602336
607,3883824,4254784
608,4708656,3326224
609,3741264,3560800
610,4279008,4871664
611,4711664,4820720
612,4007056,5891904
613,4018640,3871680
614,5503904,3729680
615,5505584,6146992
616,6246768,9327984
617,4380784,7405472
618,4363952,4544608
619,5931488,4922800
620,7228800,2643952
621,7968704,3795520
622,5202496,2943536
623,5563184,2993376
624,3388672,3559712
625,4488944,3592192
626,3560528,3100416
627,3628912,3149072
628,4147632,2612640
629,4251872,3023344
630,3707248,3033840
631,3816816,2922272
632,3297568,3082736
633,3707472,3061392
634,3747920,3879040
635,3593568,4943456
636,3727296,3854384
637,3734928,3369312
638,4504400,3447856
639,5550096,3468416
640,4406480,4124000
641,3970128,3578496
642,4032400,4316176
643,4017024,4033536
644,4823968,4090720
645,4205936,3057664
646,4722464,3307808
647,4605936,3566240
648,4724208,3672736
649,3659568,3319488
650,3900272,3381456
651,3993136,3105920
652,4350880,4912240
653,3944192,5298336
654,4042208,3623488
655,3655808,5961840
656,5365328,3617488
657,5872144,4138928
658,4138032,3755072
659,5455408,4132832
660,4132720,3349056
661,4774512,3322240
662,4431904,3671984
663,4750272,4109392
664,3957744,3414912
665,3849024,3719408
666,4263952,3374384
667,3890128,2388912
668,3873472,3620288
669,4264240,3053408
670,3900832,3608736
671,2772096,5899600
672,4124816,3339680
673,3661984,3271856
674,4097216,3500768
675,6374096,4943536
676,3782272,4785456
677,3805472,6583024
678,4067072,6727632
679,5331440,5955040
680,5304960,4738240
681,7176640,6083040
682,7387360,3945504
683,6469040,6523536
684,5298400,5970448
685,6598400,5128736
686,4221680,3548640
687,6776080,4016640
688,6603680,3065824
689,11095824,3180496
690,5530128,7106032
691,4126112,6724944
692,4729872,5710448
693,3724256,4210032
694,3818336,3318048
695,7753856,4966496
696,7042496,3988704
697,6370912,3966368
698,4882416,3320928
699,3860560,3403392
700,5637872,4073248
701,4387904,3517664
702,3647536,3426256
703,3912000,3328032
704,4016032,3950928
705,4704496,3285888
706,4072320,3880736
707,3996432,3933504
708,4010048,3138320
709,3838736,2993440
710,4007408,3316352
711,4410720,4160960
712,4567120,3251632
713,3701024,3747456
714,3601696,3734064
715,3766704,3534272
716,4783472,3270848
717,3884960,4691360
718,4394592,3251120
719,4382704,3949920
720,4229728,4138048
721,3956256,4854160
722,5163376,5335472
723,3849136,3649328
724,4444736,7675552
725,4546080,5493600
726,5396864,3552048
727,5840544,6277904
728,4192592,4539952
729,7297696,4489872
730,6119024,3235088
731,4105600,3986816
732,6941056,3190560
733,10517312,3620976
734,5023184,3524160
735,5032368,4337648
736,3803952,4131920
737,4469632,3702608
738,3743744,2987872
739,4270544,2953632
740,4092448,3667168
741,4916352,4571088
742,4510384,3182384
743,4213840,3060064
744,3664752,4048208
745,3607472,4281200
746,4171936,4162528
747,5201888,3293024
748,3897376,3460064
749,3458064,4309040
750,4629856,5970032
751,4864304,4184352
752,4786960,9075456
753,3881664,5688400
754,3972816,5442336
755,4812272,7008304
756,6179456,3520592
757,4403296,2998432
758,10564960,3078416
759,9751744,4417120
760,5608448,5049424
761,6007856,4926544
762,7647296,3894016
763,4033888,3897424
764,3628768,4197728
765,3614480,3644656
766,4976896,3360336
767,5504128,3238576
768,5387760,4242512
769,4348336,3401520
770,3734608,3092592
771,4711760,3334336
772,4192544,3251392
773,4001424,2922880
774,3797184,3059712
775,4901824,2896096
776,4086800,3071264
777,3695056,2995488
778,3926752,3751664
779,3959792,3490576
780,3526256,3140800
781,3652496,2726768
782,3524560,2852240
783,3709776,2407328
784,3578160,4032448
785,4384352,2924720
786,4157456,3406192
787,3847056,3613248
788,3370416,3625600
789,3521024,3427792
790,3090320,2956736
791,4651408,3081888
792,3641200,3185200
793,4017840,2793360
794,4222608,3517520
795,3636464,5206976
796,4073824,4538800
797,3436656,4882784
798,3489040,3807824
799,3517216,5778288
800,3221632,6155536
801,4083408,4935696
802,5959968,4171376
803,4375760,2758432
804,5294224,3154864
805,4343536,3527280
806,5512112,4061568
807,6807488,3508400
808,5621120,2914752
809,3950816,2832688
810,3215632,2135664
811,3888768,3793920
812,4053440,2819712
813,4656416,3007600
814,4008368,3219456
815,3403504,2911744
816,3480928,2579424
817,2783184,3289680
818,4374928,3112208
819,3466336,2882672
820,3643696,2994880
821,3852608,3477376
822,3606288,2938464
823,3241168,3124800
824,3748272,4896400
825,3700928,2625120
826,3561872,3633120
827,3610752,3214400
828,4011312,4269600
829,3624304,2917728
830,3604256,2631792
831,5516896,3482960
832,3337232,2778496
833,4338816,2881056
834,3686768,3636096
835,4743072,2847984
836,3521024,2629136
837,3320208,3074704
838,4083104,2908848
839,3446720,3538048
840,3429600,2604912
841,4196352,3321840
842,3346336,3984304
843,3296640,3816944
844,3667040,3039776
845,3552864,2904624
846,4098560,3215232
847,3234832,2734032
848,4036672,3249760
849,4522752,3499968
850,3611664,2775984
851,3746384,2890688
852,3521328,3709024
853,3896816,4381424
854,3415712,3821888
855,3871344,3999760
856,3756176,2772512
857,3403232,3168256
858,3411744,2750160
859,4116912,3274784
860,4918864,2948096
861,4233152,3065216
862,3910208,3442544
863,3396000,3820864
864,3847920,3631264
865,3445728,3140992
866,3961808,3413712
867,3652000,4593664
868,3635536,2979008
869,3985520,3618720
870,4243568,3769536
871,4243936,3296368
872,3772240,2996384
873,3798848,3085792
874,5206400,2968272
875,3589648,2425376
876,4046544,3618096
877,4411856,3298000
878,3861008,3503392
879,3665296,4149200
880,3769792,3468816
881,3565968,2763664
882,3115792,3927264
883,4077168,3970128
884,3906496,2720032
885,4151216,3403280
886,4784736,3375232
887,4108832,4703840
888,3402800,3133200
889,4629776,5205952
890,4414784,4618144
891,3357984,3490192
892,4027744,4236736
893,4033440,3512912
894,5245120,3815568
895,3666480,3885568
896,5622432,4050832
897,5249376,4258960
898,4107280,3744672
899,4800752,4001792
900,4145072,3065488
901,4354256,3662320
902,3790720,3304992
903,4376480,3734256
904,4850032,3145424
905,4308640,3959888
906,3812512,4669568
907,3559024,4159888
908,4043008,3575152
909,3952624,4671216
910,4360352,3295168
911,3840368,4022416
912,4662208,3704496
913,4545920,3270864
914,4746064,4539520
915,4187776,3400672
916,5254240,3022224
917,4024704,2890480
918,4566144,2987536
919,4329152,3104544
920,3899392,4378704
921,5004928,2869648
922,4062224,3782848
923,3515264,4399632
924,3332512,3653120
925,3620016,4385952
926,3689424,3305072
927,4847024,3343312
928,3491520,3757120
929,4413136,3861792
930,4905520,3409920
931,4266112,4232560
932,4903840,3199024
933,3986960,3394864
934,3750224,3466960
935,4325520,4449536
936,3755632,3144064
937,4125088,4498528
938,4700560,3008032
939,3837856,3019968
940,4081616,2939360
941,4003808,3260016
942,5122800,2904096
943,3715168,3358224
944,4837056,2903728
945,3671280,3586992
946,3676528,4470784
947,3590032,3021664
948,3925968,4006736
949,3481648,4391120
950,3838832,4609072
951,3562416,5826848
952,4261264,5871648
953,5154208,5083744
954,3494288,5362160
955,4541648,4888288
956,4958368,2981600
957,5267856,5783808
958,5818144,6161808
959,5652880,4938896
960,5517824,4928400
961,5862928,3709216
962,5466112,6978656
963,3434704,5961424
964,6288768,6537568
965,6040496,3556384
966,5440432,3425792
967,5517152,6302848
968,4343120,3745024
969,6970832,5461904
970,6587936,4261392
971,7126432,3051184
972,4064288,4835952
973,4089776,2911648
974,6747920,3279680
975,4299600,3821760
976,5950304,4390192
977,4556240,4801328
978,3723712,3025680
979,5173136,3229648
980,3547136,3226992
981,3879456,5233696
982,4271232,4093600
983,4790752,3126368
984,5379456,3711088
985,3565200,4931456
986,3672736,5319808
987,3716144,4277808
988,5846688,3664032
989,3984512,4295456
990,3418896,3120480
991,4023664,3528240
992,5386288,4073408
993,5974544,2105120
994,4776768,4245440
995,4192560,5002176
996,4105216,5295904
997,3532464,7786544
998,4070096,6555744
999,4738256,4933520
1000,2792688,4809248
1001,4778960,6052480
1002,5371056,6109328
1003,5162848,5562672
1004,10952448,5615680
1005,8431488,8766864
1006,6014816,7973952
1007,5471728,3077280
1008,5361456,4723840
1009,6635664,3363536
1010,6418016,5498400
1011,5984480,3798080
1012,6238752,3099856
1013,8477136,2753680
1014,7841408,3264560
1015,3544768,3052192
1016,5158096,3897504
1017,4034352,4465920
1018,5942144,3422384
1019,4455136,3867216
1020,3658880,3293328
1021,3429968,3108864
1022,3892864,3308912
1023,3658256,3837808
1024,4430576,4313344
1025,5156352,4006352
1026,3970512,3669936
1027,4455056,3806176
1028,3779504,4940432
1029,3814528,3736624
1030,4001584,3312080
1031,4280976,3675568
1032,4276064,4653232
1033,4486624,4920944
1034,4233936,3756736
1035,4377600,4073216
1036,5597520,3163712
1037,4370864,3372384
1038,3954944,4328368
1039,4285696,3054736
1040,5262624,3579792
1041,5414192,4769216
1042,4204176,3749952
1043,4737088,3807104
1044,3681600,3145696
1045,3889776,3137632
1046,4757504,3210784
1047,3650528,3339680
1048,4240112,5198416
1049,5309920,3619808
1050,4150032,3706768
1051,4362176,3309648
1052,3803840,4825424
1053,3770400,4627632
1054,3791744,3166864
1055,3843744,3021728
1056,5760272,3788304
1057,4192832,4031952
1058,4312208,3071520
1059,3880288,3106688
1060,5359360,3803232
1061,5171424,3659920
1062,3841328,4603664
1063,3679552,5909040
1064,4458560,2668560
1065,4698400,6513872
1066,3631120,3829360
1067,3817632,3385168
1068,4366016,3611072
1069,4258464,4376336
1070,5266288,3722208
1071,3718896,4736816
1072,3347488,4872752
1073,6529904,3093040
1074,4459440,3998416
1075,3945664,3110240
1076,4179600,3104512
1077,4390272,3080976
1078,4283488,3232384
1079,5488352,3694944
1080,5555088,3771984
1081,3664016,3097888
1082,4690992,3067440
1083,3734560,3385456
1084,3809296,4839968
1085,3711424,3889872
1086,3811824,4192000
1087,4242496,4127312
1088,3709408,4264560
1089,3731632,4476784
1090,3675456,3689008
1091,4086992,6778352
1092,5333680,4737792
1093,4292768,3610912
1094,3974640,4874976
1095,4657072,5363920
1096,4672192,9577152
1097,4936752,6106464
1098,4285408,3827424
1099,7294416,3272544
1100,5304192,2814736
1101,4131040,2757680
1102,4801728,2960976
1103,5881280,8345296
1104,7409360,5718624
1105,6738560,4161056
1106,4357248,4808576
1107,3935264,6124688
1108,3511968,5011376
1109,3375520,3912016
1110,3625072,4871584
1111,15185184,4925360
1112,7628976,5607024
1113,6256688,4644320
1114,4086944,4888832
1115,5267584,6037120
1116,6388880,9753744
1117,4920048,3344864
1118,3964128,4748944
1119,5601616,3199216
1120,5585712,3148416
1121,6351984,3499296
1122,5180464,3750624
1123,5550016,4049600
1124,6703312,4616816
1125,9109504,3531136
1126,3999856,4046928
1127,5172352,3253088
1128,3794048,3313472
1129,3641008,3474464
1130,4042144,4163456
1131,4371888,3081808
1132,4751408,3058384
1133,5282208,3483488
1134,4046352,4067952
1135,4642496,3131664
1136,3842496,3189632
1137,3961632,3087760
1138,4062240,3193296
1139,4850288,3129648
1140,3790864,3723728
1141,3766640,3897552
1142,4072928,3703744
1143,4667952,3773440
1144,3843968,3274672
1145,3823504,3040960
1146,3767296,3199024
1147,3826656,3263376
1148,3728272,2724464
1149,4250208,3134656
1150,3667952,3150640
1151,4346400,3189840
1152,4408800,3723552
1153,3837712,4108016
1154,3727344,4414976
1155,3840592,3130512
1156,3940960,3047344
1157,3286672,2988448
1158,3716080,3477344
1159,3745216,3668032
1160,3840432,4145136
1161,4295328,3995696
1162,4095488,4493984
1163,4893680,4651680
1164,3812096,4725776
1165,3707968,6110944
1166,3690688,4924704
1167,4070752,8628160
1168,4165232,5464656
1169,4205856,3655808
1170,4543632,3349120
1171,5025568,3141552
1172,5315232,3255504
1173,4891200,3804160
1174,6633744,3710176
1175,5420352,3530768
1176,8429488,5258112
1177,5903712,3930640
1178,3706064,3001312
1179,4022176,3390272
1180,3713376,3493744
1181,3774960,4627568
1182,4393776,3989488
1183,4189552,4227376
1184,4096144,3287488
1185,5844816,4155552
1186,4617296,3336736
1187,3661744,7880912
1188,4045536,3826576
1189,4107280,3744864
1190,5204288,7008960
1191,4456272,6002192
1192,4879136,5596800
1193,3946176,5123104
1194,4194800,4376368
1195,3934368,3190064
1196,8406432,2941600
1197,4370272,3968832
1198,4457200,4100048
1199,7619392,4051504
1200,6627888,5450192
1201,6223328,3185760
1202,5658448,3120640
1203,4993328,4196736
1204,3784800,4731184
1205,3661728,4545152
1206,4634288,5271360
1207,4751200,4404288
1208,4793280,3983520
1209,5405744,4965456
1210,3585840,3314080
1211,3709344,4493344
1212,4805616,5118400
1213,4706336,3015584
1214,4773584,5178224
1215,10938176,3435472
1216,5868960,4359904
1217,5110608,2876032
1218,4605664,3676240
1219,5574480,4007968
1220,3875360,3083744
1221,4955664,1966432
1222,5831728,4337392
1223,3498128,1799664
1224,5773728,3862240
1225,4125808,3019520
1226,5021248,3164064
1227,3331072,2860704
1228,3948448,3077936
1229,4659440,2989696
1230,3784848,3949104
1231,2648464,4934080
1232,4818512,3596768
1233,2413104,3812400
1234,4490336,4928208
1235,3668384,4392496
1236,3775648,5456576
1237,3519744,5527472
1238,3766112,4288544
1239,3644768,5302144
1240,4558544,4069952
1241,5528640,3929040
1242,4269424,5654912
1243,4406640,4519472
1244,5439824,4081152
1245,4927392,4530704
1246,6066640,4495280
1247,6101536,3480352
1248,4917728,3772752
1249,5934704,3136016
1250,4394048,2991136
1251,3817776,3055424
1252,6158336,2487088
1253,5199200,3405664
1254,4491184,2665584
1255,4996368,3373648
1256,4184320,3910960
1257,3959296,4961632
1258,4456416,2899024
1259,3784448,3753632
1260,3690704,3952800
1261,3683760,3927712
1262,3154832,4019120
1263,3984352,2865040
1264,3328784,3336720
1265,3903536,3934816
1266,4561392,4477952
1267,5621552,4322496
1268,3472256,2905104
1269,4374640,2930400
1270,4483488,5415104
1271,4364720,4783488
1272,3465568,4676624
1273,3298720,4227312
1274,3941424,5467888
1275,4405200,5520432
1276,5026416,1762336
1277,5010496,4770496
1278,3542576,2225184
1279,3522816,5454320
1280,6128608,6369648
1281,5376784,4049728
1282,5265584,5527920
1283,4842992,3648672
1284,5253744,6200448
1285,6146256,7011968
1286,2418976,6398432
1287,5396720,5360736
1288,2972096,5251392
1289,6199856,6027408
1290,6599872,3609232
1291,4367968,2322416
1292,6158128,3504640
1293,4097056,3628768
1294,12992432,3404544
1295,6086464,5311408
1296,7604096,3683056
1297,6764352,2185408
1298,5968144,3750160
1299,5938096,3159600
1300,6599088,3132400
1301,4155024,3672256
1302,2865664,5076544
1303,3985792,3648880
1304,4315424,3214048
1305,4011632,2782512
1306,4864160,2973584
1307,4095200,3309376
1308,2768496,3297776
1309,4114080,3843984
1310,3824384,4169088
1311,3782112,3357520
1312,4205920,4292560
1313,5714288,3031584
1314,4323488,3600304
1315,3769888,3975872
1316,3466656,4046608
1317,3547296,3263920
1318,3929472,4097632
1319,3893008,3504864
1320,4211504,3284288
1321,4098672,3561136
1322,3862864,3885568
1323,4652944,3379312
1324,3756704,3077328
1325,4246592,3339024
1326,4533680,3803888
1327,3683232,2770880
1328,3829824,3466256
1329,4653968,4237424
1330,4137248,3985296
1331,3937200,4088000
1332,4194576,3764064
1333,3958080,2947088
1334,3893056,2893776
1335,3637888,2828240
1336,3977872,3530640
1337,4502912,3390592
1338,3488144,3340912
1339,3994416,4239360
1340,4868640,2638096
1341,3996384,3083616
1342,4441008,2912464
1343,4411184,3113472
1344,3646560,2939344
1345,3540512,3102544
1346,3491856,3496080
1347,4226736,4568272
1348,4008528,3123200
1349,4002656,3337232
1350,4921744,4808016
1351,3361072,3483216
1352,3732688,3951632
1353,3544512,3032448
1354,3792784,3362464
1355,3656256,2819648
1356,3774544,3214992
1357,4072368,3278288
1358,4882000,2963696
1359,3787696,3061456
1360,3995088,3804480
1361,5294944,4445712
1362,3953088,3507488
1363,4553552,3902864
1364,3717696,2332496
1365,3990256,4458912
1366,3522032,6086528
1367,3872736,3387072
1368,3802016,4371488
1369,3636448,4283232
1370,3702912,4802000
1371,4328848,5638912
1372,4317536,2767040
1373,4096928,6132272
1374,4507648,4791568
1375,2975984,3427856
1376,4965776,6239184
1377,6727728,3829744
1378,4119472,5227728
1379,5062656,2758016
1380,4948624,4495072
1381,5439424,3246528
1382,6350512,3737056
1383,3274096,3757136
1384,6231200,3535616
1385,5395392,4275200
1386,4160048,3442592
1387,6829984,3103632
1388,4517328,3144304
1389,5917920,3749808
1390,3383344,3696752
1391,4968192,3106240
1392,3753568,3404352
1393,4273344,4246416
1394,3756672,3823504
1395,4145152,4721424
1396,4614784,4317312
1397,3977920,3860464
1398,3812064,2927056
1399,3699344,3478448
1400,4224944,4707264
1401,3642352,2748048
1402,3738288,2595376
1403,4080256,4081040
1404,4629248,2506960
1405,4232048,2397536
1406,4959744,2455616
1407,4697712,3939584
1408,4401648,3123584
1409,3582272,4071584
1410,4105280,3617696
1411,5313872,3324496
1412,3364048,3450048
1413,3294096,4353312
1414,4677968,3313552
1415,3218352,3008752
1416,3040384,2919792
1417,3093824,3446752
1418,3913824,4182688
1419,3854480,2949632
1420,4559888,3516336
1421,4268496,4625952
1422,3901984,2894896
1423,4158752,3265072
1424,4940528,3426400
1425,3970160,3011456
1426,3603056,4100208
1427,3436640,2978096
1428,4004048,3055056
1429,4741728,4091792
1430,3614080,4255248
1431,4170880,3156880
1432,4867664,3121728
1433,3548032,4044144
1434,3824864,3967024
1435,3880112,6474656
1436,3691072,3553136
1437,4713296,4965968
1438,3690944,2936336
1439,3715280,2886960
1440,4559120,4025024
1441,4927936,4167344
1442,3862784,3038496
1443,3722240,2849328
1444,4633408,3081136
1445,4553328,2789376
1446,6774352,9184384
1447,4235968,2905584
1448,5452496,3192624
1449,3388608,4668000
1450,3421296,3001840
1451,4459728,3342224
1452,4631840,4926416
1453,3612976,3821248
1454,3458064,3731280
1455,3660608,2823376
1456,3389216,3673184
1457,9832720,3410688
1458,3465024,3956960
1459,3709072,3030752
1460,4390880,3538960
1461,3695184,2728112
1462,3750176,3059744
1463,5367632,3212800
1464,4377392,3013088
1465,4394592,4670224
1466,3511648,3342896
1467,4417232,3447664
1468,4027424,3160096
1469,4691568,4792032
1470,3749360,4247136
1471,4277920,3169264
1472,3292160,2955872
1473,3773936,3256976
1474,3804080,3638800
1475,3571888,5300272
1476,5048304,3566416
1477,3961024,3466144
1478,4049232,3703120
1479,3861936,3928064
1480,5535088,3053904
1481,4799040,3029760
1482,3859792,3225840
1483,3633552,3369632
1484,3851840,4162400
1485,4185472,3252496
1486,5468048,2988336
1487,4200688,5326400
1488,4048176,3182704
1489,4298128,4461696
1490,3978736,3337728
1491,3635168,5592800
1492,3710816,5219184
1493,3938000,6876256
1494,3853536,6734464
1495,4769776,4382112
1496,3878304,4481184
1497,3719136,2973856
1498,6044608,3272048
1499,3745632,2876896
1500,5121184,3112512
1501,4042640,2770704
1502,6196544,3460464
1503,5868656,4834288
1504,5863424,3255008
1505,5881520,2955968
1506,5031424,3867536
1507,4606128,4100544
1508,3677264,3860576
1509,3889936,7094208
1510,3574944,5973088
1511,3816720,6797424
1512,3394496,5476448
1513,4211568,5433408
1514,5424832,3420688
1515,3929776,4912608
1516,3504976,3903936
1517,4507872,2997808
1518,4739600,3381664
1519,4508320,3254992
1520,6226800,4094544
1521,5644352,3266592
1522,6812752,3838496
1523,6115088,4271872
1524,5879328,3252944
1525,4144448,4952768
1526,4303440,3962160
1527,4493456,3526752
1528,3674512,3233040
1529,4074896,3152720
1530,3890448,3218736
1531,4749760,3742448
1532,3919232,3545360
1533,4364640,4083328
1534,4820944,4355040
1535,3924160,5704976
1536,5468560,4501680
1537,4437344,4672272
1538,3983152,7141552
1539,3921520,4976224
1540,3831088,3375984
1541,3792544,3586560
1542,4307968,8112912
1543,3541744,4900608
1544,4764368,2732688
1545,4982640,3111888
1546,6442416,3129904
1547,4977792,3040000
1548,5259168,3196816
1549,7676176,2966880
1550,5407824,3428496
1551,3911680,3265920
1552,4214768,3881760
1553,7975536,3095616
1554,5079744,2896624
1555,3298208,3181120
1556,3753888,2775376
1557,3852464,3027856
1558,3772768,3224400
1559,3633152,3253424
1560,3573520,3528112
1561,3892096,4006832
1562,3929632,3299376
1563,3785184,2834576
1564,3787424,2619168
1565,3534304,3458032
1566,3650784,2966704
1567,3456032,3032816
1568,3659824,3089248
1569,3925248,3176672
1570,3710928,1995376
1571,3967632,2957872
1572,4566960,3703808
1573,3995776,3223856
1574,3375552,4444688
1575,3330528,3133360
1576,4174640,3352736
1577,3632512,3398496
1578,3749488,4264848
1579,3642208,3064768
1580,3698704,3208672
1581,2690320,2999792
1582,3437968,3133568
1583,4254384,3460896
1584,3854640,4251248
1585,4795168,3203520
1586,3687152,3373936
1587,3841440,3331808
1588,3891280,3683280
1589,4908880,3569376
1590,3563792,2732176
1591,3868336,3182880
1592,3720256,3511792
1593,3754528,4981904
1594,3896912,3787232
1595,4926208,3887168
1596,3927472,4450528
1597,3776608,6035632
1598,3781472,5578736
1599,4346096,4993472
1600,4031024,2963600
1601,3240320,5157184
1602,3846432,5189408
1603,4206576,6205168
1604,5488800,5310992
1605,4337104,4581440
1606,4293152,4084800
1607,10560016,5932096
1608,4908512,3109552
1609,6712912,2959408
1610,6167648,3395696
1611,5319168,3562384
1612,3464256,3821616
1613,21048576,2940240
1614,5568016,2862912
1615,12183120,3348064
1616,11539424,2826064
1617,14692272,3339616
1618,5863808,2663456
1619,5668672,3237936
1620,6004704,3069184
1621,4926384,3025792
1622,4755808,2916192
1623,5461296,2891760
1624,3779968,2860448
1625,3489872,3018880
1626,3873392,3131936
1627,4101632,3854048
1628,3827648,3680256
1629,3613456,2967344
1630,3538608,4071856
1631,4015104,3595808
1632,3562016,3678160
1633,3933872,2916976
1634,3257600,3327184
1635,3882992,3051376
1636,3666816,2933616
1637,3448688,2877264
1638,3419280,2739664
1639,3349952,3279200
1640,3548064,2823568
1641,3662144,2957376
1642,3742208,3253088
1643,4517200,3062976
1644,4354848,3142384
1645,3617360,2961168
1646,4759904,3129648
1647,4212944,2859360
1648,3647008,2747456
1649,3502464,3023696
1650,3806032,2880432
1651,3566464,2716592
1652,3577344,3904640
1653,3454304,2611936
1654,3422640,2956080
1655,3926032,2911952
1656,3446480,2980448
1657,3569888,6217360
1658,3872656,6541248
1659,3731184,6858576
1660,3704624,5323568
1661,3591984,3043840
1662,3539312,4481552
1663,3408816,4964528
1664,3435376,3356992
1665,3742080,6382000
1666,3507904,5312272
1667,3287280,3807184
1668,4462336,5448432
1669,3300336,3157040
1670,3660992,5525312
1671,3589968,4708720
1672,3719632,3858784
1673,6935728,6446752
1674,5959680,4700960
1675,7473456,4338832
1676,5843792,4117648
1677,3636624,5048976
1678,5074528,5289264
1679,5509984,5031472
1680,3960864,5484048
1681,6980336,2397760
1682,5861728,3919376
1683,4195088,2965056
1684,5297984,3115664
1685,3865216,3306768
1686,6113424,2667024
1687,5279984,3481168
1688,4579248,4052016
1689,7145552,4355248
1690,5213200,6036752
1691,4991744,2704432
1692,4672000,2216224
1693,5718784,1644000
1694,5768912,6135808
1695,5721472,7673968
1696,6150992,8110544
1697,3118240,3255344
1698,4619104,8432320
1699,3521504,6447120
1700,3679264,8101120
1701,3896320,3747312
1702,3390080,6368000
1703,4130160,6343280
1704,4454464,3461648
1705,4853776,5472928
1706,6668208,5020640
1707,3375872,7312240
1708,2859040,6008528
1709,2380336,5025936
1710,6878960,3965760
1711,8257040,7215952
1712,7417920,3658560
1713,3681200,6930080
1714,8857888,5206944
1715,6898384,6944000
1716,7383712,3819648
1717,4253200,3042960
1718,6164768,4143120
1719,7008512,8084816
1720,4099344,5960528
1721,6124880,6276272
1722,5728544,7819680
1723,5430096,6969424
1724,5916880,3693056
1725,3936096,9142480
1726,4201968,5772944
1727,7637104,8668496
1728,4095632,5662688
1729,7503712,5426992
1730,5891472,4977696
1731,6432960,4132496
1732,4539632,2061744
1733,3730512,4053536
1734,4706560,4652736
1735,6340912,3325312
1736,5600880,3761584
1737,6422304,3490160
1738,8346864,3264016
1739,5831424,4090048
1740,10776864,4143056
1741,4250320,3256288
1742,9826992,3980240
1743,6267360,3719264
1744,8423520,3549216
1745,12774112,3763472
1746,6267968,4489680
1747,6088960,4182832
1748,4507424,3918224
1749,4663232,6060112
1750,2777360,3112000
1751,4570304,2195504
1752,4996976,3406352
1753,3839056,3452576
1754,4034704,1995168
1755,3659744,3896112
1756,3751792,2278720
1757,4663280,4002512
1758,4819776,3686960
1759,3932912,4172016
1760,4326432,3142160
1761,4049952,4466032
1762,4215984,3284096
1763,4283008,2157904
1764,4036224,4075664
1765,4725184,3651664
1766,4398432,4024096
1767,6669856,3096896
1768,3746032,4904944
1769,2760320,6050560
1770,3874016,5917200
1771,3994896,3568064
1772,2571568,4066816
1773,4530368,4728896
1774,2964832,4001632
1775,4423200,7827216
1776,4237168,4150208
1777,3885696,6138368
1778,3822544,6857200
1779,4965872,2702144
1780,3843248,5342608
1781,2733152,4020000
1782,4658560,6929952
1783,4012752,5161376
1784,4689472,9038192
1785,3636176,4132672
1786,12122432,2568464
1787,5267504,5407184
1788,6273744,4630704
1789,11905184,3070928
1790,6439568,3751344
1791,3433104,4510224
1792,4496160,4289200
1793,5045888,3270384
1794,4424032,3473008
1795,8182288,3565360
1796,4866032,4200144
1797,5363744,2902816
1798,6976128,3079968
1799,2934960,5096128
1800,5847456,3587296
1801,4366000,5621296
1802,7439104,5810192
1803,5891840,5289456
1804,6767536,3395888
1805,4308560,5100944
1806,3081648,4163056
1807,6003120,3540128
1808,4976672,6536000
1809,3746416,3305648
1810,4203472,7346688
1811,5127856,6909824
1812,4585424,6932496
1813,3771104,6139600
1814,4000336,5306976
1815,4108704,5335696
1816,4073952,4854320
1817,3378000,5668832
1818,3758368,8299104
1819,5411760,4216512
1820,4141344,4249776
1821,6297184,4712464
1822,5888688,4487440
1823,5838976,3287904
1824,3824272,3696656
1825,4686464,4247248
1826,4788160,4133856
1827,4212848,4772768
1828,6298880,4074288
1829,11342288,4838464
1830,4013360,3854336
1831,7789664,4608064
1832,5597552,3907024
1833,6587504,4085840
1834,6826880,3679408
1835,5922624,4775584
1836,5768096,5009120
1837,5398912,4441904
1838,6178336,4235376
1839,8038064,5512432
1840,4605248,3689824
1841,4566208,4898560
1842,5289024,4446208
1843,4971568,3575936
1844,3908800,4235792
1845,4335104,3122016
1846,4019040,3168640
1847,4564208,3638992
1848,5323056,4271584
1849,4109840,3736032
1850,5371952,3559232
1851,4471696,3842688
1852,5251280,3383584
1853,4437568,4710896
1854,4530128,8583632
1855,4258896,8124880
1856,4709904,4099360
1857,5629904,3560608
1858,5102432,4040720
1859,4786080,3322208
1860,6151024,3376864
1861,4231536,4726944
1862,5532464,3372512
1863,5056992,4160128
1864,4202560,3144272
1865,4827872,3372288
1866,3790992,3677872
1867,3814016,4216160
1868,4236144,3696320
1869,4974864,4324960
1870,4375264,3633744
1871,4140464,4152208
1872,4415088,3485712
1873,4003552,3912368
1874,5384880,4232384
1875,9114992,4600288
1876,8260704,4731184
1877,4014848,3044672
1878,4088944,3616176
1879,4685776,3642816
1880,3962896,4286752
1881,4045584,3458384
1882,5308576,4229280
1883,3987760,4713392
1884,4715328,3313072
1885,3691952,3681280
1886,4009216,4462912
1887,4170304,5137696
1888,4853600,3280032
1889,4354912,3877360
1890,5059456,3282096
1891,4219040,3354288
1892,4666496,4784320
1893,4009920,4784224
1894,4316400,3306320
1895,4870576,4719184
1896,4952432,4412464
1897,5235024,6929344
1898,3733344,4367040
1899,4218560,4294736
1900,4230352,5268112
1901,3814752,7631584
1902,3889264,3698144
1903,4780272,3991568
1904,5226496,3178192
1905,3951120,3086560
1906,4065904,4626224
1907,5000336,3360400
1908,5580048,3763840
1909,3665744,3756544
1910,4503120,3260928
1911,3804656,4905376
1912,3942400,3667264
1913,5205120,4655280
1914,5454032,5625328
1915,3903712,4136496
1916,5427840,3222992
1917,5090544,5722432
1918,6419536,5291200
1919,4720960,4343104
1920,4787488,6603648
1921,5930512,3446704
1922,7963552,4796288
1923,11094560,7739632
1924,4213504,7004512
1925,4686368,5628224
1926,3864576,3075968
1927,3743952,2930032
1928,5127984,4423520
1929,4062176,3369088
1930,4380720,3751264
1931,4426160,3894864
1932,3856560,3698576
1933,5345728,3295856
1934,4306304,3604912
1935,5152096,3855088
1936,5913552,3210000
1937,4799216,3201488
1938,3918240,3269632
1939,6324800,3462048
1940,5965952,4405824
1941,4748048,3771984
1942,7137120,3728032
1943,3906800,4155888
1944,5081072,4312080
1945,8276528,3319424
1946,7497408,3716752
1947,6318688,4611008
1948,3691296,4408976
1949,3570336,3864448
1950,5098944,4377664
1951,4085408,3111328
1952,4174800,4633744
1953,4454768,4286592
1954,3606656,4577232
1955,3918656,4054608
1956,4087360,3777344
1957,4491616,3787968
1958,3915152,3528912
1959,3892576,5016480
1960,3936000,3569456
1961,4074176,3895648
1962,5087264,3052080
1963,4285024,3164160
1964,4435168,3767088
1965,4848576,4472720
1966,5011440,3586144
1967,3945664,4149968
1968,4159696,3654736
1969,5154304,5460864
1970,5052656,3868064
1971,4544496,3175248
1972,5055696,3195392
1973,3769152,3406432
1974,5187072,3454400
1975,4786336,4047024
1976,5133120,4078528
1977,3738064,5783984
1978,4374768,3176192
1979,4360800,3034288
1980,4145360,2755056
1981,5549712,3211024
1982,4123232,2863504
1983,4521104,2777408
1984,3644016,3625088
1985,3816864,3933776
1986,4374544,3799856
1987,5112240,4193216
1988,4218768,0
1989,4683280,0
1990,4197344,0
1991,6000704,0
1992,4522544,0
1993,3878032,0
1994,3871568,0
1995,3880944,0
1996,4003616,0
1997,3912992,0
1998,4714288,0
1999,6346624,0
===CSV_END===
=========================================
HI_NET_PING_DONE run=28
