HI_NET_PING_START run=27
Probes: 2000  |  Protocol: UDP  |  Period: 1 ms  |  Msg: 64 B
hi_net_ping: sending HELLO to 127.0.0.1:5002 (protocol=UDP)...
[echo] HELLO — protocol=UDP  n_probes=2000
[echo] HELLO_ACK sent
hi_net_ping: HELLO_ACK received
[echo] run #27 — echoing probes
hi_net_ping: starting ping-echo loop (2000 probes at 1 ms)...
========== HI_NET_PING RESULTS ==========
Probes sent:        2000
Echoes received:    2000
Lost (no echo):       15 (0.750%)
RTL (us):
Mean: 4617.275    Std dev: 1302.596
Min:  2336.112    Max:     22305.360
P50:  4263.904    P95:     6760.400
P99:  9760.080    P99.9:   15389.200
IAJ (us):
Mean: 4071.459    Std dev: 1150.954
Min:  1750.128    Max:     10284.768
P50:  3764.256    P95:     6335.248
P99:  8440.768    P99.9:   9960.464
===CSV_START===
index,rtl_ns,iaj_ns
0,4261696,4424848
1,4574352,6696816
2,7347632,6336672
3,6596896,3635216
4,3907888,3493664
5,4177136,9229552
6,9825664,5068928
7,5684976,7331856
8,7046592,5270000
9,4999520,4011264
10,4585328,3637888
11,4179488,3623664
12,3631360,3731648
13,4329392,2769040
14,3326736,3339104
15,3975072,3328480
16,3871232,3971840
17,4592704,3073632
18,3788624,2908048
19,3494272,3268400
20,3990128,3069520
21,3722240,3177360
22,3728336,3049760
23,3679392,2772544
24,3346704,2941056
25,3682208,3009728
26,3703696,3024160
27,3697312,3534704
28,4051744,4705920
29,5310672,3864720
30,4342112,3730256
31,4254912,2930336
32,3608352,3286304
33,3905520,2995872
34,3673072,3390880
35,3952096,3688928
36,4371280,4559856
37,4252880,4027104
38,4465456,3212896
39,3856464,5808512
40,6471040,4349440
41,4813168,5336944
42,5887072,4043216
43,4460640,3519840
44,4054960,2227056
45,2815520,3430656
46,3935520,3913920
47,4476000,4418864
48,5003456,3750800
49,4301488,3985776
50,4534352,3498784
51,4040720,5146624
52,5623936,4360208
53,4741152,3519424
54,4147056,5064704
55,5554944,4757344
56,5123520,4696624
57,5088992,5921488
58,6556256,4936448
59,5503232,4375760
60,5099216,5075968
61,5668336,4727040
62,5190720,4039824
63,4753232,5958208
64,4986352,3656800
65,4378816,5525424
66,5959248,4028816
67,4692240,4088976
68,4678336,3893328
69,3702288,3682624
70,4099040,3941744
71,4406960,3507952
72,4053056,4931200
73,5411616,3660128
74,4067968,4361296
75,4984048,4935552
76,5562144,4983424
77,5253472,3994576
78,11353312,5385376
79,4705440,4621568
80,6003760,3367184
81,5044880,5897456
82,3220400,3247056
83,5763536,4608176
84,13972608,5099648
85,3854176,2998576
86,5114592,4768272
87,5446976,5854448
88,3433440,3784112
89,5101888,4189888
90,6527504,5647152
91,4442352,4044560
92,4805024,5822848
93,5439312,7756128
94,11206864,6102608
95,4537024,5099120
96,6214320,5676256
97,8066224,4084992
98,6769248,4199264
99,5813360,3336000
100,5212656,2798224
101,4721008,3726528
102,3845872,3416496
103,3995200,4094208
104,3244512,4688720
105,4224336,2706752
106,4096160,3368960
107,4690272,3518960
108,5214144,3357088
109,3407328,3841776
110,3967488,2965472
111,3882848,3813968
112,3898032,4499312
113,4472064,4513040
114,3647248,3553968
115,4208096,5147984
116,5072800,3520000
117,4972688,3934032
118,4045440,3793872
119,5630624,4284592
120,4048560,3977040
121,4581712,4199264
122,4385984,2115104
123,4718768,4123440
124,4348304,5015296
125,4682048,3364592
126,2786896,5452224
127,4483776,4686000
128,5526096,4071152
129,3895440,3280784
130,5809824,3958352
131,4411616,4072240
132,4671360,3613056
133,3813712,3505744
134,4391728,3993120
135,3545248,5474352
136,4146272,3888544
137,4117904,3363488
138,4511616,3469616
139,6008320,4873920
140,4384720,3527248
141,3879136,4078976
142,4157616,2198080
143,5461200,3830704
144,3851392,5128240
145,4678784,4899680
146,2779616,8788672
147,4421728,3321664
148,5774080,6102288
149,5509872,5892576
150,9196496,4965392
151,3972080,8161248
152,6732752,8226880
153,5614064,5838048
154,5597760,4895232
155,8736864,4417696
156,8625552,3615440
157,6178608,3875488
158,5398848,4006560
159,4276032,3735504
160,4318560,3503936
161,4279120,4154400
162,4447120,3068624
163,3741184,3753408
164,4155520,4762768
165,4687744,4545696
166,3622272,3378176
167,4232576,3256928
168,5355232,3502640
169,4922304,4401344
170,4015872,3310688
171,3917232,4062624
172,3990336,1750128
173,4991136,4534480
174,3960816,3696128
175,4516768,4583456
176,2336112,6871824
177,5031216,4393568
178,4373792,3903584
179,5220112,4874272
180,7443456,5181520
181,5086288,3705568
182,4444736,4160816
183,5345680,2988208
184,5845664,2923136
185,4198176,3943488
186,4155136,4536432
187,3600736,6899312
188,3592096,5188448
189,4581792,3127616
190,5250512,3279952
191,7603232,3632592
192,5567584,2753328
193,3822816,3807760
194,3986336,4710016
195,4252688,3376192
196,3387184,3687120
197,4243456,4005216
198,5175104,5016304
199,4033872,3743680
200,4176960,4018656
201,4643600,3903072
202,5340112,4496656
203,4182368,4643216
204,4570928,4115392
205,4554688,5093440
206,5168576,4389072
207,5028240,4900624
208,4652080,4672320
209,5022912,8687328
210,4722384,6339360
211,5432320,6092736
212,4623024,3679472
213,9225552,4952576
214,7062880,4208592
215,4597584,7042400
216,4220128,5289616
217,5603152,5447792
218,4900000,5375120
219,7683872,5984592
220,5519888,5352800
221,6009360,3722704
222,6020992,4455072
223,6336432,4344496
224,5765008,5807840
225,4135472,3597536
226,3886960,3672608
227,5012816,4044960
228,6491872,3865184
229,4304192,4252352
230,4188736,4311136
231,4405888,4284032
232,3674640,3244016
233,4752112,3682416
234,4869616,4296528
235,4785776,3491568
236,3752432,4388496
237,4306016,3668976
238,4932560,3990672
239,4082512,2174352
240,5036240,4284416
241,4342080,5871968
242,4480176,3776448
243,2659280,3534928
244,4755856,4725616
245,6448336,3040832
246,4424672,3605584
247,4137376,5444480
248,5055696,5527040
249,3560560,2905280
250,4205472,3613632
251,6143792,5868432
252,4251760,6130544
253,3452400,3711856
254,4161776,3344560
255,6021392,5897024
256,6821296,4685424
257,3797536,3119824
258,3881488,3175680
259,5696048,5300144
260,4925056,6639200
261,3736800,5372320
262,3809072,3707376
263,6034944,3568656
264,7188192,4202176
265,5976656,4337808
266,4204608,8705584
267,3291680,3607552
268,4683328,4327680
269,5007888,2006640
270,9038112,5350064
271,4294160,6288592
272,4629728,4600192
273,2598576,3237424
274,5841216,4457216
275,3748400,2580112
276,5237728,3655712
277,3752512,2074608
278,4708512,4024800
279,3059584,5011904
280,4143184,3714688
281,2736048,3635792
282,4606288,3324816
283,5321024,3454768
284,4163136,3878224
285,4164768,5969216
286,3962544,5642528
287,3970448,3334192
288,4399552,4101024
289,5898608,3198304
290,6116176,5950288
291,4008416,4286048
292,4454272,5165840
293,3848864,3177808
294,10420592,2327312
295,6025536,5714400
296,4836272,3732224
297,5764576,5151744
298,3798496,3080192
299,3003808,2934416
300,5602576,4111184
301,4368608,3429296
302,5749376,2831504
303,3683936,4972640
304,3460448,1896464
305,4724768,4596736
306,3820768,3373312
307,3402640,3479728
308,5575712,3370160
309,2535856,3152464
310,4437440,3320000
311,4014608,3032768
312,4177648,2713440
313,3994976,2764800
314,3811776,2668080
315,4010368,2733680
316,3606560,3313040
317,3327040,2608976
318,3329616,5770496
319,3380768,4199552
320,3239024,4929648
321,3969024,4404080
322,3309680,5022320
323,6123696,5346800
324,4853184,3963632
325,5180320,3911360
326,4319840,4321488
327,5691184,3391776
328,5941136,3714688
329,4611728,3626416
330,4610256,3303616
331,4976912,3134544
332,3684624,1987680
333,4139184,3818096
334,4145600,3352240
335,3955472,2955184
336,3778192,3605456
337,2642992,3934448
338,4386288,3076544
339,4019296,3047376
340,3548784,3370576
341,4103424,2918384
342,3842960,3049088
343,3723280,3182784
344,3713072,2689904
345,4044688,3159072
346,3407200,3054656
347,3450192,3234624
348,3778656,3026432
349,3164624,2900496
350,3828912,2827696
351,3424512,3862352
352,3697376,3063504
353,3656768,3873392
354,3520800,2894272
355,3346128,3179232
356,4404096,3252912
357,3694352,4606272
358,4306256,3298432
359,3485616,3010560
360,3886384,3019728
361,3895008,2873088
362,5126640,3019344
363,3834800,3301648
364,3361280,3227712
365,3433568,4145024
366,3354160,5130352
367,3524336,3997104
368,3705264,6858448
369,3792528,4352448
370,4762944,4726352
371,5287280,4986880
372,4363296,6952144
373,7488704,2593824
374,5042016,5459136
375,5188224,3989296
376,5546304,4317536
377,7391584,5216720
378,3296736,4913264
379,5323680,6561296
380,4558992,5256208
381,5027520,3851584
382,5844848,3662352
383,5550656,3668624
384,7057504,4628448
385,5930144,4162832
386,4394704,3653472
387,4301296,3194832
388,4384880,3458320
389,5083024,4524208
390,4538560,3042064
391,4168432,3195056
392,3862176,3449056
393,3902704,3960448
394,5149312,3204160
395,3458240,3083808
396,3621520,3292496
397,3964112,4482752
398,4529296,4477856
399,3818976,6686272
400,3397840,5129488
401,3769856,5632784
402,5018464,4246160
403,5034400,5274928
404,6908224,4035536
405,5288560,3305536
406,5494688,4955872
407,4982144,3678208
408,5193472,5927552
409,4571360,5131712
410,3845344,4862592
411,5636528,3556016
412,4250336,3856992
413,6491504,3656032
414,5052192,4592960
415,5391936,3205280
416,3979088,3421296
417,4509328,3861904
418,4244192,3298336
419,5034480,3109856
420,3880224,3018144
421,4045776,3897472
422,4394384,4700672
423,3772976,4063952
424,3758000,3405712
425,3689440,2915536
426,4404576,3067840
427,5245072,3196304
428,4640608,3021008
429,3961296,3408576
430,3583392,4376208
431,3813216,3230960
432,3847136,3549120
433,3616144,4517088
434,4052112,3045184
435,4949296,3648432
436,3804320,4219776
437,4100128,3136512
438,5106560,4702144
439,3617040,7131648
440,4141072,3883840
441,4785424,2987776
442,3812064,5230352
443,5246096,6617472
444,7313728,4740512
445,4524208,4618096
446,2973232,3015680
447,5946608,4700160
448,7002992,2560176
449,5370688,3083104
450,5252384,3640928
451,3610048,5038192
452,5266992,3238400
453,3212704,3849728
454,3652528,4627072
455,4244256,3972080
456,5458928,3304512
457,3838576,3221360
458,4381168,3185104
459,5238384,3682208
460,4641664,4815136
461,4009024,4691584
462,3639104,3927504
463,3790208,3479856
464,4157664,3961456
465,5244448,3970928
466,4510800,4613584
467,4572032,3121488
468,3981600,3059088
469,4619088,3889408
470,3952560,4173456
471,5045440,2968928
472,3764064,3147648
473,3705728,3099584
474,4447856,3006240
475,4877136,4193776
476,3689808,3771776
477,3870400,3453616
478,3688448,4444864
479,3547200,3079184
480,4661120,3057536
481,4274864,3495840
482,3995072,4354960
483,4962656,3409888
484,3753856,4782128
485,3644608,3161792
486,4124432,3919824
487,4952912,3412976
488,4110576,3092720
489,5338656,3918784
490,3664512,5958656
491,4451392,2933984
492,4066992,4468320
493,3765296,4997504
494,4567136,3533600
495,6552896,2589088
496,3552720,4353792
497,5162816,4784576
498,5014816,4265296
499,4128272,3303296
500,3104448,2949856
501,5035760,3402592
502,5413200,3104592
503,4701008,3474688
504,3992032,4040096
505,3629936,4810544
506,4085216,4043680
507,3538624,6305136
508,4036448,4985968
509,4627344,3384384
510,12698272,4000864
511,5456640,3115328
512,4685328,3537808
513,6808336,3486096
514,4332352,3896272
515,4014944,3239664
516,4706512,4783792
517,11062080,5469776
518,3854128,4425152
519,4076704,2909216
520,4197792,4022464
521,3582672,5182752
522,3948880,6047760
523,5444496,3117792
524,5911824,3194592
525,5046384,3725136
526,3609232,3277072
527,4616368,3230784
528,5867664,3054960
529,6744288,2981360
530,3803968,3461488
531,3539232,2726656
532,4092768,3071088
533,3813776,3166032
534,3789856,3051120
535,3635760,3302960
536,3656816,3461312
537,4076928,4143152
538,3365408,2992128
539,3709200,2892016
540,3883472,2993536
541,3718672,2914016
542,3976864,3289648
543,4041920,2626816
544,4785728,3409872
545,3686768,2911088
546,3572736,2969008
547,3665712,3031280
548,3634064,2965136
549,3915200,3070784
550,3179424,3260208
551,4055904,3157136
552,3366848,3595648
553,3553456,3278352
554,3692320,3717760
555,3646176,3197472
556,3754336,2993824
557,3583264,3179488
558,3681584,4526224
559,4174272,2856832
560,3854784,3004096
561,4345840,3044192
562,3844608,3201184
563,3588640,2783072
564,3753088,3219248
565,5116144,3116736
566,3572448,3137360
567,3705264,3946592
568,3589824,3514320
569,3819024,3062624
570,3342064,2489968
571,3912224,3543952
572,3463872,3369088
573,3584160,2740032
574,4418096,2784080
575,4043552,3252416
576,3751536,2989280
577,3179248,3251152
578,4201344,2927184
579,4100320,2947088
580,3360080,3512048
581,3453744,4354112
582,3899280,3161888
583,3696208,3072160
584,3975504,2885024
585,3476032,3626848
586,3581472,3591248
587,4125616,3277248
588,4939552,3862256
589,3685744,4645152
590,3634352,2749856
591,3268400,3099440
592,4079808,2944352
593,4253504,3239792
594,3766560,3195824
595,4578080,2790240
596,5135024,2811728
597,3386544,2779680
598,3795264,2301648
599,3596288,3969552
600,3923072,2625952
601,3648592,2529792
602,3278992,3645296
603,3248704,2994096
604,3453472,3367344
605,3023696,4914304
606,3903328,2758992
607,3334352,2837520
608,3189104,3015888
609,3679088,3054032
610,3690928,2988112
611,4010752,3042944
612,5096688,2819504
613,3295344,3818400
614,3546800,3598800
615,3576560,4054368
616,3741104,3024656
617,3621200,3229408
618,3777744,3991680
619,3564096,3534752
620,4420288,3126512
621,4191152,3032000
622,3816272,2990336
623,3391712,3069488
624,3668144,3158544
625,4479648,3019392
626,4101472,3132672
627,3681856,3234080
628,3737520,4240928
629,3681328,3173536
630,3765184,3567008
631,3778160,3952672
632,3523312,4303808
633,3628288,4188768
634,3798848,3313792
635,4800320,2870848
636,3890960,4165264
637,4294912,5553120
638,4517936,2954800
639,4994288,3817872
640,4912416,4146544
641,3860720,2961808
642,3235584,2846512
643,4655440,2650720
644,6011216,3489792
645,3673040,3274928
646,4266144,2919152
647,4730880,3552784
648,3576432,4459440
649,3584592,2912128
650,3321904,3009808
651,3952928,2794208
652,3797664,3281040
653,3526624,3078848
654,4271824,3302368
655,5143328,3343808
656,3594272,4041328
657,3695568,3531760
658,3428704,3544160
659,3898320,4414688
660,3729808,3194016
661,3683616,4301552
662,3780448,3102000
663,4647648,2958160
664,4090944,3173376
665,4048208,2930928
666,4081744,3480192
667,3677024,3597776
668,4824992,3903504
669,3712736,3051968
670,3519600,2895584
671,3888080,3018912
672,3579008,3486496
673,4074448,4406736
674,4083328,5256576
675,3864640,5011216
676,3722160,6354144
677,3454000,3242160
678,3557728,3674448
679,4171936,3248128
680,4902576,4258592
681,5829936,3560512
682,5710816,3936528
683,6905760,3322864
684,3827904,3513984
685,4276208,3593808
686,3835952,4514320
687,4878336,3803120
688,4200832,4236224
689,4453952,3859760
690,3879184,4107568
691,4072288,3808752
692,4239392,4276720
693,5228416,4752640
694,4248640,5019808
695,4987520,6745056
696,4392080,5575696
697,3981216,5132656
698,4269856,5687504
699,4832976,4764672
700,5317440,9051616
701,5571312,4297744
702,7397488,5472848
703,6208528,3516560
704,5421728,3394048
705,6155472,3745232
706,5053008,4287728
707,9019456,3370736
708,4909520,4346272
709,6068912,3386944
710,4193456,3147872
711,3774624,3001536
712,4359536,3077184
713,4821680,3116128
714,3883088,3689552
715,4795456,4077072
716,3955584,3081200
717,3761104,3547120
718,3722592,4064944
719,3792336,3357248
720,3672048,3307200
721,4211184,4608912
722,4151088,3308960
723,3782320,3433392
724,4095664,3096784
725,4618416,3676032
726,3993920,3328384
727,3913488,3217936
728,5017968,3326560
729,3976624,3694752
730,3981296,3890704
731,3763808,3227632
732,4306752,3264288
733,3943888,4887328
734,3948848,4726928
735,4032784,3259184
736,4233936,3958096
737,3844592,3574704
738,3859760,3018784
739,3776048,3285344
740,4976752,3489360
741,5294592,4506368
742,3884992,3185424
743,4400144,4181472
744,4178288,3622112
745,3751744,6000512
746,3968720,4622944
747,3972192,5032400
748,5139248,4277216
749,3579328,3253328
750,4666000,4841920
751,4280992,4548352
752,6213744,4248624
753,5237920,4285488
754,5717248,4862560
755,4741104,4167424
756,3948032,6476208
757,5374688,4519280
758,5115392,5450192
759,4804000,3545264
760,4013680,5663952
761,13518224,3890336
762,5294592,4266608
763,4821648,3202368
764,7082032,3440240
765,5056064,5133936
766,4800096,4119888
767,3987456,4957104
768,5199600,3101808
769,4226048,3962848
770,4550752,3563216
771,3840816,3128048
772,4092352,3436416
773,5814656,2808096
774,4711168,3801696
775,5667136,3676608
776,3831568,4125696
777,4542976,3024640
778,15389200,3091408
779,4220288,2992112
780,3647040,2907344
781,3989280,2792624
782,3469744,3567072
783,4451216,3676416
784,4230272,3943296
785,4070848,3790336
786,3473968,4578944
787,3511856,3464880
788,3392368,6201120
789,3359504,4765024
790,3359776,3042576
791,3890864,2536784
792,4241536,2734016
793,4505584,3580384
794,4314336,3080944
795,4547232,2992000
796,4038976,6077936
797,6865264,3342432
798,5222608,4537520
799,3546256,3180576
800,3165056,5434016
801,3271808,3073392
802,4123536,3980736
803,3724256,3638144
804,3720832,3807776
805,10634720,4191200
806,6746128,3215936
807,3979104,3726064
808,5002032,3800592
809,3851760,3062784
810,5930976,3178784
811,3745504,2819280
812,4564432,2765456
813,4254112,2566320
814,4377936,3152432
815,3749280,3475648
816,3548976,2802720
817,4095152,3111888
818,4352432,3134736
819,3799984,2754192
820,3655024,2677184
821,3375552,3701376
822,3415344,2760512
823,3294976,2972960
824,3820160,3199712
825,3965600,2911888
826,3362016,2976272
827,3800976,2990256
828,3792176,3207488
829,3370192,3220000
830,3351216,3325424
831,4263904,3776112
832,3451808,2409040
833,3621280,3855872
834,3846192,3109296
835,3454672,2707520
836,3576016,3381968
837,3693968,3134128
838,3825952,3216096
839,3853696,2943552
840,3839536,2899440
841,3643504,3082288
842,3016960,3324240
843,3837216,2689904
844,3770432,4675600
845,3286736,2620864
846,4016848,3173488
847,3672784,2799536
848,3646880,2882864
849,3477616,4455664
850,3496432,5387360
851,3572016,6028464
852,3925408,4490688
853,3295840,2458640
854,5212416,3544144
855,3314976,3903168
856,3808528,4197488
857,3438128,5404320
858,3501776,5714016
859,5039216,3968608
860,4385648,3771248
861,6556816,4314224
862,4925616,3146672
863,3023520,4278384
864,3894976,3199312
865,4458880,4187312
866,4005776,4179840
867,6083920,3628496
868,6254160,4324672
869,4336912,3845456
870,4263456,4469344
871,4981456,3571344
872,3677216,4369104
873,4744576,4749968
874,3766976,3662768
875,4818288,4372400
876,3840800,3969280
877,4067392,4880080
878,4921168,4108272
879,4164016,3228144
880,4142288,3851648
881,4144752,4195296
882,4992928,7512048
883,5232512,6650000
884,4012384,4010672
885,4839984,7010320
886,4379872,3323472
887,4242880,2524592
888,4536192,3803216
889,3746720,3608864
890,4364224,4641616
891,3813792,4176768
892,7999152,3422944
893,6478416,3423184
894,4512560,4793248
895,4178528,4062704
896,4001616,3420304
897,3243696,3307664
898,4467040,3331168
899,4276592,4414880
900,3348960,3528400
901,4635552,3607712
902,3932720,4402784
903,4035984,3708160
904,5398960,3780944
905,4541616,3195808
906,3917456,3918432
907,3951232,6896224
908,3882848,4552816
909,4914400,6980336
910,4048128,5974784
911,3921296,6011424
912,4880528,6774864
913,4262640,4898880
914,3610624,5267072
915,3741136,3993056
916,4592272,3549712
917,7584656,3524528
918,5234928,4999248
919,5180144,3494416
920,6614992,4594608
921,6609040,4880752
922,7299616,3438800
923,5055792,4394576
924,5938944,5071024
925,4425312,6388352
926,4237568,5080832
927,4203008,6907168
928,5434832,5216352
929,3975056,7161984
930,4847968,4509840
931,5391408,5489280
932,3974208,6000128
933,4874880,3709296
934,12190896,5250944
935,4970752,5894736
936,7139664,3459712
937,5726848,3386784
938,7457904,4464048
939,5697984,3211728
940,7691424,4027728
941,4342720,3830944
942,6053056,3428416
943,6717552,4694016
944,4362352,4228224
945,5504576,3117360
946,4423744,3498640
947,4140368,3024944
948,4014848,4063392
949,5016064,5248864
950,3905280,4687088
951,4631024,9945824
952,4377472,5349584
953,4046656,5196832
954,5352176,4580720
955,4892864,4650032
956,3656272,4332320
957,3981824,6028720
958,3676768,4866224
959,4799104,5273264
960,5188560,6620288
961,5223680,3860416
962,9379120,4262416
963,5965728,3239616
964,5642672,3362976
965,5104816,4421376
966,5116496,3971488
967,4945856,4112384
968,4787312,3341520
969,5293776,4026000
970,5851952,3069936
971,7154096,3300288
972,4595152,3081744
973,4933840,3720384
974,3802992,4442432
975,3805072,3162528
976,5005456,3574288
977,4318416,3899152
978,3795136,3541120
979,3706288,7726992
980,4521968,5692624
981,3692320,4382128
982,3771296,5444432
983,3686736,3500832
984,4327440,2667936
985,5071680,3587632
986,3655088,4508880
987,4007344,4159872
988,4463616,3632240
989,4150080,6082080
990,8199168,2953792
991,5154576,6240880
992,5133264,5012688
993,5209616,7480688
994,4036832,6459616
995,3344480,4324224
996,4249952,4538704
997,5154832,4140592
998,4645344,2995760
999,4257408,3942368
1000,6696704,4260768
1001,3076144,3556912
1002,6350304,3757600
1003,4831520,3676672
1004,8065168,3588384
1005,6991968,3475936
1006,4946704,3763360
1007,4488768,3125904
1008,4758768,3323808
1009,3613072,4573840
1010,4597792,3412016
1011,4894576,4796832
1012,3980336,3021440
1013,4341776,3662224
1014,4255888,6029280
1015,4155328,3252368
1016,4062544,3710688
1017,3558432,4381680
1018,3706000,3208336
1019,4001136,4452032
1020,5023520,3318016
1021,4005824,3572192
1022,5317488,4281904
1023,3603696,3743792
1024,4136384,4213568
1025,6519488,3211968
1026,3802912,3470144
1027,4198640,3141088
1028,4972080,3333296
1029,3763056,3651504
1030,4855872,2292192
1031,3848752,3600848
1032,3904432,2485472
1033,4941744,4014480
1034,4381888,4959344
1035,4808336,2864400
1036,3852752,2970960
1037,3962496,3357360
1038,3735264,3103536
1039,4010112,3619232
1040,4177200,4331136
1041,2915856,5842480
1042,4061616,4411408
1043,3067104,4459552
1044,4549024,3043424
1045,5479136,3099024
1046,3393920,3154416
1047,3597216,3678336
1048,4025792,3593088
1049,3614464,3481520
1050,4135216,3648800
1051,4880256,4063552
1052,6357776,3206256
1053,4787744,3021328
1054,5001056,3122912
1055,3673600,3619248
1056,3517024,3987568
1057,3619936,2323056
1058,4158736,3266800
1059,4266064,3464144
1060,4039696,2246832
1061,4248016,3963680
1062,3731072,3695360
1063,3863200,5384784
1064,3695536,3853104
1065,3734272,2361120
1066,4006048,3501072
1067,4502368,3266032
1068,2914336,6004080
1069,3857440,4940704
1070,4022256,5817360
1071,2906560,5232048
1072,4449136,4959072
1073,4274544,3154912
1074,6021312,5007696
1075,4377280,3832800
1076,2981520,6814112
1077,3960432,4876816
1078,3939344,5543488
1079,6507696,3810784
1080,5231728,4922080
1081,6465088,4029312
1082,5838208,4432128
1083,5657984,4388880
1084,3868464,3473824
1085,5562800,4073264
1086,4382096,3361472
1087,7210848,3052752
1088,5520752,3115504
1089,6185344,3442832
1090,4439648,3723568
1091,5513856,3702672
1092,4685680,3450832
1093,5083552,4027312
1094,4922240,4365088
1095,4093136,5889568
1096,4461440,4321200
1097,4014336,4972112
1098,3701168,3810896
1099,3746656,4249568
1100,4040864,4515856
1101,4254048,5650544
1102,3704768,9960464
1103,3979088,3265744
1104,4678800,4594208
1105,4948768,4508352
1106,6474320,2912032
1107,4834608,3216848
1108,4829440,9372096
1109,4476752,3307264
1110,4863376,3804240
1111,4501664,4726240
1112,6271792,6424944
1113,9805776,4971744
1114,3956224,6933120
1115,4997872,5147760
1116,5220640,8874896
1117,3103712,4961072
1118,3667456,3555072
1119,6690352,4613952
1120,3845424,3580016
1121,4423952,4078784
1122,5400496,3501728
1123,7090864,4735968
1124,5592256,3227488
1125,6347552,4334000
1126,5541376,3137968
1127,9511664,3854016
1128,5666768,4243072
1129,4157984,3363552
1130,5344528,3937392
1131,4142752,3920432
1132,4731520,3243440
1133,4089184,3753968
1134,5281616,3739248
1135,3917680,4397616
1136,4817888,4132336
1137,3722560,4469024
1138,4519840,3093872
1139,4892368,3258496
1140,4004672,3610736
1141,4422608,4448272
1142,4529168,3097440
1143,3898704,4333696
1144,4303296,3152672
1145,3588704,4962640
1146,4753792,4013008
1147,4645664,3889328
1148,5018320,4734304
1149,3667136,3590416
1150,3891248,5694320
1151,4224832,4575120
1152,4878208,4701888
1153,3638848,3505456
1154,4759904,3281056
1155,3800048,3954624
1156,5609056,3351568
1157,4594928,3644592
1158,4587376,4387184
1159,5405296,3578560
1160,3970688,4400448
1161,6382256,3523968
1162,5223392,5071760
1163,5156464,4552048
1164,4147056,6375312
1165,3656448,5647104
1166,4605504,4898880
1167,4029936,3329872
1168,4219328,3580896
1169,5045952,5914832
1170,4046800,5067968
1171,4986944,5557904
1172,4149568,5647664
1173,5660320,4483120
1174,4967552,6618432
1175,6971472,4829328
1176,6270448,5772144
1177,5382400,3971456
1178,3972368,3583664
1179,4004768,3764256
1180,5901376,3790720
1181,5547504,3713392
1182,6055360,4077408
1183,6244432,3347616
1184,4606736,3015040
1185,6359824,3744560
1186,5089648,4057968
1187,6274544,5088912
1188,3600944,3847232
1189,4191648,4312224
1190,4427776,4867280
1191,4095936,4668464
1192,4281072,3490112
1193,3841152,4753872
1194,3895488,5613120
1195,3535504,4461648
1196,4169808,7376544
1197,4429968,4297808
1198,5486896,3264128
1199,4241760,5006688
1200,4794848,3439664
1201,5378896,3700592
1202,5103568,3293792
1203,4117008,2952944
1204,4989744,3125168
1205,6321520,3424096
1206,5112592,3456880
1207,11798464,4094784
1208,7948272,3502256
1209,4793856,3459712
1210,3912368,4231648
1211,5354224,3728352
1212,4000192,4256592
1213,4197296,3774944
1214,4006240,3787632
1215,3644960,3209904
1216,3776336,2912672
1217,4025648,3284960
1218,3981264,3333776
1219,4799696,3756928
1220,4036672,3982880
1221,3816464,3483008
1222,4854672,4221088
1223,4208160,3410640
1224,4065968,3158336
1225,4457856,3794752
1226,4429952,5919680
1227,3811600,3608912
1228,3554240,5850656
1229,3974256,4559424
1230,3995376,6707392
1231,4292048,3347520
1232,3782976,4471792
1233,3869728,5478112
1234,4789616,3109888
1235,4052048,3465856
1236,3726992,3598560
1237,4337216,3849376
1238,5795392,3309472
1239,4158368,3474832
1240,6521760,4079248
1241,5200144,3155056
1242,6624368,3135520
1243,3255088,3832400
1244,11287520,3571040
1245,5129840,3221392
1246,5678144,3055024
1247,3715312,3083136
1248,3895712,3229344
1249,4101520,3223136
1250,4531168,3687120
1251,3976240,3797968
1252,4083344,3024896
1253,4731104,3133328
1254,3812352,3602128
1255,3786592,4403232
1256,4183008,2964400
1257,4262768,3091968
1258,3714448,3420880
1259,3718960,4609280
1260,3598400,2805024
1261,3907552,3091760
1262,3810160,4040336
1263,4236400,4256000
1264,3812512,3218256
1265,3724976,4334896
1266,3800992,3326272
1267,3989424,4143408
1268,4983248,4318528
1269,3653600,4634080
1270,3678256,3055744
1271,4038976,3768720
1272,5099984,3669760
1273,3521808,3040336
1274,3726704,3194736
1275,4718832,2751312
1276,4765600,3099744
1277,3747952,3249392
1278,4969472,3292048
1279,4026480,4437328
1280,4586656,3569552
1281,4867056,3440752
1282,5241408,3919472
1283,3636944,3279488
1284,4280512,3616560
1285,4219824,4382336
1286,3628384,4106848
1287,3871696,3518448
1288,3380624,2869056
1289,3807488,3124160
1290,3846272,6353408
1291,3992480,3782640
1292,4943920,2871136
1293,4211200,3117984
1294,3960944,2911520
1295,4450496,2862176
1296,3928096,3289264
1297,4276816,3728816
1298,5017888,9267520
1299,4718464,3316848
1300,3996272,3355680
1301,3510128,3605808
1302,3730752,4270128
1303,6677328,3655280
1304,4445072,4170320
1305,3551776,3453168
1306,3742368,4813056
1307,3630560,3298688
1308,3583824,3038208
1309,3805008,3217872
1310,4388848,4506656
1311,9819616,3931040
1312,12309616,4014768
1313,3914864,3986768
1314,4035856,3656080
1315,4155952,2940096
1316,4098752,2579328
1317,4077728,2800288
1318,4752656,6589888
1319,4058224,3585392
1320,5346912,3536944
1321,3697504,2931792
1322,3647952,3067456
1323,3777728,3258880
1324,5109456,3092432
1325,4351584,3089184
1326,3568416,3744464
1327,4492848,4860560
1328,4208272,5086736
1329,3626336,5039472
1330,3228880,3559648
1331,3417280,4317408
1332,6885840,5023440
1333,4289440,4917024
1334,4085648,3646048
1335,3504160,6641872
1336,3699680,4688928
1337,3907952,4448416
1338,3621840,3144976
1339,3723344,3463968
1340,4393376,3596304
1341,4256784,4098416
1342,10921808,2931312
1343,5420576,3315712
1344,5486864,3056048
1345,4119568,3293408
1346,4921008,3846672
1347,5255920,3799904
1348,5396208,2952320
1349,4093840,3756752
1350,6077744,3900704
1351,5072544,3162576
1352,4965008,7337936
1353,3714048,4856480
1354,4097280,3480096
1355,4208272,3578176
1356,4746112,6938816
1357,3609072,6971760
1358,3993712,4898672
1359,3654016,3679808
1360,3824864,3688752
1361,4322560,3320736
1362,4324096,5202576
1363,3641808,3978496
1364,4341824,3501968
1365,4580832,3715216
1366,3794448,4285952
1367,7807136,3470704
1368,5444096,4098832
1369,3954592,3410768
1370,4282896,3701904
1371,6488304,4395280
1372,6646160,3408608
1373,4583392,3968224
1374,4345920,3551584
1375,4288640,4753856
1376,3864576,4091056
1377,5783840,4583728
1378,4535968,4825120
1379,4111840,4577104
1380,4224400,5926912
1381,3990992,4035488
1382,3892480,3424592
1383,4685040,6784640
1384,4093792,5310016
1385,4288560,6298496
1386,4266960,5072384
1387,3909952,6176048
1388,4485520,5913760
1389,4223424,3246224
1390,5235840,3968992
1391,4393216,3744688
1392,4945200,5128608
1393,5478384,3288224
1394,5142416,3903664
1395,6483840,4337120
1396,4451728,3456864
1397,4047984,4601456
1398,7432992,3956144
1399,5517360,3036352
1400,6515600,3254688
1401,5685648,2879216
1402,6876144,3440928
1403,6052864,3844864
1404,3948112,6073264
1405,4480064,3818416
1406,4481120,3996096
1407,5699024,3396064
1408,3859584,2925024
1409,4318864,3794032
1410,4896784,3206272
1411,4120544,3640192
1412,4484624,3204416
1413,4561360,2968864
1414,3695072,4545824
1415,3902288,3886656
1416,3497648,2931904
1417,4088720,3303424
1418,4382848,3764272
1419,5490752,3257920
1420,4302800,3365040
1421,3885456,4568400
1422,3801904,3074672
1423,3425936,3141712
1424,4210240,5238976
1425,3789264,5580352
1426,4158384,4086016
1427,3861072,3633792
1428,3491888,4146752
1429,5026752,3040032
1430,4593728,4592880
1431,3491600,5919040
1432,3682256,3059136
1433,4431152,4382400
1434,3812864,3194192
1435,3949168,5133056
1436,5043360,4734240
1437,3746560,3746736
1438,3763072,4544704
1439,5760320,4501728
1440,6028672,3496768
1441,4763008,4794624
1442,4384208,3155824
1443,4641024,2777648
1444,3644480,4051024
1445,5307504,3936128
1446,6434064,3543344
1447,3701616,3732064
1448,4408016,4581824
1449,3802160,2940464
1450,5810080,3738112
1451,5406192,4974832
1452,4484560,4246752
1453,5203568,2771488
1454,4998944,4017616
1455,3549120,3279040
1456,5484256,3946944
1457,3803248,5522528
1458,3418416,3615312
1459,4720832,3305584
1460,4602096,3319472
1461,4111888,3407968
1462,4251424,5032384
1463,4668768,4019872
1464,3516128,3520752
1465,4233248,5527104
1466,5606160,3941552
1467,4176496,3297872
1468,3304224,3632304
1469,4500736,4199984
1470,3851536,4982448
1471,4655328,5196144
1472,6209344,4748736
1473,4266560,8297264
1474,3967328,8648896
1475,4031632,6369904
1476,3947280,5198992
1477,5676816,6214496
1478,4646960,8529712
1479,4130416,6524960
1480,6073248,7066928
1481,4484096,7158624
1482,3994576,7058688
1483,4328800,6443072
1484,4862608,5183760
1485,5670912,5465568
1486,5266512,4929056
1487,5448816,4493360
1488,8964816,2489392
1489,8447824,5265488
1490,6760400,2657600
1491,5796112,2843632
1492,6721392,3148464
1493,8084160,4169792
1494,5727600,3800080
1495,7515280,4268256
1496,6464048,5801408
1497,6376496,5528944
1498,7126816,3527728
1499,5658080,3892000
1500,5020128,3460880
1501,5005392,4821600
1502,5042208,2909472
1503,3088256,3115232
1504,6011728,3637072
1505,3128112,4026480
1506,3376128,3675408
1507,3807568,4771760
1508,4786432,3677424
1509,4458864,4226400
1510,4954592,3470320
1511,5498016,7498752
1512,5952096,3680400
1513,4070576,3070320
1514,4531360,3694464
1515,4117888,4535088
1516,5280144,5114496
1517,3487584,3704384
1518,3579328,5086384
1519,4104800,4843360
1520,4725152,5153008
1521,4421040,5100352
1522,5335184,4596640
1523,4155040,6335248
1524,4919568,3614416
1525,4071168,4687680
1526,8129840,3491472
1527,3384960,3841648
1528,3676448,3096784
1529,4337536,3007472
1530,5088192,3065936
1531,5802896,3074736
1532,4099264,3448944
1533,5697664,3634432
1534,4815520,3855088
1535,5810192,4670656
1536,4643120,5335808
1537,5312352,5513504
1538,5885984,8422544
1539,4283216,4138080
1540,5323424,5176752
1541,3999728,6256048
1542,4363968,6647312
1543,3676640,5207712
1544,3669184,4619200
1545,3564080,3373968
1546,3735616,3625232
1547,4011600,4370992
1548,4140384,4205248
1549,3759264,3408512
1550,5347888,3510944
1551,5664496,4583392
1552,6158992,3853792
1553,9015984,4258128
1554,4753504,5199456
1555,5673760,3421472
1556,5827760,4646896
1557,6993120,3546208
1558,5887344,4432752
1559,4717008,3545616
1560,4073232,4291600
1561,4106976,3976928
1562,5020080,3938432
1563,4670208,3492768
1564,3812560,4492496
1565,4132512,3048432
1566,4846112,3660048
1567,4410496,4186768
1568,4695024,3410528
1569,5838128,4522848
1570,3895456,2970000
1571,5222896,3542816
1572,4069248,5082336
1573,4139584,5111952
1574,4039040,5050768
1575,4909056,5318432
1576,4344784,4939664
1577,3545536,4565792
1578,4144080,3763488
1579,4974640,5863168
1580,3759792,3818416
1581,4324720,5712560
1582,4810624,3950592
1583,4090144,4531728
1584,4927584,5659776
1585,3631216,5356624
1586,4239248,4178640
1587,5521792,3987168
1588,5672784,2139520
1589,5674192,3542176
1590,5277696,3119904
1591,4960336,3317840
1592,5179792,3596624
1593,4435776,4338736
1594,6419312,3831760
1595,4493504,4238336
1596,6365360,3539280
1597,4421040,4353024
1598,22305360,3601936
1599,5096256,4082960
1600,5507872,3307264
1601,5786944,3614320
1602,4834624,4368080
1603,4559232,3900736
1604,2765376,3670480
1605,3980576,3154528
1606,3750656,5500352
1607,3912064,3388144
1608,4054624,3932704
1609,4965232,3349120
1610,4285968,2117328
1611,4881984,4405184
1612,3999424,5160912
1613,4989456,4471680
1614,4039760,4860032
1615,4767008,4982048
1616,3961184,3231648
1617,4014720,5001600
1618,4988880,2963008
1619,4325008,4572416
1620,4274336,5998896
1621,3790352,6534928
1622,6162224,4812976
1623,3891792,3126544
1624,4515536,6394864
1625,4063968,6523360
1626,2832480,4152784
1627,5053392,7451648
1628,5642544,4085616
1629,5113184,5328016
1630,5340240,5031008
1631,5529856,3576624
1632,3874480,3581040
1633,5382720,3345968
1634,3378880,3631472
1635,5066336,3741904
1636,6653584,4636864
1637,7157712,3354640
1638,5266320,4021408
1639,3825552,3707984
1640,6837600,4077984
1641,7169136,3249264
1642,4758736,3360640
1643,7872352,3402672
1644,4740544,4219792
1645,5956112,2015552
1646,5520752,3956928
1647,3963696,3750640
1648,4271040,4538944
1649,3839600,3483632
1650,4235984,3895280
1651,4316288,3463408
1652,4496576,3426944
1653,4019136,4230096
1654,4561920,4067696
1655,4324224,6225696
1656,4732480,4526128
1657,3916464,3551360
1658,3939856,5802656
1659,3837584,4315680
1660,4725360,6075200
1661,2612512,5572048
1662,4270368,5151424
1663,4283584,3712288
1664,5212736,6522112
1665,3878544,6056400
1666,4462736,4378816
1667,4141440,8608560
1668,3948992,5529024
1669,4800192,5477952
1670,4680432,3984240
1671,6203824,6638960
1672,5138752,3703312
1673,4159808,8440768
1674,6203008,9053680
1675,4946128,4846192
1676,6538720,6935312
1677,6230432,4058528
1678,5808832,6212912
1679,4263056,3039536
1680,6007008,3480768
1681,6495920,3786128
1682,4895520,3375584
1683,8041312,4136144
1684,6025776,4283520
1685,5258560,3784944
1686,3687440,3706864
1687,7118640,3635856
1688,4335200,4752048
1689,7428496,2845344
1690,9720032,3179680
1691,5026256,3567872
1692,7311088,3961024
1693,4724448,4075808
1694,6672896,4476208
1695,3598000,3478672
1696,4031056,3945632
1697,4417232,3097648
1698,3935856,3008672
1699,4747008,3480704
1700,3800736,4143392
1701,4197632,2315984
1702,4196528,5501872
1703,4254576,4499840
1704,5379520,5020144
1705,3415504,10284768
1706,3652144,6758448
1707,4003728,3603360
1708,4474960,6652272
1709,4596272,5019936
1710,4126480,7324448
1711,3974144,3579792
1712,4589408,5933664
1713,3719664,5028112
1714,3603568,9109856
1715,4038192,5215488
1716,4693296,4518064
1717,3047312,6168992
1718,6258208,6753296
1719,4651104,3921232
1720,4822096,5490144
1721,9759120,4347632
1722,7328432,3672192
1723,3690544,3860688
1724,6931136,3987536
1725,5518704,2986560
1726,5670624,3027728
1727,4171504,3233712
1728,5849056,3959440
1729,5694688,3762064
1730,9760080,3348112
1731,5611312,5682416
1732,5012064,4588816
1733,4853456,5773520
1734,7010256,5729040
1735,4551312,9449808
1736,6148560,5536896
1737,4751680,4163584
1738,4299424,5569232
1739,4329936,4837840
1740,3918048,6174848
1741,3453920,4166032
1742,3719888,9381296
1743,3730400,3919520
1744,4398704,5505072
1745,4191920,3874880
1746,4035632,2909104
1747,6060848,3099904
1748,4878784,3106336
1749,6365680,2961360
1750,6096016,2870448
1751,9924304,3033872
1752,6085360,2751168
1753,4793504,3865536
1754,4616048,3026704
1755,5204880,2474112
1756,6740192,2965456
1757,4896768,3267392
1758,9289536,2729648
1759,4649616,2967600
1760,6031024,3053696
1761,4465456,3005744
1762,3528896,3137328
1763,3768256,3105504
1764,3816112,3090544
1765,3647504,3253312
1766,3557920,4792192
1767,3650096,2874160
1768,3447616,2986512
1769,4187712,2711568
1770,3658560,3327024
1771,3171088,3026432
1772,3532064,3270704
1773,3872000,4588608
1774,3461616,3440256
1775,3592256,3448016
1776,3690768,4094864
1777,3700944,3024960
1778,3791280,3176800
1779,3714016,2919712
1780,3637088,3231312
1781,3798096,3152480
1782,5327536,2797328
1783,3446448,3436176
1784,3611200,3293936
1785,3148560,3704784
1786,3970608,3020640
1787,3623760,2924976
1788,3766192,3097408
1789,4963536,2956784
1790,4067456,2624560
1791,4029952,6998480
1792,4799536,4758768
1793,3682496,4244320
1794,3867856,7160912
1795,3367440,3834784
1796,3850224,3283392
1797,3611568,3763792
1798,3392832,7507840
1799,3930640,5149968
1800,3927328,4583984
1801,4416048,4422000
1802,3674176,5670448
1803,3612624,8445872
1804,3800496,5613776
1805,3636240,5101696
1806,3334864,4137312
1807,6698880,6642912
1808,5351280,5642784
1809,4237616,3399424
1810,6828912,3134704
1811,3990992,4208688
1812,3583008,3263712
1813,3679360,3849056
1814,8081616,4955344
1815,5863280,3744640
1816,5051552,3448384
1817,5080176,3003248
1818,6334384,2824400
1819,5781808,3250752
1820,5774864,3106192
1821,5843328,4670560
1822,4459328,3206832
1823,7340976,3804480
1824,6237200,3728192
1825,3717392,3213216
1826,3783632,3937472
1827,4671696,4355184
1828,3948880,4727984
1829,4326992,3412944
1830,4359392,5107712
1831,4328448,6431552
1832,3819856,4811648
1833,3551680,5116432
1834,3398864,4104864
1835,3807440,4474048
1836,3653008,5543056
1837,5120464,6645168
1838,3751264,4495808
1839,4332608,3693632
1840,4233760,4304464
1841,3809680,3028128
1842,4526672,3507408
1843,4243904,4264112
1844,5272480,3345024
1845,3918464,5524896
1846,5541472,4149744
1847,6730208,3777232
1848,5422688,4793696
1849,5855536,4136672
1850,4667680,3686048
1851,4861232,4824128
1852,6161728,3642288
1853,7210032,4289344
1854,5096208,3699344
1855,4104112,4018208
1856,3609312,3592608
1857,3432480,3680992
1858,3969936,3804256
1859,4717904,3302432
1860,3932176,5025568
1861,6074464,5625424
1862,4781312,4751728
1863,4375632,3107344
1864,4594512,3752656
1865,4712224,4219376
1866,4354768,4048944
1867,5331840,3254672
1868,4131888,3590672
1869,4922640,3048224
1870,4320784,3480064
1871,3773904,3093648
1872,4235536,4025376
1873,4255344,3696176
1874,4315264,3877152
1875,3779488,3112144
1876,5598768,3186384
1877,5856448,4354080
1878,4451168,7722080
1879,3788144,2032224
1880,4282400,4521296
1881,4834944,4762576
1882,4701584,3246944
1883,3835968,4449088
1884,3981616,4500256
1885,3699504,4273552
1886,4095600,4402400
1887,3457056,4627520
1888,4576528,5479184
1889,4255824,5557632
1890,3577072,5586336
1891,3740176,5279296
1892,3725712,5590496
1893,5095584,4847184
1894,8103296,5606128
1895,2699056,4951632
1896,5042704,5242848
1897,4352704,3494736
1898,3845824,3531440
1899,5072240,3383200
1900,4997184,5341136
1901,4899152,3745600
1902,4538688,2884528
1903,5207936,2726784
1904,5974832,3922144
1905,6194064,3515296
1906,6205504,4280992
1907,5907216,3175568
1908,6251776,2950224
1909,5438000,2717552
1910,6287536,3179984
1911,5656848,6925296
1912,5312816,5850240
1913,4134864,3259424
1914,4155488,3845776
1915,3926880,3217984
1916,6039952,4927184
1917,4379600,3068288
1918,3538384,3503872
1919,3446672,3347008
1920,4459200,4444208
1921,4060512,4362704
1922,4900048,3304256
1923,3585920,3093328
1924,3481312,5228144
1925,3326160,2779248
1926,3912768,2685200
1927,7288624,3234080
1928,6525936,2913856
1929,3958864,3195936
1930,3590048,3023776
1931,3948064,3306896
1932,5480288,3668160
1933,3558432,3339344
1934,3971680,2983904
1935,4043552,2728688
1936,4206208,2931504
1937,4874480,3566080
1938,4039792,2613824
1939,3628672,2901600
1940,5736608,3752160
1941,3420720,2927664
1942,3246688,4841216
1943,3919840,2379392
1944,3448944,4431312
1945,3446080,2948048
1946,3448672,3498192
1947,3798640,4290560
1948,4283408,3305440
1949,3932992,6012464
1950,3579088,3097232
1951,3461216,3159424
1952,3461536,6783952
1953,4089152,5157184
1954,3309104,5071856
1955,3531088,5078160
1956,4232400,3549440
1957,3400848,2489632
1958,5582304,5235728
1959,3079280,6293936
1960,4366864,3723296
1961,3575616,4765328
1962,4163488,4518112
1963,4940400,3134544
1964,3959008,8224208
1965,4442832,5614416
1966,3763296,8152000
1967,3879648,4446752
1968,7491584,3623904
1969,5866064,3406480
1970,5805808,3502016
1971,5496384,2920080
1972,4215808,2693088
1973,3069488,3427216
1974,5724336,2483408
1975,6840880,3301280
1976,4437968,2758928
1977,5321776,3092208
1978,4900160,3176192
1979,3793904,3034288
1980,8903104,2755056
1981,5576768,3211024
1982,8785920,2863504
1983,5043424,2777408
1984,4146256,3625088
1985,3979344,3933776
1986,4148016,3799856
1987,3556672,4193216
1988,3400864,0
1989,3966144,0
1990,3194416,0
1991,3801856,0
1992,3428544,0
1993,3712656,0
1994,3774896,0
1995,3703120,0
1996,3407888,0
1997,3618176,0
1998,3499008,0
1999,3359520,0
===CSV_END===
=========================================
HI_NET_PING_DONE run=27
