========================================
Stress-NG Workload (Synchronized)
========================================
Initializing shared memory...
Waiting for speedometer to register...
Found speedometer in shared memory!
Sending START command to speedometer...

Baseline mode (no stressors) for 60 seconds...

Baseline period completed.
Sending STOP command to speedometer...
Waiting for statistics from speedometer...

========== RECEIVED SPEEDOMETER STATISTICS ==========
Total cycles: 1199
Deadline misses: 0 (0.00%)
Execution time:
  Mean: 254.397 us
  Min: 134.272 us
  Max: 2370.736 us
Jitter:
  Mean: 2431.991 us
  Max: 6660.880 us
Response time:
  Mean: 2686.388 us
  Min: 1160.000 us
  Max: 6971.328 us
====================================================

Stress workload terminated.
===VMSTAT_START===
procs -----------memory---------- ---swap-- -----io---- -system-- ------cpu----- -----timestamp-----
 r  b   swpd   free   buff  cache   si   so    bi    bo   in   cs us sy id wa st                 UTC
 0  0      0 409516   2984  28480    0    0    22     5   42   26  3  7 90  0  0 1970-01-01 00:07:17
 0  0      0 409536   2984  28476    0    0     0     0   18   27  0  0 100  0  0 1970-01-01 00:07:18
 1  0      0 409536   2984  28476    0    0     0     0   15   17  0  0 99  0  0 1970-01-01 00:07:19
 0  0      0 409536   2984  28476    0    0     0     0   15   22  0  0 100  0  0 1970-01-01 00:07:20
 0  1      0 409412   2992  28480    0    0     0   116   21   26  0  1 99  1  0 1970-01-01 00:07:21
 0  0      0 409412   2992  28480    0    0     0     0   29   24  0  0 99  1  0 1970-01-01 00:07:22
 0  0      0 409412   2992  28480    0    0     0     0   14   15  0  0 100  0  0 1970-01-01 00:07:23
 0  0      0 409412   2992  28480    0    0     0     0   24   27  0  0 100  0  0 1970-01-01 00:07:24
 0  0      0 409412   2992  28480    0    0     0     0   12   15  0  0 100  0  0 1970-01-01 00:07:25
 0  0      0 409412   2992  28480    0    0     0     0   18   21  0  0 100  0  0 1970-01-01 00:07:26
 0  0      0 409412   3000  28472    0    0     0    12   26   30  0  1 97  2  0 1970-01-01 00:07:27
 0  0      0 409412   3000  28480    0    0     0     0   13   21  0  0 100  0  0 1970-01-01 00:07:28
 1  0      0 409412   3000  28480    0    0     0     0   18   17  0  0 100  0  0 1970-01-01 00:07:29
 0  0      0 409412   3000  28480    0    0     0     0   15   21  0  0 100  0  0 1970-01-01 00:07:30
 0  0      0 409412   3000  28480    0    0     0     0   13   15  0  0 100  0  0 1970-01-01 00:07:31
 0  0      0 409412   3000  28480    0    0     0     0   20   25  0  0 100  0  0 1970-01-01 00:07:32
 0  0      0 409412   3008  28480    0    0     0    12   28   29  0  1 97  2  0 1970-01-01 00:07:33
 0  0      0 409412   3008  28480    0    0     0    16   34   35  0  1 99  0  0 1970-01-01 00:07:34
 0  0      0 409412   3008  28480    0    0     0     0   17   18  0  0 100  0  0 1970-01-01 00:07:35
 2  0      0 409412   3008  28480    0    0     0     0   19   18  0  0 99  0  0 1970-01-01 00:07:36
 0  0      0 409412   3008  28480    0    0     0     0   13   15  0  0 100  0  0 1970-01-01 00:07:38
 1  0      0 409412   3008  28480    0    0     0     0   17   17  0  0 100  0  0 1970-01-01 00:07:39
 0  0      0 409412   3016  28480    0    0     0    12   28   33  0  1 98  1  0 1970-01-01 00:07:40
 0  0      0 409412   3016  28480    0    0     0     0   16   21  0  0 100  0  0 1970-01-01 00:07:41
 0  0      0 409412   3016  28480    0    0     0     0   18   16  0  0 100  0  0 1970-01-01 00:07:42
 0  0      0 409412   3016  28480    0    0     0     0   16   17  0  0 100  0  0 1970-01-01 00:07:43
 0  0      0 409412   3016  28480    0    0     0     0   16   19  0  0 100  0  0 1970-01-01 00:07:44
 0  0      0 409412   3016  28480    0    0     0     0   18   22  1  0 100  0  0 1970-01-01 00:07:45
 0  0      0 409412   3024  28476    0    0     0    12   33   31  0  0 98  1  0 1970-01-01 00:07:46
 0  0      0 409412   3024  28476    0    0     0     0   13   16  0  0 100  0  0 1970-01-01 00:07:47
 1  0      0 409412   3024  28480    0    0     0     0   20   22  0  0 100  0  0 1970-01-01 00:07:48
 1  0      0 409412   3024  28480    0    0     0     0   21   26  0  0 99  0  0 1970-01-01 00:07:49
 0  0      0 409412   3024  28480    0    0     0     0   16   17  0  0 100  0  0 1970-01-01 00:07:50
 1  0      0 409412   3024  28480    0    0     0     0   17   17  0  0 100  0  0 1970-01-01 00:07:51
 0  0      0 409412   3032  28480    0    0     0    12   33   36  0  1 98  1  0 1970-01-01 00:07:52
 0  0      0 409412   3032  28480    0    0     0     0   16   19  0  0 99  0  0 1970-01-01 00:07:53
 0  0      0 409412   3032  28480    0    0     0     0   15   17  0  0 100  0  0 1970-01-01 00:07:54
 2  0      0 409412   3032  28480    0    0     0     0   21   19  0  0 100  0  0 1970-01-01 00:07:55
 0  0      0 409412   3032  28480    0    0     0     0   15   22  0  0 100  0  0 1970-01-01 00:07:56
 1  0      0 409412   3032  28484    0    0     0     0   22   22  0  1 100  0  0 1970-01-01 00:07:57
 0  0      0 409412   3040  28476    0    0     0    12   25   28  0  1 99  1  0 1970-01-01 00:07:58
 0  0      0 409412   3040  28484    0    0     0     0   15   18  0  0 100  0  0 1970-01-01 00:07:59
 1  0      0 409412   3040  28484    0    0     0     0   20   21  0  0 100  0  0 1970-01-01 00:08:00
 0  0      0 409412   3040  28484    0    0     0     0   14   19  0  0 100  0  0 1970-01-01 00:08:01
 1  0      0 409412   3040  28484    0    0     0     0   18   16  0  0 100  0  0 1970-01-01 00:08:02
 0  0      0 409412   3040  28484    0    0     0     0   13   19  0  0 100  0  0 1970-01-01 00:08:03
 0  0      0 409412   3048  28484    0    0     0    12   34   36  0  1 97  1  0 1970-01-01 00:08:04
 1  0      0 409412   3048  28484    0    0     0     0   18   21  0  0 100  0  0 1970-01-01 00:08:05
 0  0      0 409412   3048  28484    0    0     0   144   33   25  0  1 99  0  0 1970-01-01 00:08:06
 2  0      0 409412   3048  28484    0    0     0     0   21   23  0  0 100  0  0 1970-01-01 00:08:07
 0  0      0 409412   3048  28484    0    0     0     0   15   21  0  0 100  0  0 1970-01-01 00:08:08
 0  0      0 409412   3048  28484    0    0     0     0   15   16  0  0 100  0  0 1970-01-01 00:08:09
 0  0      0 409412   3056  28480    0    0     0    12   32   27  0  1 98  2  0 1970-01-01 00:08:10
 0  0      0 409412   3056  28480    0    0     0     0   19   20  0  0 100  0  0 1970-01-01 00:08:11
 0  0      0 409412   3056  28484    0    0     0     0   17   26  0  0 99  0  0 1970-01-01 00:08:12
 0  0      0 409412   3056  28484    0    0     0     0   14   19  0  0 100  0  0 1970-01-01 00:08:13
 0  0      0 409412   3056  28484    0    0     0     0   15   15  0  1 100  0  0 1970-01-01 00:08:14
 0  0      0 409412   3056  28484    0    0     0     0   19   20  0  0 100  0  0 1970-01-01 00:08:15
 0  0      0 409412   3064  28484    0    0     0    12   23   32  0  1 99  1  0 1970-01-01 00:08:16
 0  0      0 409412   3064  28484    0    0     0     0   18   18  0  0 100  0  0 1970-01-01 00:08:17
 0  0      0 409412   3064  28484    0    0     0     0   27   31  1  1 99  0  0 1970-01-01 00:08:18
 0  0      0 409412   3064  28484    0    0     0     0   46   43  1  1 98  0  0 1970-01-01 00:08:19
 0  0      0 409412   3064  28484    0    0     0     0   43   44  1  2 97  0  0 1970-01-01 00:08:20
 2  0      0 409412   3064  28484    0    0     0     0   36   38  1  1 98  0  0 1970-01-01 00:08:21
 0  0      0 409288   3072  28484    0    0     0    12   53   54  0  3 96  2  0 1970-01-01 00:08:22
===VMSTAT_END===
