========================================
Signal Sender Workload (Synchronized)
========================================
Initializing shared memory...
Waiting for speedometer to register...
Found speedometer in shared memory!
Sending START command to speedometer: START: 30;5;20

Running workload signal period for 30 seconds...

Workload signal period completed.
Sending STOP command to speedometer...
Waiting for statistics from speedometer...

Stress workload terminated.
===VMSTAT_START===
procs -----------memory---------- ---swap-- -----io---- -system-- ------cpu-----
 r  b   swpd   free   buff  cache   si   so    bi    bo   in   cs us sy id wa st
 8  0      0 368788  11892  33284    0    0   164    10  252  216 68 20 12  0  0
 8  0      0 368788  11892  33288    0    0     0     0  503  481 100  0  0  0  0
 8  0      0 368788  11892  33288    0    0     0     0  507  511 100  0  0  0  0
 8  0      0 368788  11892  33288    0    0     0    88  505  494 99  1  0  0  0
 8  0      0 368788  11892  33288    0    0     0     0  507  512 100  0  0  0  0
 8  0      0 368788  11892  33288    0    0     0    84  504  491 99  1  0  0  0
 8  0      0 368788  11892  33288    0    0     0     0  507  490 100  0  0  0  0
 8  0      0 368788  11892  33288    0    0     0     0  502  500 100  1  0  0  0
 8  0      0 368788  11892  33288    0    0     0     0  508  512 100  0  0  0  0
 8  0      0 368788  11892  33288    0    0     0     0  502  505 100  0  0  0  0
 8  0      0 368788  11892  33288    0    0     0    76  509  510 100  0  0  0  0
 8  0      0 368788  11892  33288    0    0     0     0  503  499 99  1  0  0  0
 8  0      0 368788  11892  33288    0    0     0     0  505  508 100  0  0  0  0
 9  0      0 368788  11892  33288    0    0     0     0  505  511 100  0  0  0  0
 8  0      0 368788  11892  33288    0    0     0     0  504  509 100  0  0  0  0
 8  0      0 368788  11892  33288    0    0     0     0  506  509 100  0  0  0  0
 8  0      0 368788  11892  33288    0    0     0     0  506  511 100  0  0  0  0
 8  0      0 368788  11892  33288    0    0     0     0  507  513 100  0  0  0  0
 9  0      0 368788  11892  33288    0    0     0     0  503  509 100  0  0  0  0
 8  0      0 368788  11892  33288    0    0     0     0  505  508 100  0  0  0  0
 8  0      0 368788  11892  33288    0    0     0     0  506  510 100  0  0  0  0
 9  0      0 368788  11892  33288    0    0     0     0  502  510 100  0  0  0  0
 8  0      0 368788  11892  33288    0    0     0     0  507  510 99  1  0  0  0
 8  0      0 368788  11892  33288    0    0     0     0  505  507 100  0  0  0  0
 8  0      0 368788  11892  33288    0    0     0     0  507  512 100  0  0  0  0
 8  0      0 368788  11892  33288    0    0     0     0  505  511 100  0  0  0  0
 8  0      0 368788  11892  33288    0    0     0     0  504  509 100  0  0  0  0
 8  0      0 368788  11892  33288    0    0     0     0  505  510 100  0  0  0  0
 8  0      0 368788  11892  33288    0    0     0     0  507  513 100  0  0  0  0
 8  0      0 368788  11892  33288    0    0     0     0  506  510 100  0  0  0  0
 9  0      0 368788  11892  33288    0    0     0     0  508  506 99  1  0  0  0
 9  0      0 368788  11892  33288    0    0     0     0  496  414 91 10  0  0  0
 8  0      0 368788  11892  33288    0    0     0     0  513  447 97  3  0  0  0
 9  0      0 368788  11892  33288    0    0     0     0  511  440 98  2  0  0  0
===VMSTAT_END===
========== SPEEDOMETER RT APPLICATION RESULTS ==========
Test Configuration:
Period: 50.000 ms
Deadline: 5.000 ms
RT Priority: 99 (SCHED_FIFO)
Execution Statistics:
Total cycles: 598
Deadline misses: 6 (1.003%)
Execution Time (μs):
Mean: 221.690
Min: 153.456
Max: 1529.296
50th percentile: 200.576
95th percentile: 313.136
99th percentile: 1290.992
99.9th percentile: 1529.296
Jitter (μs):
Mean: 2763.523
Min: 1239.872
Max: 10367.632
Response Time (μs):
Mean: 2985.213
Min: 1406.112
Max: 10570.800
50th percentile: 3068.544
95th percentile: 4309.792
99th percentile: 5014.336
99.9th percentile: 10570.800
========================================================
[  115.415065] SDK:handler_do_el0_svc_pre: syscall __NR_futex (98) is not allowed
[  115.864272] SDK:handler_do_el0_svc_pre: syscall __NR_munmap (215) is not allowed
[  115.875457] SDK:handler_do_el0_svc_pre: syscall __NR_wait4 (260) is not allowed
[  115.885066] SDK:handler_do_el0_svc_pre: syscall __NR_munmap (215) is not allowed
[  115.895697] SDK:handler_do_el0_svc_pre: syscall __NR_rt_sigprocmask (135) is not allowed
[  115.907232] SDK:handler_do_el0_svc_pre: syscall __NR_futex (98) is not allowed
[  115.917336] SDK:handler_do_el0_svc_pre: syscall __NR_exit (93) is not allowed
[  115.924763] SDK:handler_do_el0_svc_pre: syscall __NR_futex (98) is not allowed
[  115.935828] SDK:handler_do_el0_svc_pre: syscall __NR_munmap (215) is not allowed
===VMSTAT_START===
procs -----------memory---------- ---swap-- -----io---- -system-- ------cpu-----
r  b   swpd   free   buff  cache   si   so    bi    bo   in   cs us sy id wa st
0  0      0  68812    512   9828    0    0     0     0   71   73  0  6 92  1  0
0  0      0  68728    512   9828    0    0     0     0   51   60  1  2 97  0  0
1  0      0  68728    512   9828    0    0     0     0   50   58  1  2 98  0  0
0  0      0  68728    512   9828    0    0     0     0   45   58  1  1 98  0  0
0  0      0  68728    512   9828    0    0     0     0   54   60  1  1 98  0  0
0  0      0  68728    512   9828    0    0     0     0   51   61  0  2 98  0  0
0  0      0  68728    512   9828    0    0     0     0   55   54  1  2 97  0  0
0  0      0  68728    512   9828    0    0     0     0   56   66  1  2 98  0  0
0  0      0  68728    512   9828    0    0     0     0   52   54  1  1 97  0  0
1  0      0  68728    512   9828    0    0     0     0   54   58  1  2 98  0  0
0  0      0  68728    512   9828    0    0     0     0   55   57  1  2 97  0  0
0  0      0  68728    512   9828    0    0     0     0   53   60  1  2 98  0  0
0  0      0  68728    512   9828    0    0     0     0   53   60  1  2 97  0  0
1  0      0  68728    512   9828    0    0     0     0   58   64  1  2 97  0  0
0  0      0  68728    512   9828    0    0     0     0   54   60  1  2 98  0  0
0  0      0  68728    512   9828    0    0     0     0   56   63  1  3 97  0  0
0  0      0  68728    512   9828    0    0     0     0   52   57  1  1 98  0  0
0  0      0  68728    512   9828    0    0     0     0   50   56  0  3 97  0  0
0  0      0  68728    512   9828    0    0     0     0   55   62  1  2 98  0  0
0  0      0  68728    512   9828    0    0     0     0   54   59  0  3 97  0  0
0  0      0  68728    512   9828    0    0     0     0   57   54  1  2 97  0  0
0  0      0  68728    512   9828    0    0     0     0   54   63  1  1 98  0  0
0  0      0  68728    512   9828    0    0     0     0   46   57  0  2 98  0  0
1  0      0  68728    512   9828    0    0     0     0   55   64  0  3 97  0  0
0  0      0  68728    512   9828    0    0     0     0   54   55  1  2 98  0  0
0  0      0  68728    512   9828    0    0     0     0   52   60  0  2 98  0  0
0  0      0  68728    512   9828    0    0     0     0   52   59  0  2 98  0  0
0  0      0  68728    512   9828    0    0     0     0   55   66  1  2 97  0  0
2  0      0  68728    512   9828    0    0     0     0   54   52  1  2 97  0  0
0  0      0  68728    512   9828    0    0     0     0   47   65  1  2 98  0  0
0  0      0  68728    512   9828    0    0     0     0  137   33  0  9 91  0  0
===VMSTAT_END===
===CSV_START===
cycle,timestamp_s,execution_time_us,jitter_us,response_time_us,deadline_miss
1,0.056013,215.472,6013.488,6228.960,1
2,0.101334,261.328,1334.144,1595.472,0
3,0.152365,190.416,2364.848,2555.264,0
4,0.202097,298.448,2097.056,2395.504,0
5,0.252109,191.120,2108.592,2299.712,0
6,0.303532,257.872,3532.240,3790.112,0
7,0.353253,254.864,3253.424,3508.288,0
8,0.403502,166.416,3501.936,3668.352,0
9,0.453166,226.304,3165.728,3392.032,0
10,0.503325,168.560,3324.864,3493.424,0
11,0.553719,1295.712,3718.624,5014.336,1
12,0.603443,168.192,3443.008,3611.200,0
13,0.651633,218.640,1633.232,1851.872,0
14,0.703280,180.960,3279.856,3460.816,0
15,0.752101,203.872,2100.976,2304.848,0
16,0.803853,201.680,3853.248,4054.928,0
17,0.853131,218.672,3130.800,3349.472,0
18,0.903264,177.184,3264.352,3441.536,0
19,0.952155,229.792,2154.912,2384.704,0
20,1.004461,214.064,4461.376,4675.440,0
21,1.052100,229.760,2099.984,2329.744,0
22,1.103598,217.120,3598.064,3815.184,0
23,1.151631,282.704,1630.640,1913.344,0
24,1.203322,171.568,3322.016,3493.584,0
25,1.251609,198.048,1608.832,1806.880,0
26,1.303488,154.160,3488.112,3642.272,0
27,1.351713,289.504,1712.752,2002.256,0
28,1.402011,243.824,2011.072,2254.896,0
29,1.452187,229.216,2187.008,2416.224,0
30,1.502967,203.024,2967.232,3170.256,0
31,1.551854,294.608,1853.664,2148.272,0
32,1.603596,218.944,3596.288,3815.232,0
33,1.652249,179.216,2248.576,2427.792,0
34,1.703729,226.480,3728.960,3955.440,0
35,1.752280,204.624,2279.552,2484.176,0
36,1.803505,169.408,3504.528,3673.936,0
37,1.852422,187.184,2422.000,2609.184,0
38,1.903639,285.168,3639.360,3924.528,0
39,1.951568,197.536,1568.208,1765.744,0
40,2.001297,167.440,1297.392,1464.832,0
41,2.051589,257.680,1588.976,1846.656,0
42,2.103589,341.136,3588.560,3929.696,0
43,2.152202,198.928,2201.632,2400.560,0
44,2.202977,178.128,2977.232,3155.360,0
45,2.251321,176.064,1321.248,1497.312,0
46,2.303677,168.912,3676.896,3845.808,0
47,2.352331,177.904,2331.232,2509.136,0
48,2.401348,264.480,1348.464,1612.944,0
49,2.452184,207.856,2184.336,2392.192,0
50,2.503501,184.640,3500.752,3685.392,0
51,2.556826,186.912,6826.480,7013.392,1
52,2.603771,359.168,3771.392,4130.560,0
53,2.651534,165.712,1533.664,1699.376,0
54,2.703588,249.744,3587.696,3837.440,0
55,2.752262,236.352,2262.464,2498.816,0
56,2.803503,168.064,3503.104,3671.168,0
57,2.852139,222.240,2138.512,2360.752,0
58,2.903423,169.056,3423.232,3592.288,0
59,2.951609,263.552,1609.312,1872.864,0
60,3.003470,165.952,3469.856,3635.808,0
61,3.051615,237.696,1614.640,1852.336,0
62,3.103542,228.816,3542.432,3771.248,0
63,3.152156,198.064,2155.664,2353.728,0
64,3.203339,176.400,3338.544,3514.944,0
65,3.252845,223.312,2845.232,3068.544,0
66,3.303642,243.216,3641.872,3885.088,0
67,3.353290,171.872,3289.936,3461.808,0
68,3.403637,243.024,3636.544,3879.568,0
69,3.452195,224.880,2194.608,2419.488,0
70,3.503567,217.568,3567.136,3784.704,0
71,3.552137,232.192,2136.592,2368.784,0
72,3.603423,168.672,3422.528,3591.200,0
73,3.653257,227.952,3257.456,3485.408,0
74,3.704110,181.488,4109.840,4291.328,0
75,3.752177,202.896,2177.168,2380.064,0
76,3.803484,199.648,3483.968,3683.616,0
77,3.853161,245.888,3161.392,3407.280,0
78,3.903280,168.704,3280.064,3448.768,0
79,3.952152,210.128,2151.968,2362.096,0
80,4.004121,253.696,4121.120,4374.816,0
81,4.052482,223.440,2481.776,2705.216,0
82,4.103361,158.304,3361.344,3519.648,0
83,4.152301,167.744,2301.360,2469.104,0
84,4.203376,178.208,3375.776,3553.984,0
85,4.251984,189.360,1984.016,2173.376,0
86,4.303417,167.120,3417.040,3584.160,0
87,4.352150,203.728,2150.288,2354.016,0
88,4.403638,272.816,3637.632,3910.448,0
89,4.452256,203.440,2256.016,2459.456,0
90,4.503261,194.576,3260.832,3455.408,0
91,4.551435,165.840,1434.560,1600.400,0
92,4.605681,1529.296,5680.704,7210.000,1
93,4.652243,202.736,2242.576,2445.312,0
94,4.703489,321.536,3489.488,3811.024,0
95,4.753144,227.568,3143.632,3371.200,0
96,4.804105,193.536,4105.280,4298.816,0
97,4.851988,206.720,1987.632,2194.352,0
98,4.902329,309.408,2328.512,2637.920,0
99,4.952222,218.128,2222.480,2440.608,0
100,5.004364,202.944,4364.224,4567.168,0
101,5.052105,225.584,2105.216,2330.800,0
102,5.103275,191.840,3275.264,3467.104,0
103,5.153162,215.104,3162.000,3377.104,0
104,5.203407,157.712,3407.232,3564.944,0
105,5.251849,168.864,1848.848,2017.712,0
106,5.303577,213.712,3576.592,3790.304,0
107,5.353172,269.600,3172.448,3442.048,0
108,5.403486,187.792,3486.032,3673.824,0
109,5.452082,238.416,2082.432,2320.848,0
110,5.503552,230.624,3552.224,3782.848,0
111,5.552208,213.440,2208.080,2421.520,0
112,5.603133,203.104,3132.576,3335.680,0
113,5.652113,238.768,2112.512,2351.280,0
114,5.703448,170.256,3448.112,3618.368,0
115,5.752140,224.816,2139.664,2364.480,0
116,5.803569,247.232,3569.024,3816.256,0
117,5.852147,190.896,2147.360,2338.256,0
118,5.903468,324.752,3468.192,3792.944,0
119,5.953162,180.320,3162.096,3342.416,0
120,6.001240,166.240,1239.872,1406.112,0
121,6.053284,257.296,3283.568,3540.864,0
122,6.103412,166.016,3412.464,3578.480,0
123,6.152176,221.440,2176.336,2397.776,0
124,6.202217,194.992,2217.248,2412.240,0
125,6.251967,284.256,1966.992,2251.248,0
126,6.303316,155.728,3316.432,3472.160,0
127,6.352155,215.328,2154.912,2370.240,0
128,6.403639,310.736,3638.992,3949.728,0
129,6.453169,225.520,3168.512,3394.032,0
130,6.503242,168.928,3242.480,3411.408,0
131,6.552095,239.296,2095.456,2334.752,0
132,6.603393,169.216,3392.800,3562.016,0
133,6.652089,168.512,2089.216,2257.728,0
134,6.703617,237.200,3616.864,3854.064,0
135,6.753245,168.832,3244.672,3413.504,0
136,6.804131,203.104,4130.688,4333.792,0
137,6.851965,195.808,1965.360,2161.168,0
138,6.902149,209.792,2149.136,2358.928,0
139,6.952148,245.280,2147.968,2393.248,0
140,7.004699,190.112,4699.408,4889.520,0
141,7.053246,185.136,3245.616,3430.752,0
142,7.103975,189.984,3974.528,4164.512,0
143,7.153161,252.752,3161.408,3414.160,0
144,7.204037,200.304,4036.800,4237.104,0
145,7.252522,191.040,2521.808,2712.848,0
146,7.302197,204.464,2197.264,2401.728,0
147,7.352284,166.512,2284.336,2450.848,0
148,7.403749,234.432,3748.976,3983.408,0
149,7.452194,209.136,2193.760,2402.896,0
150,7.503355,172.752,3355.120,3527.872,0
151,7.551587,199.056,1586.720,1785.776,0
152,7.603537,300.896,3537.184,3838.080,0
153,7.651307,176.992,1307.456,1484.448,0
154,7.703628,198.128,3628.064,3826.192,0
155,7.752145,228.272,2144.976,2373.248,0
156,7.803684,285.648,3683.808,3969.456,0
157,7.852230,200.080,2229.632,2429.712,0
158,7.903620,341.280,3620.032,3961.312,0
159,7.952273,199.024,2272.656,2471.680,0
160,8.001929,310.464,1929.392,2239.856,0
161,8.052279,199.696,2279.408,2479.104,0
162,8.102059,251.504,2059.136,2310.640,0
163,8.151648,187.040,1648.176,1835.216,0
164,8.203635,267.856,3635.088,3902.944,0
165,8.252102,191.856,2101.568,2293.424,0
166,8.302167,187.024,2167.312,2354.336,0
167,8.351565,396.752,1564.912,1961.664,0
168,8.401294,276.848,1294.304,1571.152,0
169,8.453331,246.112,3331.296,3577.408,0
170,8.503472,165.136,3471.840,3636.976,0
171,8.551313,194.032,1313.200,1507.232,0
172,8.603633,351.920,3633.232,3985.152,0
173,8.660368,203.168,10367.632,10570.800,1
174,8.703283,166.528,3283.472,3450.000,0
175,8.751624,185.600,1623.872,1809.472,0
176,8.803552,190.160,3551.760,3741.920,0
177,8.853137,154.336,3136.576,3290.912,0
178,8.903415,165.840,3415.024,3580.864,0
179,8.952131,218.336,2131.360,2349.696,0
180,9.002116,196.192,2116.400,2312.592,0
181,9.051618,257.424,1617.680,1875.104,0
182,9.103806,335.488,3806.256,4141.744,0
183,9.151433,164.544,1433.296,1597.840,0
184,9.202209,320.576,2209.024,2529.600,0
185,9.252113,193.952,2112.672,2306.624,0
186,9.301975,218.656,1974.992,2193.648,0
187,9.351569,252.672,1569.472,1822.144,0
188,9.401482,186.608,1481.824,1668.432,0
189,9.453335,250.112,3334.912,3585.024,0
190,9.503578,231.072,3577.600,3808.672,0
191,9.552260,189.632,2260.480,2450.112,0
192,9.601403,180.208,1403.232,1583.440,0
193,9.652203,171.808,2203.312,2375.120,0
194,9.702167,212.992,2167.040,2380.032,0
195,9.751596,207.680,1595.888,1803.568,0
196,9.803540,223.024,3540.240,3763.264,0
197,9.852194,222.496,2193.952,2416.448,0
198,9.904294,167.936,4294.160,4462.096,0
199,9.951327,163.616,1326.800,1490.416,0
200,10.003709,280.640,3708.720,3989.360,0
201,10.052130,196.016,2130.128,2326.144,0
202,10.101488,300.784,1488.304,1789.088,0
203,10.152205,199.760,2205.344,2405.104,0
204,10.202102,264.384,2101.920,2366.304,0
205,10.252112,187.920,2112.096,2300.016,0
206,10.301295,155.184,1294.992,1450.176,0
207,10.352850,179.136,2849.984,3029.120,0
208,10.403462,169.328,3461.792,3631.120,0
209,10.451427,154.112,1426.864,1580.976,0
210,10.503587,258.272,3586.592,3844.864,0
211,10.551679,331.024,1679.200,2010.224,0
212,10.603579,172.048,3579.488,3751.536,0
213,10.651414,166.512,1413.984,1580.496,0
214,10.701652,257.264,1652.416,1909.680,0
215,10.751623,276.080,1622.624,1898.704,0
216,10.803503,166.080,3503.328,3669.408,0
217,10.851476,153.584,1475.712,1629.296,0
218,10.902167,221.968,2166.976,2388.944,0
219,10.952259,167.760,2259.168,2426.928,0
220,11.003680,164.528,3679.856,3844.384,0
221,11.052182,198.080,2182.032,2380.112,0
222,11.103324,165.536,3323.856,3489.392,0
223,11.151461,168.352,1460.928,1629.280,0
224,11.203455,155.744,3455.296,3611.040,0
225,11.251859,236.592,1858.512,2095.104,0
226,11.301817,229.920,1816.576,2046.496,0
227,11.351713,312.352,1712.832,2025.184,0
228,11.403541,287.280,3541.136,3828.416,0
229,11.453278,157.312,3278.032,3435.344,0
230,11.503268,178.816,3268.432,3447.248,0
231,11.552238,177.824,2238.192,2416.016,0
232,11.602171,160.976,2171.136,2332.112,0
233,11.651994,233.072,1993.920,2226.992,0
234,11.703751,167.888,3751.072,3918.960,0
235,11.753165,245.040,3165.472,3410.512,0
236,11.804094,215.600,4094.192,4309.792,0
237,11.852184,244.448,2184.320,2428.768,0
238,11.901310,218.512,1310.176,1528.688,0
239,11.953217,161.168,3217.392,3378.560,0
240,12.004251,191.568,4251.232,4442.800,0
241,12.052052,182.320,2051.744,2234.064,0
242,12.103139,166.240,3138.640,3304.880,0
243,12.152181,220.640,2181.104,2401.744,0
244,12.204319,158.832,4319.280,4478.112,0
245,12.252122,210.144,2121.872,2332.016,0
246,12.303455,157.264,3455.424,3612.688,0
247,12.352308,177.696,2307.744,2485.440,0
248,12.401360,224.736,1360.128,1584.864,0
249,12.452110,243.344,2110.016,2353.360,0
250,12.501356,313.136,1356.144,1669.280,0
251,12.552202,200.624,2202.048,2402.672,0
252,12.601524,318.896,1524.032,1842.928,0
253,12.652105,231.968,2104.864,2336.832,0
254,12.703866,349.472,3865.680,4215.152,0
255,12.753139,221.200,3138.672,3359.872,0
256,12.803437,167.344,3436.880,3604.224,0
257,12.852428,173.200,2427.680,2600.880,0
258,12.902160,212.544,2160.032,2372.576,0
259,12.952148,192.000,2148.448,2340.448,0
260,13.002103,326.864,2102.800,2429.664,0
261,13.053192,158.576,3191.504,3350.080,0
262,13.104196,200.304,4196.448,4396.752,0
263,13.152003,193.680,2003.392,2197.072,0
264,13.204066,270.432,4066.176,4336.608,0
265,13.252093,228.704,2092.560,2321.264,0
266,13.303494,165.056,3493.968,3659.024,0
267,13.353134,218.832,3134.256,3353.088,0
268,13.403285,179.264,3285.088,3464.352,0
269,13.452162,211.536,2161.680,2373.216,0
270,13.503384,189.424,3383.568,3572.992,0
271,13.553279,212.208,3278.784,3490.992,0
272,13.603562,375.328,3561.584,3936.912,0
273,13.652154,236.032,2154.400,2390.432,0
274,13.702162,169.264,2161.568,2330.832,0
275,13.751594,231.648,1594.176,1825.824,0
276,13.802088,217.872,2087.920,2305.792,0
277,13.853104,210.784,3104.000,3314.784,0
278,13.903408,155.856,3407.680,3563.536,0
279,13.952053,190.256,2052.720,2242.976,0
280,14.001280,172.768,1280.448,1453.216,0
281,14.054285,197.632,4284.896,4482.528,0
282,14.102155,1381.424,2154.976,3536.400,0
283,14.152070,204.448,2070.112,2274.560,0
284,14.203091,219.232,3090.976,3310.208,0
285,14.252154,156.944,2153.760,2310.704,0
286,14.303104,228.768,3103.568,3332.336,0
287,14.352007,205.584,2006.832,2212.416,0
288,14.403458,155.952,3457.600,3613.552,0
289,14.452099,182.688,2098.864,2281.552,0
290,14.503703,316.624,3702.544,4019.168,0
291,14.552144,233.456,2144.112,2377.568,0
292,14.603409,157.696,3408.720,3566.416,0
293,14.652102,222.576,2102.288,2324.864,0
294,14.703725,307.824,3725.296,4033.120,0
295,14.753159,191.984,3159.408,3351.392,0
296,14.803565,254.672,3565.472,3820.144,0
297,14.853126,180.752,3126.448,3307.200,0
298,14.903258,156.224,3258.144,3414.368,0
299,14.952151,220.128,2150.736,2370.864,0
300,15.004126,186.768,4126.096,4312.864,0
301,15.051462,154.752,1462.192,1616.944,0
302,15.103466,231.456,3466.144,3697.600,0
303,15.151413,154.400,1412.752,1567.152,0
304,15.202164,234.016,2164.496,2398.512,0
305,15.252823,195.600,2822.576,3018.176,0
306,15.303445,158.256,3445.392,3603.648,0
307,15.353097,186.720,3096.880,3283.600,0
308,15.403412,192.192,3412.176,3604.368,0
309,15.452088,182.576,2087.840,2270.416,0
310,15.503365,160.336,3365.392,3525.728,0
311,15.552132,219.888,2131.504,2351.392,0
312,15.602116,216.304,2116.080,2332.384,0
313,15.652084,180.208,2084.000,2264.208,0
314,15.703128,225.744,3128.192,3353.936,0
315,15.752145,206.496,2144.896,2351.392,0
316,15.802305,199.328,2305.024,2504.352,0
317,15.852200,196.032,2200.240,2396.272,0
318,15.901280,166.512,1279.824,1446.336,0
319,15.953101,181.136,3100.912,3282.048,0
320,16.003250,188.032,3249.872,3437.904,0
321,16.052054,182.032,2053.600,2235.632,0
322,16.103602,230.464,3601.744,3832.208,0
323,16.153112,180.752,3111.920,3292.672,0
324,16.204100,229.760,4099.776,4329.536,0
325,16.252288,170.448,2287.648,2458.096,0
326,16.303487,157.904,3487.424,3645.328,0
327,16.351857,253.472,1856.960,2110.432,0
328,16.403763,171.504,3763.440,3934.944,0
329,16.453087,181.936,3086.704,3268.640,0
330,16.502181,208.848,2180.560,2389.408,0
331,16.552262,181.888,2261.584,2443.472,0
332,16.603477,167.056,3476.960,3644.016,0
333,16.652070,181.952,2070.096,2252.048,0
334,16.702132,188.704,2131.872,2320.576,0
335,16.752156,204.288,2156.192,2360.480,0
336,16.801335,169.168,1334.960,1504.128,0
337,16.853263,180.608,3262.720,3443.328,0
338,16.903537,212.432,3536.944,3749.376,0
339,16.951618,230.592,1618.064,1848.656,0
340,17.003209,181.504,3209.296,3390.800,0
341,17.052019,191.280,2018.944,2210.224,0
342,17.102169,198.496,2169.280,2367.776,0
343,17.152173,206.768,2172.656,2379.424,0
344,17.203098,182.224,3097.520,3279.744,0
345,17.252072,181.312,2072.496,2253.808,0
346,17.303156,222.528,3155.712,3378.240,0
347,17.352147,166.752,2147.392,2314.144,0
348,17.402130,207.328,2129.952,2337.280,0
349,17.452281,164.512,2280.960,2445.472,0
350,17.503535,155.056,3535.056,3690.112,0
351,17.552175,258.144,2175.456,2433.600,0
352,17.603743,265.824,3742.816,4008.640,0
353,17.652059,211.024,2058.656,2269.680,0
354,17.703175,181.440,3175.264,3356.704,0
355,17.752174,192.736,2174.496,2367.232,0
356,17.803373,157.968,3373.104,3531.072,0
357,17.852228,189.392,2228.048,2417.440,0
358,17.903550,347.856,3549.616,3897.472,0
359,17.953161,168.704,3160.816,3329.520,0
360,18.004280,167.440,4280.288,4447.728,0
361,18.052144,206.416,2143.872,2350.288,0
362,18.104158,158.880,4158.176,4317.056,0
363,18.151984,231.344,1984.448,2215.792,0
364,18.202157,216.608,2156.608,2373.216,0
365,18.252154,247.376,2153.632,2401.008,0
366,18.303448,156.640,3448.048,3604.688,0
367,18.352127,199.168,2126.528,2325.696,0
368,18.402148,221.024,2148.064,2369.088,0
369,18.453182,238.720,3182.480,3421.200,0
370,18.503566,223.168,3565.728,3788.896,0
371,18.552065,181.840,2064.528,2246.368,0
372,18.603424,158.976,3423.568,3582.544,0
373,18.652291,168.832,2291.296,2460.128,0
374,18.701573,255.872,1573.376,1829.248,0
375,18.752237,168.160,2237.056,2405.216,0
376,18.803589,206.640,3589.088,3795.728,0
377,18.853123,189.168,3122.944,3312.112,0
378,18.904105,183.760,4104.896,4288.656,0
379,18.953109,181.856,3109.040,3290.896,0
380,19.003619,199.168,3618.864,3818.032,0
381,19.053246,158.160,3245.520,3403.680,0
382,19.103351,155.744,3351.344,3507.088,0
383,19.152226,168.928,2225.744,2394.672,0
384,19.203354,198.496,3353.696,3552.192,0
385,19.253168,165.248,3168.384,3333.632,0
386,19.303326,155.504,3326.192,3481.696,0
387,19.352189,172.736,2189.440,2362.176,0
388,19.402204,217.136,2204.224,2421.360,0
389,19.452104,256.400,2104.112,2360.512,0
390,19.502109,212.336,2109.328,2321.664,0
391,19.553172,212.384,3171.840,3384.224,0
392,19.602278,177.008,2278.288,2455.296,0
393,19.652139,237.872,2139.024,2376.896,0
394,19.702126,202.944,2126.272,2329.216,0
395,19.753098,181.136,3097.984,3279.120,0
396,19.803416,155.296,3416.416,3571.712,0
397,19.852218,228.128,2217.584,2445.712,0
398,19.903687,235.376,3686.848,3922.224,0
399,19.952107,229.600,2107.344,2336.944,0
400,20.001421,181.600,1420.592,1602.192,0
401,20.052170,227.536,2169.904,2397.440,0
402,20.103326,159.536,3326.000,3485.536,0
403,20.152227,173.248,2227.472,2400.720,0
404,20.203667,184.240,3666.848,3851.088,0
405,20.253158,174.832,3158.240,3333.072,0
406,20.302196,224.816,2195.664,2420.480,0
407,20.353194,207.232,3193.520,3400.752,0
408,20.402105,240.080,2105.072,2345.152,0
409,20.451883,164.944,1883.168,2048.112,0
410,20.503585,227.008,3584.704,3811.712,0
411,20.553155,247.248,3154.528,3401.776,0
412,20.604145,210.320,4145.232,4355.552,0
413,20.651430,153.808,1429.968,1583.776,0
414,20.703498,166.064,3498.288,3664.352,0
415,20.751666,343.312,1666.320,2009.632,0
416,20.803660,307.296,3659.568,3966.864,0
417,20.852131,227.920,2130.544,2358.464,0
418,20.902261,194.416,2261.024,2455.440,0
419,20.952101,217.984,2101.280,2319.264,0
420,21.004070,212.992,4069.936,4282.928,0
421,21.052109,238.496,2109.200,2347.696,0
422,21.103757,183.152,3757.392,3940.544,0
423,21.153159,237.488,3158.928,3396.416,0
424,21.203423,165.936,3422.976,3588.912,0
425,21.252112,200.576,2112.224,2312.800,0
426,21.302103,191.488,2103.392,2294.880,0
427,21.352079,199.792,2078.624,2278.416,0
428,21.402123,205.136,2123.120,2328.256,0
429,21.452005,207.520,2004.880,2212.400,0
430,21.503535,250.720,3535.328,3786.048,0
431,21.553130,216.720,3129.648,3346.368,0
432,21.604265,177.136,4264.736,4441.872,0
433,21.652081,195.904,2081.168,2277.072,0
434,21.703242,157.472,3242.336,3399.808,0
435,21.751987,197.616,1987.360,2184.976,0
436,21.803481,154.256,3481.280,3635.536,0
437,21.852130,236.048,2129.520,2365.568,0
438,21.903743,283.872,3743.104,4026.976,0
439,21.952246,174.352,2245.856,2420.208,0
440,22.004007,221.200,4006.768,4227.968,0
441,22.052109,229.984,2109.216,2339.200,0
442,22.103691,197.472,3691.488,3888.960,0
443,22.153070,230.304,3069.696,3300.000,0
444,22.203300,177.792,3299.520,3477.312,0
445,22.252129,200.784,2128.576,2329.360,0
446,22.303111,181.664,3110.768,3292.432,0
447,22.352087,182.976,2087.184,2270.160,0
448,22.403447,181.664,3446.784,3628.448,0
449,22.452112,181.280,2112.016,2293.296,0
450,22.502143,215.296,2143.136,2358.432,0
451,22.552077,205.328,2077.152,2282.480,0
452,22.603657,260.144,3656.704,3916.848,0
453,22.651482,165.840,1481.744,1647.584,0
454,22.703534,205.424,3534.016,3739.440,0
455,22.752264,197.552,2264.320,2461.872,0
456,22.803485,220.944,3485.120,3706.064,0
457,22.853531,425.136,3531.472,3956.608,0
458,22.903375,167.392,3374.800,3542.192,0
459,22.952202,172.064,2202.208,2374.272,0
460,23.002067,202.272,2067.424,2269.696,0
461,23.052452,257.696,2451.824,2709.520,0
462,23.103272,177.552,3271.632,3449.184,0
463,23.152098,181.376,2097.856,2279.232,0
464,23.203146,204.944,3146.000,3350.944,0
465,23.253697,1290.992,3696.592,4987.584,0
466,23.303179,174.144,3179.168,3353.312,0
467,23.352145,231.056,2145.120,2376.176,0
468,23.403583,262.592,3582.768,3845.360,0
469,23.453146,223.312,3145.824,3369.136,0
470,23.503326,172.736,3325.632,3498.368,0
471,23.552144,199.952,2143.504,2343.456,0
472,23.603308,170.752,3307.872,3478.624,0
473,23.652072,182.720,2072.304,2255.024,0
474,23.703547,244.624,3546.848,3791.472,0
475,23.753198,168.640,3197.952,3366.592,0
476,23.803994,227.200,3993.632,4220.832,0
477,23.852053,182.992,2053.264,2236.256,0
478,23.903269,175.840,3268.864,3444.704,0
479,23.952272,154.992,2271.936,2426.928,0
480,24.004765,278.400,4764.912,5043.312,1
481,24.051989,159.200,1989.216,2148.416,0
482,24.101578,311.952,1578.240,1890.192,0
483,24.152094,183.136,2094.192,2277.328,0
484,24.203529,262.848,3528.976,3791.824,0
485,24.252150,243.776,2150.240,2394.016,0
486,24.303464,169.984,3464.160,3634.144,0
487,24.353095,252.672,3094.512,3347.184,0
488,24.403640,177.232,3639.728,3816.960,0
489,24.452975,156.512,2974.704,3131.216,0
490,24.503279,198.800,3279.040,3477.840,0
491,24.552126,205.328,2125.760,2331.088,0
492,24.603681,240.224,3681.424,3921.648,0
493,24.653217,187.216,3217.456,3404.672,0
494,24.704108,186.256,4107.696,4293.952,0
495,24.752087,182.064,2087.216,2269.280,0
496,24.802036,1401.040,2036.096,3437.136,0
497,24.852095,219.952,2094.944,2314.896,0
498,24.903275,179.968,3274.512,3454.480,0
499,24.952176,240.768,2176.304,2417.072,0
500,25.004471,199.488,4471.232,4670.720,0
501,25.053244,188.656,3244.128,3432.784,0
502,25.104304,178.528,4304.048,4482.576,0
503,25.152106,195.136,2106.048,2301.184,0
504,25.203743,275.968,3743.440,4019.408,0
505,25.253195,228.000,3195.408,3423.408,0
506,25.304118,237.264,4118.256,4355.520,0
507,25.352094,190.160,2093.744,2283.904,0
508,25.403681,280.176,3681.136,3961.312,0
509,25.452871,228.640,2870.816,3099.456,0
510,25.503689,201.280,3688.736,3890.016,0
511,25.553245,168.016,3244.880,3412.896,0
512,25.603286,168.224,3286.112,3454.336,0
513,25.652127,229.344,2126.656,2356.000,0
514,25.703460,168.528,3459.984,3628.512,0
515,25.752245,213.296,2245.456,2458.752,0
516,25.803262,219.024,3261.840,3480.864,0
517,25.851980,190.864,1979.712,2170.576,0
518,25.902234,195.136,2234.432,2429.568,0
519,25.952091,181.248,2090.704,2271.952,0
520,26.002194,257.408,2194.144,2451.552,0
521,26.052005,184.864,2004.576,2189.440,0
522,26.103486,166.016,3486.000,3652.016,0
523,26.152225,168.832,2225.280,2394.112,0
524,26.202126,374.736,2126.160,2500.896,0
525,26.253276,194.496,3275.840,3470.336,0
526,26.304125,227.328,4124.688,4352.016,0
527,26.352075,226.400,2074.736,2301.136,0
528,26.403561,210.256,3561.248,3771.504,0
529,26.452265,171.344,2264.528,2435.872,0
530,26.503472,154.384,3471.520,3625.904,0
531,26.552207,189.872,2207.168,2397.040,0
532,26.603555,218.928,3555.184,3774.112,0
533,26.651662,158.064,1662.384,1820.448,0
534,26.703546,245.456,3545.824,3791.280,0
535,26.751586,199.936,1586.032,1785.968,0
536,26.801524,356.608,1524.368,1880.976,0
537,26.852120,198.256,2119.680,2317.936,0
538,26.901624,1351.584,1623.504,2975.088,0
539,26.951499,166.176,1498.512,1664.688,0
540,27.001499,265.472,1499.248,1764.720,0
541,27.051706,306.672,1705.776,2012.448,0
542,27.101451,325.056,1450.656,1775.712,0
543,27.153165,195.392,3165.248,3360.640,0
544,27.203478,153.456,3477.824,3631.280,0
545,27.252159,189.232,2158.944,2348.176,0
546,27.303743,301.328,3742.656,4043.984,0
547,27.351719,266.608,1718.624,1985.232,0
548,27.401342,172.624,1341.904,1514.528,0
549,27.452414,207.744,2414.368,2622.112,0
550,27.502181,173.392,2181.232,2354.624,0
551,27.553157,207.648,3157.216,3364.864,0
552,27.603287,158.256,3287.008,3445.264,0
553,27.652062,180.912,2061.680,2242.592,0
554,27.703558,227.184,3557.600,3784.784,0
555,27.753273,179.008,3272.592,3451.600,0
556,27.803612,220.624,3611.696,3832.320,0
557,27.853165,240.576,3165.488,3406.064,0
558,27.903333,156.800,3333.456,3490.256,0
559,27.952197,229.312,2196.864,2426.176,0
560,28.001402,197.088,1402.480,1599.568,0
561,28.052006,184.048,2006.320,2190.368,0
562,28.103587,323.808,3586.592,3910.400,0
563,28.152137,201.280,2136.560,2337.840,0
564,28.203693,196.256,3693.040,3889.296,0
565,28.253094,213.072,3093.728,3306.800,0
566,28.303229,203.376,3229.008,3432.384,0
567,28.352132,196.272,2132.080,2328.352,0
568,28.403544,217.984,3544.144,3762.128,0
569,28.453266,180.368,3266.384,3446.752,0
570,28.503084,236.080,3084.000,3320.080,0
571,28.551642,281.408,1641.808,1923.216,0
572,28.603341,166.816,3340.944,3507.760,0
573,28.652228,168.272,2228.432,2396.704,0
574,28.703584,295.360,3583.824,3879.184,0
575,28.753270,166.288,3269.760,3436.048,0
576,28.803258,188.080,3258.176,3446.256,0
577,28.852193,194.688,2192.560,2387.248,0
578,28.903126,228.416,3126.144,3354.560,0
579,28.952113,211.856,2113.376,2325.232,0
580,29.004090,271.248,4090.144,4361.392,0
581,29.052132,217.584,2132.208,2349.792,0
582,29.102152,223.952,2151.632,2375.584,0
583,29.152134,203.488,2134.096,2337.584,0
584,29.203617,233.072,3616.544,3849.616,0
585,29.251975,184.848,1974.656,2159.504,0
586,29.303265,183.344,3265.024,3448.368,0
587,29.352116,246.064,2115.888,2361.952,0
588,29.403684,270.384,3683.984,3954.368,0
589,29.453099,190.496,3099.280,3289.776,0
590,29.503448,221.408,3448.048,3669.456,0
591,29.552147,204.384,2147.456,2351.840,0
592,29.603614,323.952,3613.648,3937.600,0
593,29.652391,189.456,2390.512,2579.968,0
594,29.703308,159.488,3308.096,3467.584,0
595,29.751405,153.968,1404.736,1558.704,0
596,29.802094,209.936,2093.712,2303.648,0
597,29.852065,181.392,2065.328,2246.720,0
598,29.903699,216.400,3698.992,3915.392,0
===CSV_END===
Statistics sent to li VM via shared memory
Run #2 completed. Waiting for next START command...
Waiting for START command from li VM...
