========================================
Signal Sender Workload (Synchronized)
========================================
Initializing shared memory...
Waiting for speedometer to register...
Found speedometer in shared memory!
Sending START command to speedometer: START: 30;5;20

Running workload signal period for 30 seconds...

Workload signal period completed.
Sending STOP command to speedometer...
Waiting for statistics from speedometer...

Stress workload terminated.
===VMSTAT_START===
procs -----------memory---------- ---swap-- -----io---- -system-- ------cpu-----
 r  b   swpd   free   buff  cache   si   so    bi    bo   in   cs us sy id wa st
 8  0      0 368752  11892  33284    0    0   107     8  252  224 78 14  8  0  0
 8  0      0 368752  11892  33288    0    0     0    56  510  499 100  0  0  0  0
 8  0      0 368752  11892  33288    0    0     0     0  507  508 100  0  0  0  0
 8  0      0 368752  11892  33288    0    0     0   116  511  503 99  1  0  0  0
 8  0      0 368752  11892  33288    0    0     0     0  509  491 100  0  0  0  0
 8  0      0 368752  11892  33288    0    0     0     0  503  508 100  0  0  0  0
 9  0      0 368752  11892  33288    0    0     0     0  507  512 99  1  0  0  0
 8  0      0 368752  11892  33288    0    0     0     0  502  506 100  0  0  0  0
 8  0      0 368752  11892  33288    0    0     0     0  508  507 100  0  0  0  0
 8  0      0 368752  11892  33288    0    0     0     0  507  510 100  0  0  0  0
 8  0      0 368752  11892  33288    0    0     0     0  508  508 99  1  0  0  0
 8  0      0 368752  11892  33288    0    0     0     0  506  510 100  0  0  0  0
 8  0      0 368752  11892  33288    0    0     0     0  507  509 100  0  0  0  0
 8  0      0 368752  11892  33288    0    0     0     0  506  510 100  0  0  0  0
 8  0      0 368752  11892  33288    0    0     0     0  507  514 100  0  0  0  0
 8  0      0 368752  11892  33288    0    0     0     0  504  509 100  0  0  0  0
 8  0      0 368752  11892  33288    0    0     0     0  508  507 100  0  0  0  0
 8  0      0 368752  11892  33288    0    0     0     0  506  510 100  0  0  0  0
 8  0      0 368752  11892  33288    0    0     0     0  507  511 100  0  0  0  0
 8  0      0 368752  11892  33288    0    0     0   108  508  499 100  0  0  0  0
 8  0      0 368752  11892  33288    0    0     0     0  507  509 100  0  0  0  0
 8  0      0 368752  11892  33288    0    0     0     0  507  509 100  0  0  0  0
 8  0      0 368752  11892  33288    0    0     0     0  508  511 100  0  0  0  0
 8  0      0 368752  11892  33288    0    0     0     0  507  508 100  0  0  0  0
 8  0      0 368752  11892  33288    0    0     0     0  507  510 100  0  0  0  0
 8  0      0 368752  11892  33288    0    0     0     0  507  497 100  0  0  0  0
 9  0      0 368752  11892  33288    0    0     0     0  504  514 100  0  0  0  0
 8  0      0 368752  11892  33288    0    0     0     0  505  506 100  0  0  0  0
 8  0      0 368752  11892  33288    0    0     0     0  507  510 100  0  0  0  0
 8  0      0 368752  11892  33288    0    0     0     0  507  508 100  0  0  0  0
 8  0      0 368752  11892  33288    0    0     0     0  509  502 100  0  0  0  0
 9  0      0 368752  11892  33288    0    0     0     0  524  465 95  5  0  0  0
 8  0      0 368752  11892  33288    0    0     0     0  533  467 95  5  0  0  0
 8  0      0 368752  11892  33288    0    0     0     0  534  472 97  3  0  0  0
===VMSTAT_END===
========== SPEEDOMETER RT APPLICATION RESULTS ==========
Test Configuration:
Period: 50.000 ms
Deadline: 5.000 ms
RT Priority: 99 (SCHED_FIFO)
Execution Statistics:
Total cycles: 598
Deadline misses: 6 (1.003%)
Execution Time (μs):
Mean: 211.968
Min: 152.368
Max: 1671.456
50th percentile: 196.160
95th percentile: 305.888
99th percentile: 409.152
99.9th percentile: 1671.456
Jitter (μs):
Mean: 2551.688
Min: 1215.920
Max: 6785.584
Response Time (μs):
Mean: 2763.656
Min: 1398.576
Max: 6985.392
50th percentile: 2400.592
95th percentile: 4182.160
99th percentile: 5478.768
99.9th percentile: 6985.392
========================================================
[  165.523413] SDK:handler_do_el0_svc_pre: syscall __NR_futex (98) is not allowed
[  166.083384] SDK:handler_do_el0_svc_pre: syscall __NR_munmap (215) is not allowed
[  166.093418] SDK:handler_do_el0_svc_pre: syscall __NR_wait4 (260) is not allowed
[  166.103703] SDK:handler_do_el0_svc_pre: syscall __NR_munmap (215) is not allowed
[  166.113613] SDK:handler_do_el0_svc_pre: syscall __NR_rt_sigprocmask (135) is not allowed
[  166.124248] SDK:handler_do_el0_svc_pre: syscall __NR_futex (98) is not allowed
[  166.134940] SDK:handler_do_el0_svc_pre: syscall __NR_exit (93) is not allowed
[  166.135721] SDK:handler_do_el0_svc_pre: syscall __NR_futex (98) is not allowed
[  166.151698] SDK:handler_do_el0_svc_pre: syscall __NR_munmap (215) is not allowed
===VMSTAT_START===
procs -----------memory---------- ---swap-- -----io---- -system-- ------cpu-----
r  b   swpd   free   buff  cache   si   so    bi    bo   in   cs us sy id wa st
0  0      0  68668    512   9828    0    0     0     0   66   64  0  6 93  1  0
2  0      0  68608    512   9828    0    0     0     0   63   67  1  2 97  0  0
1  0      0  68608    512   9828    0    0     0     0   52   55  1  2 97  0  0
0  0      0  68608    512   9828    0    0     0     0   51   62  0  2 98  0  0
0  0      0  68608    512   9828    0    0     0     0   51   57  0  2 98  0  0
0  0      0  68608    512   9828    0    0     0     0   57   62  1  2 97  0  0
0  0      0  68608    512   9828    0    0     0     0   54   58  1  2 98  0  0
0  0      0  68608    512   9828    0    0     0     0   56   57  1  3 97  0  0
1  0      0  68608    512   9828    0    0     0     0   57   55  1  2 97  0  0
0  0      0  68608    512   9828    0    0     0     0   59   67  1  2 98  0  0
0  0      0  68608    512   9828    0    0     0     0   54   56  0  3 98  0  0
0  0      0  68608    512   9828    0    0     0     0   56   55  1  2 97  0  0
2  0      0  68608    512   9828    0    0     0     0   52   54  1  3 97  0  0
0  0      0  68608    512   9828    0    0     0     0   52   64  0  2 98  0  0
0  0      0  68608    512   9828    0    0     0     0   51   53  0  2 98  0  0
0  0      0  68608    512   9828    0    0     0     0   63   64  1  2 97  0  0
0  0      0  68608    512   9828    0    0     0     0   49   53  1  2 98  0  0
0  0      0  68608    512   9828    0    0     0     0   52   63  0  2 98  0  0
0  0      0  68608    512   9828    0    0     0     0   59   61  1  3 96  0  0
0  0      0  68608    512   9828    0    0     0     0   56   58  0  2 98  0  0
1  0      0  68608    512   9828    0    0     0     0   57   58  1  2 98  0  0
0  0      0  68608    512   9828    0    0     0     0   57   66  1  2 97  0  0
0  0      0  68608    512   9828    0    0     0     0   48   54  0  2 98  0  0
1  0      0  68608    512   9828    0    0     0     0   51   61  1  2 98  0  0
0  0      0  68608    512   9828    0    0     0     0   52   66  0  2 98  0  0
1  0      0  68608    512   9828    0    0     0     0   55   63  1  2 98  0  0
0  0      0  68608    512   9828    0    0     0     0   51   55  0  2 98  0  0
0  0      0  68608    512   9828    0    0     0     0   58   62  0  3 97  0  0
0  0      0  68608    512   9828    0    0     0     0   53   59  1  3 97  0  0
0  0      0  68608    512   9828    0    0     0     0   53   62  0  2 98  0  0
0  0      0  68608    512   9828    0    0     0     0  133   30  1  9 91  0  0
===VMSTAT_END===
===CSV_START===
cycle,timestamp_s,execution_time_us,jitter_us,response_time_us,deadline_miss
1,0.051645,359.040,1645.376,2004.416,0
2,0.102134,167.168,2134.080,2301.248,0
3,0.152274,406.768,2274.176,2680.944,0
4,0.202154,166.352,2154.272,2320.624,0
5,0.252182,193.360,2181.808,2375.168,0
6,0.301571,1671.456,1570.656,3242.112,0
7,0.351719,233.552,1718.672,1952.224,0
8,0.403580,325.904,3579.568,3905.472,0
9,0.452358,189.472,2357.728,2547.200,0
10,0.502038,175.264,2038.160,2213.424,0
11,0.551575,214.688,1575.072,1789.760,0
12,0.603583,219.776,3583.344,3803.120,0
13,0.653265,166.816,3265.056,3431.872,0
14,0.703749,228.688,3749.088,3977.776,0
15,0.752225,237.664,2225.408,2463.072,0
16,0.802237,203.328,2237.248,2440.576,0
17,0.852187,191.856,2186.688,2378.544,0
18,0.901424,187.904,1424.160,1612.064,0
19,0.952150,207.792,2149.776,2357.568,0
20,1.002146,184.032,2145.808,2329.840,0
21,1.051729,248.416,1728.640,1977.056,0
22,1.102157,228.432,2157.200,2385.632,0
23,1.152245,156.464,2245.248,2401.712,0
24,1.203423,180.432,3422.704,3603.136,0
25,1.256786,199.808,6785.584,6985.392,1
26,1.303497,200.544,3497.168,3697.712,0
27,1.352194,238.832,2194.048,2432.880,0
28,1.401431,177.568,1430.784,1608.352,0
29,1.453240,171.616,3240.048,3411.664,0
30,1.503571,248.240,3570.656,3818.896,0
31,1.553229,176.560,3229.088,3405.648,0
32,1.604307,171.952,4306.848,4478.800,0
33,1.652180,215.264,2180.048,2395.312,0
34,1.703530,246.320,3529.888,3776.208,0
35,1.752273,166.960,2272.576,2439.536,0
36,1.803365,175.888,3364.864,3540.752,0
37,1.852168,231.632,2167.520,2399.152,0
38,1.903974,220.160,3974.080,4194.240,0
39,1.952187,225.856,2186.880,2412.736,0
40,2.002172,200.448,2172.352,2372.800,0
41,2.052171,200.816,2170.528,2371.344,0
42,2.102162,195.456,2162.144,2357.600,0
43,2.151592,226.576,1591.616,1818.192,0
44,2.203246,215.488,3245.888,3461.376,0
45,2.252266,195.936,2266.192,2462.128,0
46,2.303730,173.328,3729.712,3903.040,0
47,2.352199,190.016,2198.752,2388.768,0
48,2.404226,228.160,4226.192,4454.352,0
49,2.452184,180.240,2184.176,2364.416,0
50,2.503556,174.912,3556.160,3731.072,0
51,2.552300,193.808,2299.936,2493.744,0
52,2.603107,169.184,3107.360,3276.544,0
53,2.652257,166.064,2257.472,2423.536,0
54,2.703394,177.680,3394.304,3571.984,0
55,2.752112,182.032,2111.600,2293.632,0
56,2.803598,251.008,3597.776,3848.784,0
57,2.853139,166.816,3138.736,3305.552,0
58,2.903557,165.264,3557.152,3722.416,0
59,2.953216,209.008,3216.432,3425.440,0
60,3.004179,205.600,4179.104,4384.704,0
61,3.052168,153.504,2168.384,2321.888,0
62,3.101280,154.752,1279.584,1434.336,0
63,3.152280,170.080,2279.968,2450.048,0
64,3.203620,228.224,3620.288,3848.512,0
65,3.251591,241.936,1591.296,1833.232,0
66,3.303341,164.304,3341.216,3505.520,0
67,3.351616,231.440,1615.584,1847.024,0
68,3.403580,211.888,3579.952,3791.840,0
69,3.453134,185.728,3133.840,3319.568,0
70,3.504141,180.512,4140.912,4321.424,0
71,3.552126,206.848,2125.712,2332.560,0
72,3.601415,360.016,1414.608,1774.624,0
73,3.653222,198.512,3221.744,3420.256,0
74,3.703171,197.856,3171.056,3368.912,0
75,3.751636,296.368,1636.496,1932.864,0
76,3.803637,338.960,3636.624,3975.584,0
77,3.853257,177.792,3256.560,3434.352,0
78,3.904199,213.520,4199.120,4412.640,0
79,3.952178,195.136,2177.504,2372.640,0
80,4.001264,187.600,1263.632,1451.232,0
81,4.055628,325.264,5627.856,5953.120,1
82,4.103489,211.856,3489.104,3700.960,0
83,4.151541,165.696,1540.720,1706.416,0
84,4.203404,194.944,3404.096,3599.040,0
85,4.251893,192.944,1893.280,2086.224,0
86,4.302278,180.352,2277.648,2458.000,0
87,4.352080,180.864,2080.080,2260.944,0
88,4.403417,166.304,3417.424,3583.728,0
89,4.452163,183.328,2162.976,2346.304,0
90,4.503270,175.712,3269.536,3445.248,0
91,4.552147,226.768,2147.248,2374.016,0
92,4.603255,181.168,3255.104,3436.272,0
93,4.652082,206.176,2082.416,2288.592,0
94,4.703456,157.424,3456.128,3613.552,0
95,4.753216,205.472,3215.568,3421.040,0
96,4.803268,218.464,3268.224,3486.688,0
97,4.852188,245.872,2188.416,2434.288,0
98,4.903625,324.464,3625.200,3949.664,0
99,4.953194,172.112,3194.336,3366.448,0
100,5.004228,171.776,4227.984,4399.760,0
101,5.052145,237.504,2144.528,2382.032,0
102,5.102195,312.096,2195.088,2507.184,0
103,5.151980,256.816,1979.584,2236.400,0
104,5.203898,223.856,3897.904,4121.760,0
105,5.251683,297.648,1682.592,1980.240,0
106,5.303709,289.152,3709.344,3998.496,0
107,5.353113,197.088,3112.528,3309.616,0
108,5.404128,156.224,4128.384,4284.608,0
109,5.452173,226.896,2172.928,2399.824,0
110,5.501296,176.512,1296.048,1472.560,0
111,5.553168,209.840,3168.448,3378.288,0
112,5.604123,203.776,4123.072,4326.848,0
113,5.652086,182.160,2086.048,2268.208,0
114,5.703333,191.728,3332.608,3524.336,0
115,5.752128,223.056,2128.368,2351.424,0
116,5.803354,169.296,3354.336,3523.632,0
117,5.852039,189.392,2038.592,2227.984,0
118,5.904319,158.832,4318.768,4477.600,0
119,5.952167,219.248,2166.848,2386.096,0
120,6.002166,190.464,2165.744,2356.208,0
121,6.052145,212.928,2145.440,2358.368,0
122,6.101324,207.200,1324.144,1531.344,0
123,6.154173,217.680,4172.576,4390.256,0
124,6.201322,262.208,1321.904,1584.112,0
125,6.252029,202.512,2029.376,2231.888,0
126,6.301671,1417.680,1670.960,3088.640,0
127,6.351636,229.344,1636.016,1865.360,0
128,6.403748,257.552,3747.776,4005.328,0
129,6.453269,238.160,3269.056,3507.216,0
130,6.503801,253.488,3801.328,4054.816,0
131,6.551597,166.768,1596.832,1763.600,0
132,6.603692,229.136,3692.096,3921.232,0
133,6.651572,153.424,1571.552,1724.976,0
134,6.703586,219.456,3586.160,3805.616,0
135,6.752204,183.280,2203.776,2387.056,0
136,6.803690,260.336,3690.384,3950.720,0
137,6.851539,165.952,1538.864,1704.816,0
138,6.901408,180.880,1408.400,1589.280,0
139,6.952289,194.496,2289.152,2483.648,0
140,7.001625,342.224,1624.864,1967.088,0
141,7.051569,209.552,1569.360,1778.912,0
142,7.103690,169.232,3689.712,3858.944,0
143,7.152020,192.944,2019.744,2212.688,0
144,7.201216,203.520,1215.920,1419.440,0
145,7.253880,273.760,3880.096,4153.856,0
146,7.303388,183.568,3387.920,3571.488,0
147,7.351472,165.712,1471.872,1637.584,0
148,7.403758,197.984,3757.744,3955.728,0
149,7.452293,196.656,2292.848,2489.504,0
150,7.503720,250.016,3719.728,3969.744,0
151,7.551698,322.160,1697.904,2020.064,0
152,7.603658,219.232,3658.288,3877.520,0
153,7.652284,211.424,2284.368,2495.792,0
154,7.703658,302.560,3657.616,3960.176,0
155,7.753191,218.208,3191.136,3409.344,0
156,7.804308,200.448,4307.936,4508.384,0
157,7.851722,242.496,1721.984,1964.480,0
158,7.904294,175.904,4293.856,4469.760,0
159,7.951620,255.408,1620.400,1875.808,0
160,8.003581,370.048,3581.136,3951.184,0
161,8.052147,216.608,2147.104,2363.712,0
162,8.101341,154.464,1340.640,1495.104,0
163,8.155775,291.728,5775.264,6066.992,1
164,8.201578,237.680,1578.048,1815.728,0
165,8.251630,229.328,1630.000,1859.328,0
166,8.302018,268.176,2017.584,2285.760,0
167,8.351442,166.544,1441.680,1608.224,0
168,8.404435,185.984,4434.672,4620.656,0
169,8.451665,205.504,1664.880,1870.384,0
170,8.503646,213.984,3645.808,3859.792,0
171,8.553295,178.640,3294.864,3473.504,0
172,8.603512,153.184,3511.728,3664.912,0
173,8.651660,167.072,1660.176,1827.248,0
174,8.703659,284.272,3659.392,3943.664,0
175,8.752339,208.720,2338.960,2547.680,0
176,8.803214,207.696,3214.112,3421.808,0
177,8.851596,264.128,1595.728,1859.856,0
178,8.903501,153.888,3500.784,3654.672,0
179,8.951576,225.136,1575.696,1800.832,0
180,9.003562,222.304,3562.048,3784.352,0
181,9.053291,260.608,3291.040,3551.648,0
182,9.103787,262.640,3786.672,4049.312,0
183,9.151664,167.536,1664.416,1831.952,0
184,9.203514,156.624,3514.176,3670.800,0
185,9.252120,155.392,2120.224,2275.616,0
186,9.302898,249.344,2898.096,3147.440,0
187,9.351548,153.600,1547.984,1701.584,0
188,9.402172,212.224,2171.792,2384.016,0
189,9.452313,155.008,2313.456,2468.464,0
190,9.503704,277.232,3703.680,3980.912,0
191,9.552151,160.960,2150.832,2311.792,0
192,9.603327,167.264,3326.880,3494.144,0
193,9.652251,182.768,2251.456,2434.224,0
194,9.703673,244.432,3672.832,3917.264,0
195,9.752217,180.896,2216.528,2397.424,0
196,9.803578,311.424,3578.416,3889.840,0
197,9.851558,153.408,1558.288,1711.696,0
198,9.901293,167.136,1293.280,1460.416,0
199,9.953139,177.312,3138.864,3316.176,0
200,10.002204,160.288,2203.776,2364.064,0
201,10.051491,154.016,1490.768,1644.784,0
202,10.101568,253.472,1568.464,1821.936,0
203,10.151453,154.624,1453.344,1607.968,0
204,10.201383,168.704,1383.152,1551.856,0
205,10.252123,219.856,2123.008,2342.864,0
206,10.303345,166.576,3345.344,3511.920,0
207,10.352060,188.416,2060.112,2248.528,0
208,10.401350,202.880,1349.504,1552.384,0
209,10.451675,293.200,1674.864,1968.064,0
210,10.503722,248.880,3721.632,3970.512,0
211,10.552253,201.008,2253.200,2454.208,0
212,10.601553,411.232,1552.832,1964.064,0
213,10.651557,153.536,1556.576,1710.112,0
214,10.703759,188.912,3759.296,3948.208,0
215,10.752132,193.728,2132.432,2326.160,0
216,10.801297,161.040,1296.544,1457.584,0
217,10.853187,198.704,3187.136,3385.840,0
218,10.903587,261.456,3587.216,3848.672,0
219,10.952276,170.928,2276.480,2447.408,0
220,11.001311,153.952,1311.488,1465.440,0
221,11.055524,167.440,5523.584,5691.024,1
222,11.101578,308.384,1578.240,1886.624,0
223,11.151558,153.568,1558.496,1712.064,0
224,11.201401,263.424,1400.624,1664.048,0
225,11.252084,219.984,2084.368,2304.352,0
226,11.302175,235.504,2174.864,2410.368,0
227,11.351852,190.208,1852.192,2042.400,0
228,11.401466,214.176,1466.032,1680.208,0
229,11.452381,191.840,2381.248,2573.088,0
230,11.501456,238.096,1456.400,1694.496,0
231,11.551556,153.104,1555.696,1708.800,0
232,11.603534,170.240,3533.664,3703.904,0
233,11.652273,193.648,2272.592,2466.240,0
234,11.702152,216.944,2152.224,2369.168,0
235,11.751389,154.752,1389.136,1543.888,0
236,11.803714,380.944,3713.504,4094.448,0
237,11.851433,154.240,1433.168,1587.408,0
238,11.901401,216.352,1401.392,1617.744,0
239,11.953028,209.456,3027.520,3236.976,0
240,12.003556,154.080,3556.080,3710.160,0
241,12.051569,154.336,1568.896,1723.232,0
242,12.101578,187.344,1577.824,1765.168,0
243,12.152028,185.232,2027.792,2213.024,0
244,12.203454,156.768,3453.904,3610.672,0
245,12.252116,186.736,2115.664,2302.400,0
246,12.301388,251.392,1388.240,1639.632,0
247,12.352587,229.248,2586.944,2816.192,0
248,12.401243,156.016,1242.560,1398.576,0
249,12.453068,180.544,3067.776,3248.320,0
250,12.501389,224.176,1389.248,1613.424,0
251,12.552292,168.672,2291.504,2460.176,0
252,12.603481,165.456,3480.752,3646.208,0
253,12.651568,153.472,1567.904,1721.376,0
254,12.702207,161.360,2206.656,2368.016,0
255,12.753180,204.832,3180.304,3385.136,0
256,12.803265,191.488,3264.688,3456.176,0
257,12.851579,249.248,1579.136,1828.384,0
258,12.901466,189.344,1465.568,1654.912,0
259,12.952147,208.784,2147.392,2356.176,0
260,13.002047,197.008,2047.216,2244.224,0
261,13.051589,288.240,1589.136,1877.376,0
262,13.103751,247.520,3750.928,3998.448,0
263,13.151458,154.016,1457.520,1611.536,0
264,13.201368,167.824,1368.128,1535.952,0
265,13.252534,232.960,2534.320,2767.280,0
266,13.303634,206.048,3633.760,3839.808,0
267,13.352200,173.200,2200.064,2373.264,0
268,13.402975,203.472,2974.608,3178.080,0
269,13.452183,234.336,2182.624,2416.960,0
270,13.502338,272.944,2338.352,2611.296,0
271,13.552271,194.768,2271.040,2465.808,0
272,13.601292,194.960,1292.000,1486.960,0
273,13.652169,159.552,2168.752,2328.304,0
274,13.702072,257.808,2071.888,2329.696,0
275,13.753044,180.016,3043.504,3223.520,0
276,13.801372,184.464,1372.448,1556.912,0
277,13.852317,211.568,2316.608,2528.176,0
278,13.901373,159.472,1373.072,1532.544,0
279,13.953082,224.512,3082.016,3306.528,0
280,14.003579,152.960,3579.136,3732.096,0
281,14.052280,162.480,2279.872,2442.352,0
282,14.101341,227.024,1340.608,1567.632,0
283,14.152172,178.768,2171.808,2350.576,0
284,14.203609,287.968,3609.088,3897.056,0
285,14.252115,245.936,2114.832,2360.768,0
286,14.303404,168.544,3404.496,3573.040,0
287,14.351686,290.496,1686.448,1976.944,0
288,14.401965,325.392,1964.784,2290.176,0
289,14.452270,177.024,2269.584,2446.608,0
290,14.503980,246.240,3979.968,4226.208,0
291,14.551641,247.584,1641.440,1889.024,0
292,14.602125,212.736,2124.544,2337.280,0
293,14.651591,241.248,1590.752,1832.000,0
294,14.702146,197.680,2146.336,2344.016,0
295,14.751633,221.904,1633.424,1855.328,0
296,14.803584,258.912,3583.744,3842.656,0
297,14.851472,156.032,1471.824,1627.856,0
298,14.901299,169.680,1299.088,1468.768,0
299,14.951550,153.312,1550.496,1703.808,0
300,15.001401,238.656,1400.816,1639.472,0
301,15.051584,168.880,1584.080,1752.960,0
302,15.103597,311.952,3596.656,3908.608,0
303,15.152324,199.488,2324.368,2523.856,0
304,15.201440,162.448,1439.648,1602.096,0
305,15.252267,211.824,2266.848,2478.672,0
306,15.303632,210.992,3632.128,3843.120,0
307,15.352255,178.736,2254.640,2433.376,0
308,15.401780,171.104,1779.872,1950.976,0
309,15.452023,195.264,2023.152,2218.416,0
310,15.503587,158.624,3586.848,3745.472,0
311,15.552177,181.936,2176.688,2358.624,0
312,15.602213,167.792,2213.376,2381.168,0
313,15.651625,216.672,1625.136,1841.808,0
314,15.703615,186.960,3614.560,3801.520,0
315,15.752319,165.696,2319.312,2485.008,0
316,15.803425,155.872,3424.960,3580.832,0
317,15.852014,186.688,2013.840,2200.528,0
318,15.901372,175.648,1372.144,1547.792,0
319,15.951648,329.424,1647.504,1976.928,0
320,16.003595,314.352,3594.672,3909.024,0
321,16.051646,196.704,1646.064,1842.768,0
322,16.103642,272.272,3641.888,3914.160,0
323,16.152233,175.584,2232.928,2408.512,0
324,16.201498,211.712,1498.096,1709.808,0
325,16.252179,209.008,2178.768,2387.776,0
326,16.301501,204.176,1500.784,1704.960,0
327,16.351684,296.368,1683.664,1980.032,0
328,16.403551,193.392,3550.912,3744.304,0
329,16.451498,153.680,1498.496,1652.176,0
330,16.501397,229.120,1397.280,1626.400,0
331,16.552254,173.280,2254.000,2427.280,0
332,16.603677,168.816,3676.640,3845.456,0
333,16.652155,220.656,2155.056,2375.712,0
334,16.701397,257.184,1397.104,1654.288,0
335,16.751558,164.448,1558.272,1722.720,0
336,16.802027,281.536,2027.056,2308.592,0
337,16.852331,194.672,2330.912,2525.584,0
338,16.901487,277.664,1487.040,1764.704,0
339,16.951498,165.840,1498.320,1664.160,0
340,17.001384,172.176,1384.080,1556.256,0
341,17.052116,268.336,2116.192,2384.528,0
342,17.101394,169.248,1393.904,1563.152,0
343,17.152170,188.480,2169.904,2358.384,0
344,17.203405,167.440,3404.928,3572.368,0
345,17.251541,165.152,1541.184,1706.336,0
346,17.303586,278.000,3586.288,3864.288,0
347,17.352029,178.800,2028.592,2207.392,0
348,17.403509,198.672,3508.528,3707.200,0
349,17.452262,204.512,2261.568,2466.080,0
350,17.503566,293.504,3566.448,3859.952,0
351,17.552147,221.504,2147.136,2368.640,0
352,17.603330,176.800,3330.208,3507.008,0
353,17.651488,153.760,1488.480,1642.240,0
354,17.701477,179.936,1476.608,1656.544,0
355,17.752178,213.680,2177.776,2391.456,0
356,17.801279,237.344,1278.864,1516.208,0
357,17.855300,178.704,5300.064,5478.768,1
358,17.901473,218.896,1472.752,1691.648,0
359,17.953042,201.840,3042.064,3243.904,0
360,18.002196,240.112,2196.096,2436.208,0
361,18.051658,216.272,1658.384,1874.656,0
362,18.103442,155.200,3442.288,3597.488,0
363,18.151585,235.008,1584.720,1819.728,0
364,18.203463,167.504,3462.976,3630.480,0
365,18.251642,192.992,1642.000,1834.992,0
366,18.303620,209.136,3619.920,3829.056,0
367,18.352142,190.016,2142.336,2332.352,0
368,18.401477,209.456,1476.528,1685.984,0
369,18.453294,187.536,3293.520,3481.056,0
370,18.503354,168.960,3354.496,3523.456,0
371,18.551641,253.488,1641.216,1894.704,0
372,18.603627,250.464,3627.328,3877.792,0
373,18.652150,228.928,2149.888,2378.816,0
374,18.703454,167.136,3454.208,3621.344,0
375,18.751539,153.856,1539.424,1693.280,0
376,18.801479,217.952,1478.592,1696.544,0
377,18.851695,292.688,1694.880,1987.568,0
378,18.901283,180.000,1282.736,1462.736,0
379,18.953012,180.720,3012.320,3193.040,0
380,19.003836,202.144,3835.664,4037.808,0
381,19.052142,176.640,2142.128,2318.768,0
382,19.102178,274.272,2178.208,2452.480,0
383,19.152149,267.152,2148.704,2415.856,0
384,19.201488,199.712,1487.840,1687.552,0
385,19.253275,227.728,3275.408,3503.136,0
386,19.303559,291.744,3558.784,3850.528,0
387,19.351555,152.560,1554.576,1707.136,0
388,19.401406,214.496,1406.256,1620.752,0
389,19.451376,155.168,1375.568,1530.736,0
390,19.503741,297.008,3741.472,4038.480,0
391,19.551562,211.488,1562.096,1773.584,0
392,19.603494,165.312,3493.504,3658.816,0
393,19.651560,165.344,1560.208,1725.552,0
394,19.703726,279.152,3726.208,4005.360,0
395,19.752172,202.112,2171.840,2373.952,0
396,19.803533,223.216,3533.376,3756.592,0
397,19.851619,231.744,1619.360,1851.104,0
398,19.903718,228.592,3717.856,3946.448,0
399,19.953149,208.928,3149.168,3358.096,0
400,20.003359,163.536,3358.512,3522.048,0
401,20.051617,228.368,1616.720,1845.088,0
402,20.102038,203.264,2038.160,2241.424,0
403,20.151431,154.800,1430.672,1585.472,0
404,20.201296,164.480,1295.984,1460.464,0
405,20.253163,191.312,3163.136,3354.448,0
406,20.303483,166.160,3483.312,3649.472,0
407,20.351467,152.928,1466.768,1619.696,0
408,20.403408,157.968,3408.496,3566.464,0
409,20.451442,166.528,1441.680,1608.208,0
410,20.502093,169.280,2093.184,2262.464,0
411,20.552870,198.288,2869.504,3067.792,0
412,20.603402,154.192,3402.288,3556.480,0
413,20.652182,196.160,2182.464,2378.624,0
414,20.702182,158.896,2181.840,2340.736,0
415,20.752165,188.064,2164.768,2352.832,0
416,20.803144,166.944,3144.096,3311.040,0
417,20.853196,197.024,3196.096,3393.120,0
418,20.904104,157.824,4103.808,4261.632,0
419,20.952181,170.144,2181.328,2351.472,0
420,21.003437,180.336,3436.592,3616.928,0
421,21.052556,409.152,2555.696,2964.848,0
422,21.103557,273.008,3557.120,3830.128,0
423,21.153052,191.904,3052.448,3244.352,0
424,21.203464,155.424,3463.984,3619.408,0
425,21.252142,212.480,2141.904,2354.384,0
426,21.303335,207.632,3334.544,3542.176,0
427,21.352105,186.448,2105.216,2291.664,0
428,21.403528,208.656,3527.536,3736.192,0
429,21.453097,197.344,3096.752,3294.096,0
430,21.502144,196.064,2144.192,2340.256,0
431,21.552405,438.992,2405.152,2844.144,0
432,21.604083,203.488,4082.656,4286.144,0
433,21.651669,193.296,1668.640,1861.936,0
434,21.703358,154.368,3357.856,3512.224,0
435,21.751914,253.264,1913.872,2167.136,0
436,21.803121,179.440,3120.512,3299.952,0
437,21.852011,175.504,2011.120,2186.624,0
438,21.904181,191.744,4181.056,4372.800,0
439,21.953136,191.136,3136.368,3327.504,0
440,22.003639,329.904,3638.592,3968.496,0
441,22.053123,160.096,3122.768,3282.864,0
442,22.102167,168.992,2167.168,2336.160,0
443,22.152185,172.400,2185.312,2357.712,0
444,22.203684,283.840,3683.536,3967.376,0
445,22.253112,158.640,3112.272,3270.912,0
446,22.302193,162.384,2193.104,2355.488,0
447,22.352088,213.008,2087.520,2300.528,0
448,22.402239,159.808,2238.784,2398.592,0
449,22.451996,190.432,1995.888,2186.320,0
450,22.503386,213.872,3386.176,3600.048,0
451,22.551876,162.320,1876.080,2038.400,0
452,22.603204,159.408,3203.680,3363.088,0
453,22.651618,243.248,1618.208,1861.456,0
454,22.703263,199.328,3262.944,3462.272,0
455,22.752126,210.096,2126.144,2336.240,0
456,22.803458,156.528,3457.504,3614.032,0
457,22.851711,226.320,1711.440,1937.760,0
458,22.903185,193.824,3185.232,3379.056,0
459,22.952034,164.528,2034.352,2198.880,0
460,23.002249,249.056,2249.376,2498.432,0
461,23.053084,190.528,3084.416,3274.944,0
462,23.104058,247.104,4057.520,4304.624,0
463,23.152180,169.712,2179.696,2349.408,0
464,23.202122,249.712,2121.888,2371.600,0
465,23.251450,155.168,1449.600,1604.768,0
466,23.303610,293.584,3609.792,3903.376,0
467,23.353176,176.560,3175.920,3352.480,0
468,23.404144,211.424,4144.128,4355.552,0
469,23.452168,254.656,2168.208,2422.864,0
470,23.501496,324.416,1496.336,1820.752,0
471,23.551805,205.216,1804.960,2010.176,0
472,23.603385,155.024,3385.056,3540.080,0
473,23.652078,184.624,2078.112,2262.736,0
474,23.701388,305.888,1387.840,1693.728,0
475,23.752092,181.424,2091.824,2273.248,0
476,23.803639,414.176,3638.832,4053.008,0
477,23.853127,196.976,3126.960,3323.936,0
478,23.903418,239.264,3418.272,3657.536,0
479,23.953087,188.576,3087.312,3275.888,0
480,24.003203,191.104,3203.248,3394.352,0
481,24.052144,159.136,2143.600,2302.736,0
482,24.102174,226.992,2173.600,2400.592,0
483,24.151869,181.200,1868.576,2049.776,0
484,24.203458,211.056,3458.000,3669.056,0
485,24.253144,261.952,3144.192,3406.144,0
486,24.303175,185.696,3174.544,3360.240,0
487,24.352115,247.152,2115.456,2362.608,0
488,24.402123,189.552,2123.200,2312.752,0
489,24.452132,226.832,2131.808,2358.640,0
490,24.502144,178.608,2144.080,2322.688,0
491,24.552138,194.176,2137.536,2331.712,0
492,24.603314,158.064,3313.776,3471.840,0
493,24.652140,214.256,2140.320,2354.576,0
494,24.702274,201.824,2273.568,2475.392,0
495,24.752108,155.632,2108.016,2263.648,0
496,24.801294,180.400,1293.680,1474.080,0
497,24.852151,156.272,2150.592,2306.864,0
498,24.903303,157.440,3302.832,3460.272,0
499,24.951538,152.576,1538.176,1690.752,0
500,25.003279,165.920,3278.576,3444.496,0
501,25.052108,236.144,2108.128,2344.272,0
502,25.103409,168.352,3408.592,3576.944,0
503,25.151984,220.352,1983.856,2204.208,0
504,25.203323,198.544,3323.248,3521.792,0
505,25.252120,203.920,2120.208,2324.128,0
506,25.302165,172.624,2164.544,2337.168,0
507,25.351535,153.696,1534.592,1688.288,0
508,25.401312,176.480,1311.552,1488.032,0
509,25.453096,185.872,3095.600,3281.472,0
510,25.503339,162.224,3339.056,3501.280,0
511,25.552531,242.512,2531.232,2773.744,0
512,25.604175,206.624,4175.472,4382.096,0
513,25.652143,202.288,2142.704,2344.992,0
514,25.701324,217.552,1324.240,1541.792,0
515,25.753129,158.144,3128.832,3286.976,0
516,25.803864,181.152,3864.496,4045.648,0
517,25.852164,194.576,2164.160,2358.736,0
518,25.904003,178.976,4003.184,4182.160,0
519,25.952138,195.104,2137.952,2333.056,0
520,26.001477,241.408,1477.488,1718.896,0
521,26.053124,276.384,3123.552,3399.936,0
522,26.103493,154.272,3493.120,3647.392,0
523,26.151473,165.824,1472.832,1638.656,0
524,26.203279,222.272,3278.672,3500.944,0
525,26.252139,222.608,2139.312,2361.920,0
526,26.301984,235.408,1983.696,2219.104,0
527,26.352162,186.720,2161.760,2348.480,0
528,26.403456,156.368,3455.856,3612.224,0
529,26.452258,210.848,2257.888,2468.736,0
530,26.502173,247.568,2173.264,2420.832,0
531,26.552109,189.616,2108.912,2298.528,0
532,26.602163,169.472,2163.472,2332.944,0
533,26.651578,184.912,1577.904,1762.816,0
534,26.702179,202.832,2178.704,2381.536,0
535,26.752155,189.408,2155.296,2344.704,0
536,26.803553,279.040,3552.560,3831.600,0
537,26.853139,186.672,3139.184,3325.856,0
538,26.903606,251.104,3605.664,3856.768,0
539,26.952123,193.520,2123.328,2316.848,0
540,27.001291,155.232,1291.456,1446.688,0
541,27.053075,189.360,3075.440,3264.800,0
542,27.103273,227.872,3273.136,3501.008,0
543,27.152058,155.792,2058.304,2214.096,0
544,27.202961,211.744,2961.264,3173.008,0
545,27.254639,304.240,4638.560,4942.800,0
546,27.303629,251.568,3629.184,3880.752,0
547,27.353129,272.848,3128.640,3401.488,0
548,27.403337,154.080,3336.816,3490.896,0
549,27.452164,209.680,2164.496,2374.176,0
550,27.503436,167.728,3435.680,3603.408,0
551,27.552128,182.880,2128.496,2311.376,0
552,27.603455,183.136,3454.912,3638.048,0
553,27.652860,322.192,2860.480,3182.672,0
554,27.701450,179.184,1450.016,1629.200,0
555,27.752141,240.640,2140.512,2381.152,0
556,27.802101,184.752,2100.800,2285.552,0
557,27.853262,291.664,3261.792,3553.456,0
558,27.903399,168.720,3398.864,3567.584,0
559,27.952113,195.792,2112.784,2308.576,0
560,28.001449,246.000,1448.736,1694.736,0
561,28.051609,237.584,1608.672,1846.256,0
562,28.103418,199.792,3417.536,3617.328,0
563,28.151464,152.368,1464.128,1616.496,0
564,28.203544,269.248,3543.632,3812.880,0
565,28.251827,191.600,1826.592,2018.192,0
566,28.303563,253.200,3563.136,3816.336,0
567,28.353297,163.936,3296.960,3460.896,0
568,28.404150,186.704,4150.400,4337.104,0
569,28.452162,235.584,2161.600,2397.184,0
570,28.503481,184.160,3480.832,3664.992,0
571,28.552122,175.616,2121.520,2297.136,0
572,28.602167,169.600,2166.912,2336.512,0
573,28.652142,203.088,2142.208,2345.296,0
574,28.701335,153.760,1335.312,1489.072,0
575,28.755402,186.224,5401.712,5587.936,1
576,28.801307,206.752,1307.280,1514.032,0
577,28.852177,156.560,2177.280,2333.840,0
578,28.902164,210.688,2163.856,2374.544,0
579,28.952028,190.400,2027.824,2218.224,0
580,29.002089,221.472,2089.024,2310.496,0
581,29.052028,215.152,2027.536,2242.688,0
582,29.102171,183.792,2170.896,2354.688,0
583,29.153106,174.352,3106.416,3280.768,0
584,29.203492,166.816,3492.016,3658.832,0
585,29.251555,165.504,1554.592,1720.096,0
586,29.303579,337.024,3579.472,3916.496,0
587,29.352118,168.352,2117.744,2286.096,0
588,29.403728,219.824,3727.568,3947.392,0
589,29.453044,188.560,3043.696,3232.256,0
590,29.503116,156.112,3115.856,3271.968,0
591,29.552153,190.544,2153.440,2343.984,0
592,29.603273,225.600,3273.168,3498.768,0
593,29.652158,201.712,2157.824,2359.536,0
594,29.703769,251.840,3769.056,4020.896,0
595,29.752185,171.776,2185.088,2356.864,0
596,29.803614,321.328,3613.680,3935.008,0
597,29.852154,278.768,2154.368,2433.136,0
598,29.903876,254.784,3875.632,4130.416,0
===CSV_END===
Statistics sent to li VM via shared memory
Run #3 completed. Waiting for next START command...
Waiting for START command from li VM...
