HI_NET_PING_START run=10
Probes: 2000  |  Protocol: UDP  |  Period: 1 ms  |  Msg: 64 B
hi_net_ping: sending HELLO to 127.0.0.1:5002 (protocol=UDP)...
[echo] HELLO — protocol=UDP  n_probes=2000
[echo] HELLO_ACK sent
[echo] run #10 — echoing probes
hi_net_ping: HELLO_ACK received
hi_net_ping: starting ping-echo loop (2000 probes at 1 ms)...
========== HI_NET_PING RESULTS ==========
Probes sent:        2000
Echoes received:    2000
Lost (no echo):        5 (0.250%)
RTL (us):
Mean: 3750.949    Std dev: 792.432
Min:  2480.496    Max:     22774.064
P50:  3642.064    P95:     4405.216
P99:  6548.112    P99.9:   13652.752
IAJ (us):
Mean: 3109.418    Std dev: 581.920
Min:  1828.928    Max:     10596.416
P50:  3006.864    P95:     3866.800
P99:  5666.944    P99.9:   8741.488
===CSV_START===
index,rtl_ns,iaj_ns
0,8832416,3077184
1,12561824,8741488
2,12425360,7625136
3,3624720,6543632
4,9464816,5441584
5,4315360,4798848
6,7147280,3635280
7,6083120,5356352
8,5235232,3893792
9,4260048,2795952
10,5471664,2846432
11,4483280,3150032
12,3542880,2750832
13,3540672,3361216
14,3838256,3577248
15,3466672,4300752
16,4011680,2551984
17,4298048,3611600
18,5009792,2777536
19,3236400,2827536
20,4161648,6222016
21,3473088,3873440
22,3427424,2891216
23,6890144,3457248
24,3676544,3072832
25,3529776,3038000
26,4091504,2936816
27,3711696,2787936
28,3388256,2546448
29,3521920,3535888
30,3303008,2616320
31,3181008,3220496
32,4071216,2630800
33,3314848,2668032
34,3871808,3550624
35,3337936,2397952
36,3290960,3367744
37,3682752,3259312
38,3091104,3229424
39,3450384,2675792
40,3896080,2478208
41,3941296,3738192
42,3246928,3089312
43,3131536,3064688
44,3720288,2748832
45,3780880,2915088
46,3735456,2798160
47,3422448,3450080
48,3559872,2767696
49,3471008,2762304
50,4044560,3448640
51,3471456,2729744
52,3426608,3340192
53,3986784,2718784
54,3424896,3252864
55,3965232,2963568
56,3385792,2816576
57,3912416,3801568
58,3618800,2962864
59,3509184,2999184
60,4348192,2843472
61,3526016,2746608
62,3466992,2758544
63,3405408,2874544
64,3301376,3417328
65,3357280,2742464
66,3514848,3155616
67,3984400,2658640
68,3224640,3417536
69,3878048,2831280
70,3168416,2724992
71,4096576,3216368
72,3440288,3148576
73,3414352,2714160
74,3878912,3479664
75,3854976,2801344
76,3400576,2608496
77,4134064,3432864
78,3337152,2520752
79,3186080,2553056
80,4066208,2931712
81,3232464,3583520
82,3261200,2815440
83,3035968,3151968
84,3657024,3995056
85,3467536,2843024
86,3774848,3609792
87,4529200,3775968
88,3477904,3103968
89,4006960,3005472
90,4465344,2655232
91,3811296,3379744
92,3722640,2770816
93,3358176,2970992
94,4073120,3107472
95,3432608,3024096
96,3695904,2766336
97,3806656,3563536
98,3683248,3051968
99,3472272,2882880
100,4289264,2716128
101,3759264,3141424
102,3625536,2775728
103,3458960,2742752
104,3812192,3234128
105,3485488,2723792
106,3457248,3482864
107,3892144,2914288
108,3432880,3068272
109,4158208,2918032
110,3565872,3033600
111,3706336,2963552
112,3629088,3114464
113,3703824,2753696
114,3680656,2802080
115,3773936,3346560
116,3475168,2801760
117,3485648,2786720
118,3977536,3185728
119,3514624,3411072
120,3495808,2936144
121,3856880,2950640
122,4136608,2574848
123,3617360,2926048
124,3637696,3219312
125,3287904,3227984
126,3547152,2972400
127,3887968,3002240
128,3953056,2881120
129,3661408,2757280
130,3660544,3288000
131,3565392,2964624
132,3446704,3028480
133,3876224,2701632
134,3569792,3400384
135,3671472,2828912
136,3415040,3082464
137,3985728,2951680
138,3503808,2952608
139,3759712,3022656
140,3586400,3027744
141,3637936,2890624
142,3725568,3401488
143,3665024,3103440
144,3512848,3034928
145,4123328,2854192
146,3825536,2721600
147,3779104,2715104
148,3537904,3298864
149,3417072,2794816
150,3439952,3164048
151,3862800,2638704
152,3518752,3338560
153,3748400,2780160
154,3332976,3586512
155,3983360,2981856
156,3465456,2959776
157,4166144,2941136
158,3645152,3036112
159,3651248,2714112
160,3585440,2970176
161,3760064,3212864
162,3437840,2590240
163,3630016,2823872
164,3896400,3257584
165,3290288,3146912
166,3396912,2896960
167,3921344,3317648
168,3713216,3333648
169,3589808,2955120
170,3988432,3028560
171,4033232,3023808
172,3642432,2684448
173,3726672,2975808
174,3604544,2927328
175,3395616,2849872
176,3677040,2717072
177,3644912,3672864
178,3521424,3125360
179,3392816,2799520
180,4296752,3144848
181,3830784,2843040
182,3513776,3252848
183,3830528,3447776
184,3542064,3467264
185,3908976,3746544
186,4059600,2744800
187,4129488,3274352
188,3827520,2837376
189,3383296,3285552
190,3945488,2795312
191,3554032,3242768
192,3886096,2825216
193,3420304,2906768
194,3942352,3153472
195,3428384,3362256
196,3594976,3484176
197,3822864,3860720
198,3978496,2779840
199,3972768,3557680
200,4244464,3883056
201,3427824,3592320
202,4173648,3516272
203,4570512,2719504
204,3657168,2948688
205,4137200,2439200
206,3388160,3767088
207,3645168,2778432
208,3124464,3244560
209,3843616,2582032
210,3407840,3341776
211,3897344,3286720
212,3305936,2693600
213,3903664,2834352
214,3942576,3750800
215,3306992,2753552
216,3464528,2769920
217,4394496,2819344
218,3326672,3389680
219,3292144,2881728
220,3503056,2852496
221,4021456,2947248
222,3521584,2827392
223,3483856,2883552
224,3628720,3527552
225,3462544,2725776
226,3505632,3072848
227,4063376,3258864
228,3405568,2943248
229,3662064,2768928
230,3919696,3082448
231,3548304,3009632
232,3314480,2771568
233,3756752,2807456
234,3711984,3513056
235,3465616,2720528
236,3460752,3278656
237,4044160,2639360
238,3334816,2919872
239,3992272,2552128
240,3274560,3943696
241,3616880,2646496
242,3215328,3176768
243,4073632,3027984
244,3361184,3132992
245,3868656,2613552
246,3725968,2863072
247,3844816,3318368
248,3297984,3032000
249,3522080,2859136
250,3834064,3150336
251,3707104,3149040
252,3558912,2499968
253,3858928,3352400
254,3812608,2816640
255,3143120,3208176
256,3905408,2819232
257,3495248,3319312
258,3895472,2608720
259,3466624,2959472
260,4016768,2858496
261,3297120,3404976
262,3635968,2606640
263,3445872,3420560
264,4089872,2712016
265,3299200,3314384
266,3983872,2651280
267,3414960,2903296
268,3984112,3416144
269,3358224,2861248
270,3561072,2859552
271,4010528,2515248
272,3550912,3839696
273,3486784,2962192
274,3157248,2608368
275,3936704,3438464
276,3595216,2786592
277,3281120,2874976
278,4112320,3223968
279,3437392,2784768
280,3459168,3216592
281,3897744,3063808
282,3468624,2553248
283,3849072,3497952
284,3750336,3003792
285,3195232,2700224
286,4087424,3294944
287,3595456,2915280
288,3339840,3140192
289,3946640,2438352
290,3532624,3359408
291,3816880,2901680
292,3136512,2900768
293,3942864,3195504
294,3575728,3613600
295,3497120,2752784
296,3827216,2663056
297,4299168,2760512
298,3250960,3053152
299,3213424,3312800
300,3429392,2916560
301,3747456,2694240
302,3965664,2532816
303,3577488,4357440
304,3401216,2949776
305,3150656,3645264
306,4495232,3591360
307,3458944,3166432
308,4091360,3089984
309,4290656,2732048
310,3829872,2833920
311,3769600,2944592
312,3446880,3456208
313,3501808,3201920
314,3551584,2845712
315,4114672,2923808
316,3861680,2846720
317,3591072,2787296
318,3645360,2975392
319,3530800,3004672
320,3464288,2914496
321,3570288,3367888
322,3589296,2668096
323,3490288,3476048
324,4009280,2866848
325,3379552,2899568
326,4079888,2892336
327,3591456,2998448
328,3559168,2728016
329,3566848,3557136
330,3557216,2611424
331,3404352,3571792
332,4185008,3434688
333,3322464,4392032
334,4163568,2789264
335,4101104,3090736
336,4984272,3423136
337,3439200,5139120
338,3781520,4565200
339,4138352,2778336
340,5621312,3378000
341,5127488,2830768
342,3442768,2856928
343,4051856,3227408
344,3541072,3070608
345,3413952,3007248
346,3924096,2990976
347,3569664,2513152
348,3708608,2606752
349,3382368,2999504
350,3210512,3829632
351,3174128,3171168
352,3101968,2997328
353,3843472,2841792
354,3736336,2861280
355,3550224,2856544
356,3541792,3412800
357,3533696,2621680
358,3548848,3191696
359,4084512,2977360
360,3312624,2546960
361,3882976,3479520
362,3633568,3068208
363,3224784,2795920
364,4070736,2934480
365,3704496,2940128
366,3438480,3566848
367,3534608,2605408
368,3575856,3358928
369,4225792,3015488
370,3162880,3148144
371,4029280,2957152
372,3496064,2885680
373,3524784,2824880
374,3524416,3430288
375,3450448,3843088
376,3344640,3399456
377,4109776,2734768
378,4210400,3720848
379,4028864,2835152
380,3435040,3054944
381,4370864,3653648
382,3525856,3176352
383,3697312,3988000
384,4345040,2758864
385,3866800,3286208
386,4655008,2547952
387,3458800,2601376
388,4010016,3112832
389,3252304,3532960
390,3209152,2413568
391,3197216,3696496
392,3545488,3187888
393,3083792,3029200
394,3751216,2494880
395,3849728,2962656
396,3735728,2490400
397,3101184,3161968
398,3498656,3839392
399,3135200,2886288
400,3234672,2729856
401,3942816,3276272
402,3557040,2809344
403,3373744,2812992
404,3973632,3698128
405,3475936,2680592
406,3461008,3319680
407,4347872,2686496
408,3378736,3089552
409,4024704,2645088
410,3210192,3154736
411,3794464,3075776
412,3302304,2825664
413,3856480,2439824
414,3792560,4489872
415,3494384,3491920
416,3088160,3600896
417,4590416,3023184
418,3892192,2972352
419,4216832,3025520
420,3710128,2800656
421,3620128,3379232
422,3688880,2887728
423,3474400,3014032
424,4006160,3046720
425,3524320,2585200
426,3664928,3264784
427,3695728,2783680
428,3255456,3283136
429,3781872,2693504
430,3486048,3651408
431,3850704,2770880
432,3346512,2547856
433,4276224,3259104
434,3495328,2985584
435,3234976,3043280
436,3916208,2754928
437,3672240,3289072
438,3718608,3089968
439,3441648,2918288
440,3906176,2678960
441,3724672,3436048
442,3611104,3335024
443,3319776,2974096
444,4098352,2853600
445,4040544,2858064
446,3689008,2648480
447,3596592,3145200
448,3513216,2620816
449,3357280,3334512
450,3726704,2992976
451,3278384,3436064
452,3998496,2842816
453,3718336,2751920
454,4160240,2838720
455,3522832,3371888
456,3463056,2809072
457,3517472,2929312
458,3987152,3034432
459,3537136,2661968
460,3623184,3460576
461,3708880,2788384
462,3362864,2872256
463,4120080,3452832
464,3435360,2786016
465,3499008,2992096
466,4068016,3051568
467,3448608,3213328
468,3680256,2518096
469,3733936,3042288
470,3894880,3416016
471,3242160,3059712
472,3664864,3072768
473,4060768,2990464
474,3749872,2705104
475,3696800,2693408
476,3660112,3196496
477,3429456,2694400
478,3346480,3338800
479,3803824,3258016
480,3394368,2785024
481,3981456,3144992
482,3948576,2850784
483,3502672,3239056
484,3821872,2748928
485,3545008,3210624
486,3934512,2788992
487,3433232,2706416
488,3891472,3755824
489,3487296,3016768
490,3385216,2624320
491,4431936,2625536
492,3720336,3272784
493,3351440,2788768
494,3289088,3075840
495,3924064,3242992
496,3468512,3059248
497,3687056,5479520
498,3889392,5337104
499,3704144,2914656
500,11143488,3362384
501,6113568,5408992
502,5982336,2198448
503,3658976,2186720
504,4031808,10596416
505,6070576,6731072
506,2715136,4803328
507,2860464,3360000
508,22774064,3555856
509,9295712,3143344
510,7192112,3195952
511,5398032,3254464
512,3808208,3006864
513,3950832,3165136
514,3837472,3040448
515,3944560,3048832
516,3907728,2831136
517,3694112,2943968
518,3887712,3046432
519,3709616,2917536
520,3792400,3305632
521,3551328,2723008
522,3615488,3063152
523,3636816,3111712
524,3624880,2802288
525,3993904,3365856
526,3442192,2710992
527,3777936,2565008
528,3842400,3510736
529,3469968,2679200
530,4051872,3350704
531,3441584,2899824
532,3307616,2433408
533,4146320,3226096
534,3389984,3867552
535,4038176,3285008
536,3614848,3160064
537,3119008,4091712
538,3923872,3111696
539,4511024,3473840
540,3910880,2596960
541,3859840,2607136
542,4700528,2541968
543,3773824,3855344
544,4135472,2827712
545,3164784,3814048
546,3153088,2820656
547,3217856,2546128
548,3915328,2627648
549,3417840,3671440
550,4454624,2699168
551,3400352,2722288
552,3051040,3233760
553,3178320,2669312
554,4317712,3124496
555,3120944,2835360
556,3115424,3424128
557,3881312,2670864
558,3325472,3124240
559,3774560,3019072
560,3472560,3100992
561,4136752,2675056
562,3262208,2956320
563,3746736,3239360
564,3693520,3206656
565,3765456,2715120
566,3352336,3202384
567,3603344,2954048
568,3944896,3550672
569,3866928,2818304
570,3261664,2580272
571,3816688,3145184
572,3608096,3336288
573,4197536,2866160
574,3388768,2975440
575,3133280,2804592
576,3821072,2683568
577,3921344,2462272
578,3227424,3762432
579,3452512,2972208
580,3244480,2301680
581,3320512,3826080
582,3105472,2698880
583,3786832,2440928
584,3592528,3649168
585,2975088,3082112
586,3833568,3636960
587,3258208,2839328
588,3088800,2566912
589,3677952,2782736
590,3707296,3397856
591,4292032,2625440
592,3234720,3600448
593,3047456,2655664
594,3364176,3065440
595,4071680,3061648
596,3225136,2703792
597,4219152,3187888
598,3194464,2697744
599,3658704,3346944
600,3623728,2711616
601,3362096,3024576
602,3785824,3659872
603,3240720,2652128
604,3995456,2768720
605,3251520,3262064
606,3660016,2563872
607,4297216,3169360
608,3077264,3136704
609,3351712,3134704
610,3920272,2582176
611,3245536,3196544
612,3805088,3009584
613,3803712,2986000
614,3779536,3016832
615,3014608,3061200
616,3869024,2742352
617,3644304,2284848
618,3613200,3857120
619,3619248,3050448
620,3709328,3071344
621,3345152,2609376
622,2964192,2549424
623,3958912,3035696
624,3720400,3979440
625,3705056,2745328
626,3190176,2754144
627,3253440,3194160
628,3027344,3068000
629,3990784,3106368
630,3241856,2694144
631,3420144,3069344
632,3848160,3351904
633,3720336,2718096
634,3650976,3185216
635,3288176,3006064
636,3737408,2689824
637,3986992,3172992
638,3197136,3095728
639,3840832,3113936
640,3575616,2786384
641,3256240,2616384
642,3798400,2591792
643,3777760,3040256
644,3775904,3937520
645,3241392,2618736
646,3133952,3069360
647,3125024,3207424
648,3044160,3355472
649,3957744,2677728
650,3232640,3406512
651,3692320,2777264
652,3840416,2936768
653,4005264,2820960
654,3136496,2675840
655,3927184,3374304
656,3317056,2730128
657,3356048,3425888
658,3236464,2809568
659,3298288,2726944
660,4054224,3205968
661,3337696,2827520
662,4058304,3386528
663,3277584,3054608
664,3381424,2495104
665,3794144,3031344
666,3497360,3305984
667,4008880,2490000
668,3529232,3244560
669,3006112,3816400
670,3697200,2458240
671,3978352,2601952
672,3153808,2490448
673,3860480,3549552
674,4454320,3668240
675,3103072,2691872
676,3181984,2852432
677,3194864,2837664
678,3355344,4040144
679,4319440,2653968
680,3140448,3045056
681,3426336,2867696
682,3453552,2791712
683,4707472,2648240
684,3246656,2966016
685,3534832,3142192
686,3337520,2894464
687,3326368,3098736
688,3242160,2270576
689,3589728,3907424
690,3738896,2870896
691,3568992,2810048
692,3730096,3390176
693,2936272,2897424
694,3857440,2964848
695,3428848,3449328
696,3488608,2757904
697,3982672,2593328
698,3366176,3242960
699,3510416,2762224
700,3996912,2862608
701,3316608,3398416
702,3097344,3396128
703,3852656,2705488
704,3439488,2605552
705,3485056,3675088
706,4057152,2731376
707,4008432,3119584
708,3275072,2732000
709,3233696,2856896
710,4304080,3284224
711,3259856,2513056
712,3678240,3130928
713,3273472,3304368
714,3361936,2770560
715,3940416,3180112
716,3039600,2664464
717,3812000,3144912
718,3927520,3484944
719,3382496,2802816
720,3841968,3048528
721,3232336,2788848
722,3822192,3036432
723,4152896,3067056
724,3228976,3104240
725,3355024,2950176
726,3258672,2746592
727,3691840,3628208
728,3599632,2583408
729,3493104,2596256
730,3377632,2960256
731,3208960,3020880
732,4296944,3312912
733,3128720,3488976
734,3215920,2757360
735,3534640,2926560
736,3617248,2577648
737,3986112,3592112
738,4159456,2803360
739,3257456,2598304
740,3429888,3776608
741,3032064,2817760
742,4225600,2778096
743,3240832,3105232
744,3106192,3477088
745,4422944,2568704
746,3364032,2776144
747,3385536,2650240
748,3743456,3018416
749,3961312,3184368
750,3157360,3314880
751,3257520,3972816
752,3237584,3251216
753,3683616,3276000
754,3779936,2473760
755,3996064,3034032
756,4440384,3225824
757,3953984,3328320
758,3909424,2710368
759,3121344,3547856
760,3737136,2704640
761,3754176,3143472
762,3980080,2851424
763,3339088,2696000
764,4138400,3369360
765,3364224,2545728
766,3736640,3082608
767,3523728,3238016
768,3374592,3352288
769,3997200,1828928
770,3166752,2664992
771,3700096,3866800
772,3885424,3329072
773,4026976,3010032
774,2480496,2933648
775,3291808,2597936
776,4125264,3524000
777,3942272,2556752
778,3668800,3476816
779,3456704,2912192
780,3263776,3172640
781,4096672,3132560
782,3177376,2465088
783,4103760,3050768
784,3558848,2864560
785,3845984,3344224
786,3808720,2660032
787,3207792,3522256
788,3665344,2589712
789,3437856,3407536
790,3982016,2760784
791,3364208,3064416
792,4181120,2943008
793,3323616,2723904
794,3982032,3057184
795,3513440,3356048
796,3781920,2924320
797,3607024,2783392
798,3450624,3471728
799,3728944,2786288
800,4008752,2894496
801,3578624,3412112
802,3490304,2821120
803,4055392,2802320
804,3491200,2778592
805,3574576,3518336
806,4143168,2906928
807,3524448,2879344
808,3553584,2931568
809,3454000,2681328
810,4104912,3048560
811,3593360,3360288
812,3623424,2895632
813,3566016,2991456
814,3396592,2561344
815,3726272,3158576
816,3944224,3373936
817,3566720,2906176
818,3587888,2671344
819,3266512,3109856
820,3904224,3088272
821,3989728,3772496
822,3603296,2698032
823,3361648,2838688
824,3762896,2800304
825,3652240,2714496
826,4405216,3463296
827,3347104,2674144
828,3543120,3467392
829,3530064,2741344
830,3410624,2747920
831,4107792,3525184
832,3363152,2788736
833,4048448,2700448
834,3464864,3521856
835,3452832,2719600
836,4120288,2786528
837,3466304,2956576
838,3449424,3518224
839,4084592,2694896
840,3365968,2684128
841,3433296,3094624
842,3567712,3419392
843,4111376,2911776
844,3330096,2716464
845,3387232,3460720
846,3760032,2955760
847,3980656,2853328
848,3662800,2767408
849,3357712,3376592
850,4069776,2767792
851,3675552,2996048
852,3562560,3214000
853,3433648,2608352
854,3986240,2953552
855,3481024,3455776
856,3696480,2793200
857,3882160,2748672
858,3312320,3294512
859,3553504,2674000
860,4053088,3490992
861,3495808,2823152
862,3451472,2591776
863,3880576,3322208
864,3369744,2524640
865,4131040,3591648
866,3567488,3108608
867,3305632,2789696
868,3931920,3040720
869,3249632,3185760
870,4302416,2867664
871,3795856,3018032
872,3527232,2898800
873,3735552,3095728
874,3885968,3072768
875,3604672,2865168
876,3688912,3271952
877,3563216,2728288
878,3786336,2732512
879,3695264,3265840
880,3598480,2622544
881,3989024,3171280
882,3428288,2895536
883,3363168,3267232
884,3880704,2792256
885,3304352,3281024
886,3815088,2948336
887,3484608,3221520
888,3896416,2740608
889,3462064,3238080
890,3859792,2577904
891,3641840,2919744
892,3939968,3293536
893,3493968,3700448
894,3982496,3489360
895,3313296,3084784
896,3555792,3683056
897,3941584,2379232
898,4383568,4122832
899,4173152,2666768
900,3826880,2743216
901,3791712,3378720
902,3026720,2902160
903,4230000,2955840
904,3326080,3079296
905,3454592,3134080
906,4057392,2757584
907,3607248,3337440
908,3641280,2607568
909,3759552,3000816
910,3870656,2770416
911,3412896,3400496
912,4025248,2604032
913,3317200,3248176
914,3711136,2446640
915,3388176,3489856
916,3993536,2451072
917,3354304,2989072
918,3870480,3343248
919,3071776,2686112
920,3580736,2992208
921,3128064,3944256
922,3204304,2367712
923,3456608,3647456
924,3283584,2970704
925,3137504,2679184
926,4017600,2294432
927,3078160,3020576
928,4258768,4067872
929,3634576,2630848
930,3352896,3076688
931,3013040,3065936
932,3151472,3576448
933,4137296,2713904
934,3275440,2482496
935,3819584,2363440
936,3745040,3623952
937,4302064,2466592
938,3249824,2986192
939,3046672,3726400
940,3064736,3197024
941,3656288,2884944
942,3134832,2528032
943,3091440,2741888
944,3821840,3898768
945,3872384,2952848
946,3567120,2850608
947,3216368,3156272
948,3348896,3360688
949,4101600,2556560
950,3648976,2874560
951,3454976,2876304
952,3901632,3294144
953,4059296,2758896
954,3109664,2382560
955,3532656,2982720
956,3568864,4005232
957,4007968,2595632
958,3382736,2742128
959,3133792,2676736
960,3093680,3623632
961,4126912,3077456
962,3129984,3024832
963,3450992,3041504
964,3263104,2986848
965,3766240,2621456
966,3824416,3395184
967,3738752,2756160
968,3727184,3437904
969,3709968,2550848
970,3323088,3177248
971,3924784,3052176
972,3508944,3136816
973,4123824,2593088
974,3193264,2495520
975,3867136,3584208
976,3750656,3719472
977,3847824,2825296
978,3294848,2712560
979,3238864,2696704
980,3696000,3180464
981,4270016,3082496
982,3428512,2659824
983,3223440,3259984
984,3355920,2614384
985,3877840,3458224
986,3766096,2713920
987,3374080,3391936
988,3940896,2862832
989,3313696,3020672
990,4013184,3287696
991,3306336,2837600
992,4064320,2994080
993,3415776,2641520
994,3750720,3809248
995,3969200,2912912
996,3300832,3735888
997,3701152,3773888
998,3344064,2864368
999,4457936,2795808
1000,3498544,3016400
1001,4101184,2768304
1002,4516960,3352784
1003,3563856,3281536
1004,3537296,4141184
1005,3642064,5508704
1006,3444816,3381696
1007,3793136,2891280
1008,3965520,5141216
1009,4834368,2728704
1010,5618000,2961264
1011,4107232,4478192
1012,3587648,4375248
1013,5861552,4909328
1014,3364208,3766992
1015,3696528,3179184
1016,5042656,3809024
1017,5083664,4879856
1018,4263200,2989184
1019,4363552,4361280
1020,3891520,3223904
1021,4470896,6479248
1022,5622608,3474784
1023,3194464,2858880
1024,4406896,3716576
1025,2853104,2700992
1026,6957344,2773696
1027,4203152,3249680
1028,3378336,2686704
1029,4331536,3053488
1030,3333744,2626848
1031,3503264,4041456
1032,3946608,2887872
1033,3416928,2537360
1034,3777360,2699840
1035,3302880,3208720
1036,4699968,2857504
1037,3499024,3076640
1038,3282304,3340288
1039,3384672,2948672
1040,3793776,2785232
1041,3535440,3138016
1042,3734560,2858112
1043,4058080,2935360
1044,3660704,3197520
1045,3486144,3127744
1046,3830016,2862272
1047,3580496,3020016
1048,3636640,2846320
1049,3930400,2920080
1050,3841472,3272928
1051,3567008,2767584
1052,3713152,2825824
1053,3563984,3270928
1054,3597504,3085312
1055,3954736,2825312
1056,3503744,3324848
1057,3559856,2654208
1058,3839232,3110080
1059,3791840,3042592
1060,3532784,2700176
1061,4067280,3405456
1062,3324880,2810864
1063,3818112,2733808
1064,3758880,3318208
1065,3418624,2746064
1066,4005312,2665168
1067,3550560,3220416
1068,3434432,3360224
1069,3939648,2631504
1070,3474640,3299728
1071,3239568,3294240
1072,3965792,2852400
1073,4025360,2680832
1074,3348448,3360208
1075,3950720,2577888
1076,3962480,3386048
1077,3530400,2592336
1078,3383392,3306272
1079,3979776,2952112
1080,3316400,2999008
1081,3945840,2821488
1082,3298416,3231632
1083,3914208,3140560
1084,3653600,2552688
1085,3666624,3305216
1086,3519584,2767312
1087,3849728,3290688
1088,3831920,2606752
1089,3279120,3529216
1090,3957856,2716544
1091,3459424,3038256
1092,3895200,3045136
1093,3295856,2848224
1094,4189328,2735392
1095,3433424,3574832
1096,3711456,2830416
1097,3733808,2678208
1098,3520496,3285152
1099,3383360,2709040
1100,4204288,3313696
1101,3574304,3421424
1102,3359728,4619392
1103,3900080,3205904
1104,3370640,2617744
1105,3961696,3490336
1106,4044160,2591008
1107,4961760,2465936
1108,3917952,4007328
1109,3324560,2488768
1110,4189648,3167424
1111,3245808,2405952
1112,3128784,3553120
1113,4191184,2402464
1114,3121168,3038336
1115,3879456,2805696
1116,3152496,3032128
1117,3615360,3887424
1118,3136096,2940784
1119,3177152,2621600
1120,2978784,2644464
1121,3271456,3378976
1122,4006672,2595184
1123,3639744,3021568
1124,3333216,3788704
1125,3266960,2754256
1126,3581232,3442304
1127,3181904,2372640
1128,3200304,2670320
1129,3999472,3768944
1130,3458112,3317952
1131,4099088,2820272
1132,3036832,2991216
1133,3287024,3043952
1134,3909536,2400464
1135,4038608,3486160
1136,3372352,2645216
1137,3685184,2541040
1138,3734544,3535712
1139,3137120,3308528
1140,4087136,2434464
1141,3303440,2738512
1142,3254688,3672560
1143,3654480,2347024
1144,3974016,3644512
1145,3146880,2984160
1146,3350064,4502000
1147,3785040,3566848
1148,3068352,2606608
1149,3799680,3446560
1150,3678720,2776896
1151,5173872,2716256
1152,4167040,3341696
1153,3279552,2678720
1154,4004480,3243392
1155,3514128,2993712
1156,3416368,3195104
1157,3897312,2828784
1158,3373024,3010752
1159,3916704,3152864
1160,3672096,2790416
1161,3777088,2941488
1162,3551552,3123776
1163,3722432,2968352
1164,3761104,2633072
1165,3534016,3154688
1166,3617232,3613680
1167,3809264,2880384
1168,3652160,2776944
1169,3279904,2903440
1170,3718976,2655424
1171,4214256,3328480
1172,3622800,2740400
1173,3442288,3510720
1174,3578368,2752992
1175,3327088,3407024
1176,3955264,2759056
1177,3482032,2890560
1178,4106864,2445648
1179,3473232,3239696
1180,4159856,3454128
1181,3508016,2775952
1182,3567376,3352768
1183,3148416,2677024
1184,3940048,3104656
1185,4070336,2813504
1186,3477360,3187536
1187,4084160,2713968
1188,3392144,3280224
1189,3857072,2881888
1190,3546080,3198912
1191,3810976,2917200
1192,3367168,2853904
1193,3857488,2784048
1194,3587904,3122256
1195,3925680,3235968
1196,3562480,2921584
1197,3572800,3456016
1198,3483232,2555312
1199,3764352,3018528
1200,3877328,2500896
1201,3632016,3567792
1202,4136912,2601760
1203,3306736,3523840
1204,3696208,2615904
1205,3210176,3237568
1206,4292224,3022912
1207,3341248,2931536
1208,4172384,2638128
1209,3348176,3388896
1210,3853152,3119344
1211,3727088,2626224
1212,3587504,2759776
1213,3328416,3406352
1214,4037840,2612480
1215,3801504,3260880
1216,3325568,2928784
1217,3300304,3634736
1218,4129376,2651984
1219,3348720,2979760
1220,4004544,2753952
1221,3576464,2863024
1222,4239120,6630320
1223,3360704,3505312
1224,3641680,3279296
1225,3433456,2641040
1226,3488000,3097952
1227,7279696,3092368
1228,4118912,2934512
1229,3869680,3527536
1230,3319344,2744368
1231,3772080,2775040
1232,3663840,2858256
1233,3552480,3321632
1234,4171632,2908336
1235,3453568,2713968
1236,3511136,3310864
1237,3486112,3297504
1238,3948576,2687184
1239,3582912,2756048
1240,3432368,3097872
1241,3958080,3229680
1242,4049648,3260528
1243,3404080,2853392
1244,3445936,2986560
1245,3740448,2814960
1246,3802880,2826016
1247,3942112,3265200
1248,3567600,2903360
1249,3656640,2924592
1250,3517360,2771376
1251,3578640,3352784
1252,3895104,2540160
1253,3560640,3215472
1254,3677728,3264928
1255,3455200,2793424
1256,3951600,3249968
1257,3222624,2731456
1258,3944160,2730992
1259,3819408,3362560
1260,3442912,2791968
1261,3857968,3030544
1262,3412800,3056560
1263,3282288,2986512
1264,4083376,3067248
1265,3431840,3170784
1266,3710032,2678240
1267,3683328,3348288
1268,3655152,2690816
1269,3653472,3502832
1270,3815984,2837904
1271,3377952,2495136
1272,3986096,3164784
1273,3383616,3102768
1274,4125968,3396512
1275,3528416,2825360
1276,3216896,3031872
1277,3918688,2384144
1278,3756432,3597504
1279,4017520,3090288
1280,3538752,2604208
1281,3714416,3377744
1282,3065440,2806128
1283,4284816,2859408
1284,3678752,3227472
1285,3245328,2949216
1286,3979088,2978992
1287,3472032,3085744
1288,3501696,2703360
1289,3811952,3458928
1290,3577200,3003872
1291,3623824,2814944
1292,3741760,2676240
1293,3324624,3362144
1294,4074080,2660800
1295,3597424,3380192
1296,3473216,2821920
1297,3309488,3228448
1298,3992544,2826192
1299,3286128,2680512
1300,3922528,3399760
1301,3458896,2659824
1302,3890000,2948528
1303,3482640,3516064
1304,3339616,2561040
1305,4072384,3240992
1306,3289648,2740896
1307,3580048,3225584
1308,4120672,3085328
1309,3226128,2498336
1310,3834464,3434896
1311,3405040,2729408
1312,3800176,3377648
1313,3761248,2570800
1314,3138160,3419008
1315,4036544,2635840
1316,3384688,3271616
1317,3992528,2730448
1318,3201216,3575248
1319,4041168,2755264
1320,3243376,2946608
1321,3834544,3056736
1322,3369440,2658096
1323,4219840,3608576
1324,3406496,2772624
1325,3547616,2733664
1326,3717248,3516528
1327,3290112,2452976
1328,4235280,3178576
1329,3427584,3272560
1330,3379920,2535088
1331,4108096,3716224
1332,3158576,2593376
1333,3789840,2601664
1334,4013808,3144224
1335,3241376,2981696
1336,4317216,3410432
1337,3334592,2800224
1338,3276208,2645392
1339,3819952,3124832
1340,3638592,3029152
1341,4017712,3374400
1342,3511424,2360032
1343,3357872,3240288
1344,3771264,2782992
1345,3623904,3472704
1346,4000544,2723536
1347,3087184,3381600
1348,3992560,2885120
1349,3372000,2502336
1350,4161856,4206080
1351,3421104,2989008
1352,3947088,2541200
1353,3590048,2732320
1354,3198160,2652208
1355,4941824,3363312
1356,3565232,2747392
1357,3219056,3188640
1358,3447200,3029184
1359,3326048,3120896
1360,4019408,2764752
1361,3385520,3439584
1362,3746128,2709584
1363,3780928,3051232
1364,3775280,2626240
1365,3422848,3509616
1366,4110608,2678416
1367,3412992,3388272
1368,3728704,2910768
1369,3284064,2793680
1370,4142928,2804192
1371,3430960,3173392
1372,4050784,3416704
1373,3591728,2717152
1374,3476720,2975792
1375,3556240,3039648
1376,3751808,2939376
1377,4160112,2987328
1378,3270656,2678256
1379,3665712,3592416
1380,3701584,2922272
1381,3623600,2590992
1382,3689376,3488096
1383,3333152,2714880
1384,4248848,2999488
1385,3576128,2701152
1386,3296608,3285648
1387,4091376,3033760
1388,3361632,2865344
1389,3680944,2778064
1390,3386288,3236848
1391,3945568,2896144
1392,3624400,3667840
1393,3542320,2753120
1394,3455792,2590144
1395,3877568,2921072
1396,3544432,3292144
1397,4283888,2729200
1398,3462032,3453152
1399,3300864,2779920
1400,3472704,3011968
1401,3863888,3031536
1402,3427056,2720704
1403,4015328,3446864
1404,3472848,3077312
1405,3692752,3003536
1406,3730096,2819216
1407,3431184,2643712
1408,4060560,3444864
1409,3812096,2860384
1410,3713824,2983264
1411,3445968,2789552
1412,3352096,3481696
1413,4110112,2753952
1414,3582944,3007680
1415,3641456,2682448
1416,3429264,3311760
1417,4102112,2479024
1418,3445648,3329248
1419,3714176,3315776
1420,3344432,2904624
1421,3929904,2584144
1422,3215664,3322736
1423,4082864,2706320
1424,3976704,3046896
1425,3646272,3507888
1426,3319440,2829952
1427,3982384,3192192
1428,3390752,2767920
1429,3719984,3256336
1430,4126144,2454656
1431,3546080,3347344
1432,3914368,2945648
1433,3502016,2736896
1434,3949952,3311504
1435,3161248,2381968
1436,4015808,3539984
1437,3605424,2726960
1438,3404672,3294672
1439,3910336,2749088
1440,3095520,3407952
1441,4054832,2808288
1442,3294000,2526096
1443,3959600,3233520
1444,3405280,3282288
1445,4056000,2587520
1446,3544256,3390304
1447,3201328,2756624
1448,3973312,3309936
1449,3860816,2537568
1450,3308880,3324128
1451,4048304,2769440
1452,3458032,3305392
1453,3906368,3416768
1454,3270688,2687744
1455,3954112,2874736
1456,3512688,2721904
1457,3944336,3305088
1458,4120064,2665200
1459,3423616,3275648
1460,3583824,2696960
1461,3416736,3376688
1462,3896848,2610528
1463,3312784,3527952
1464,3941392,2705344
1465,3360160,3336464
1466,4028880,2837136
1467,3323056,2707968
1468,4199040,3373616
1469,3429584,2848416
1470,4044512,2774640
1471,3590720,3293440
1472,3446448,2749120
1473,3997552,3653712
1474,3562576,2618944
1475,3469136,2654400
1476,3880944,3295520
1477,3441888,2743712
1478,4246656,3168944
1479,3322064,3335616
1480,3360688,2760560
1481,3949936,3013536
1482,3368448,2753392
1483,3796608,2896208
1484,4076320,3321232
1485,3493088,2661184
1486,3679616,3522704
1487,3441392,2737184
1488,3515728,3247072
1489,3951328,3165888
1490,3366608,2710160
1491,4161472,2544448
1492,3490848,3351776
1493,3988448,2536768
1494,3909952,3524016
1495,3387808,2652544
1496,3283456,3553840
1497,3971600,2760192
1498,3225728,2995600
1499,4226224,2994944
1500,3366128,3056672
1501,4170352,2742816
1502,3449440,3670960
1503,3703968,2890048
1504,3556464,3112000
1505,3723712,2861872
1506,3331232,3072880
1507,4342736,2955392
1508,3589552,2725104
1509,3826480,2678624
1510,3553344,3467888
1511,3751184,2458480
1512,3669984,2992544
1513,3431904,2982704
1514,3357312,3320432
1515,4046528,3237552
1516,3172992,3742816
1517,3668176,4227616
1518,3664512,2070544
1519,3831264,4397344
1520,3959920,4604624
1521,4429920,3484304
1522,4884048,3568064
1523,2749392,3248784
1524,4334720,3109504
1525,4776256,2970272
1526,4191184,3008480
1527,4153120,3464880
1528,13652752,4322320
1529,3759856,3232896
1530,3714016,3106992
1531,3633184,3313696
1532,3570816,2758416
1533,4073200,2997856
1534,4895712,2964144
1535,3868800,3145072
1536,3726608,3169952
1537,3821040,3921872
1538,3288736,3058864
1539,3437680,3334320
1540,3416304,2974928
1541,3603632,2733616
1542,3694368,3734208
1543,4285552,2741840
1544,3578960,2753488
1545,3929776,2530480
1546,3586704,3088496
1547,3363264,3362288
1548,4213712,2703552
1549,3322992,3021040
1550,3411728,3445472
1551,3208656,2598720
1552,3700224,3389744
1553,3989440,2753904
1554,3375344,3040576
1555,3587712,2761312
1556,4040176,3454528
1557,3258544,2887600
1558,4009632,2622016
1559,3421584,3363344
1560,3739872,3149248
1561,3427984,2843264
1562,4015984,2763248
1563,3530160,2910864
1564,3253088,3454752
1565,3995328,2752672
1566,3758752,3158096
1567,3490704,3226688
1568,3305712,2629472
1569,3512304,3212336
1570,4079312,2872528
1571,3417744,2492736
1572,3803600,3275296
1573,3832128,2762320
1574,3293040,3231136
1575,3889520,2896608
1576,3520816,3453296
1577,3169920,2860000
1578,3991760,2775888
1579,3252224,3552688
1580,3807136,2818048
1581,3468368,2813616
1582,3976032,2994896
1583,3534112,3346640
1584,3415968,2772688
1585,4148512,2622320
1586,3486800,3485248
1587,3462112,2758832
1588,3648464,3095360
1589,4003424,2873056
1590,3431104,2785744
1591,3252480,3377840
1592,4148096,2863072
1593,3399232,3140512
1594,3807408,2831808
1595,3487968,2886720
1596,3470624,3482448
1597,4003056,2785744
1598,3457712,2722752
1599,3805824,3195712
1600,3449104,3039536
1601,3582400,3007760
1602,3986480,3115456
1603,3419456,3050208
1604,3347648,2878192
1605,3778608,2873888
1606,3705184,3143408
1607,3627296,2981760
1608,3792320,2676480
1609,3699408,3452640
1610,3534064,2774768
1611,3463040,2799072
1612,3806544,3249376
1613,3607008,2909392
1614,3312128,3162128
1615,4051488,2680640
1616,3419520,3658688
1617,3476976,2593744
1618,3851200,2673184
1619,3515568,3284400
1620,3808240,2544080
1621,3289712,2825040
1622,4284304,3259504
1623,3308528,3379760
1624,3302720,2802992
1625,3895216,3271568
1626,3196688,3640720
1627,3535552,4469280
1628,3936992,3105072
1629,4000528,2738816
1630,3446592,3394832
1631,3899312,2644464
1632,4260880,2948416
1633,5001632,3132528
1634,3767456,3140848
1635,3312064,2829824
1636,3971184,3205008
1637,3318704,2856976
1638,3523536,2815888
1639,3786592,3184288
1640,3789792,2976432
1641,3488848,2790992
1642,3831744,3229536
1643,3416144,2824176
1644,3461584,3231776
1645,3857504,3096224
1646,3641760,2759664
1647,3461136,2727360
1648,3944032,3118080
1649,3481184,3360672
1650,3873792,2669952
1651,3744096,3187296
1652,3360720,3118352
1653,3335904,3085200
1654,3751072,3078800
1655,4020896,2642992
1656,3337712,3651792
1657,3835872,3091440
1658,3791264,2976000
1659,3749312,3235520
1660,3686704,3698352
1661,3145120,3337664
1662,4253264,2443168
1663,3636224,3127712
1664,3429968,3123472
1665,3574128,3293056
1666,4231408,2945776
1667,3885952,2701184
1668,3060256,3294752
1669,3823904,2641680
1670,3738416,3163424
1671,3884304,3209264
1672,3585872,3091776
1673,3304144,2593872
1674,3969264,3265792
1675,3306096,2791424
1676,3835472,3313072
1677,3822128,2495328
1678,3765712,3182576
1679,3230304,3283168
1680,3871376,2691680
1681,3443616,3312720
1682,3890048,2604736
1683,3129984,3372800
1684,3793328,2607168
1685,3849504,3446512
1686,3366656,2890864
1687,3868368,3465008
1688,3283536,2990832
1689,4002400,3351744
1690,3265696,4651920
1691,4065232,3242624
1692,3498000,4294080
1693,4118192,2796688
1694,3673440,4260208
1695,4055520,4094592
1696,5212624,3242640
1697,3869856,3168944
1698,4799920,2780144
1699,3439984,3464560
1700,4807344,3330160
1701,4739936,3608608
1702,3877824,3783200
1703,3547728,4709472
1704,3225200,4846368
1705,3989296,3296544
1706,3877520,3449584
1707,4210064,3233120
1708,4311872,4013920
1709,5212816,3691600
1710,5310768,2634720
1711,3773856,3088272
1712,4071520,3323808
1713,3832816,2544800
1714,4689600,2724016
1715,4305440,6248880
1716,3109536,4044592
1717,3725472,2746896
1718,3958304,2916832
1719,3133200,3939440
1720,3331552,3033936
1721,6831280,2744176
1722,3883616,2543744
1723,3291728,2802656
1724,3512240,3266576
1725,4497344,3122992
1726,3598752,2859712
1727,3235472,2877200
1728,3141040,3613440
1729,3422048,3742304
1730,3886576,3470336
1731,3730272,2537712
1732,3288720,3649088
1733,3465184,3004416
1734,4025120,2875872
1735,4160544,3134448
1736,4064736,3068672
1737,3198496,2922048
1738,4230080,2981296
1739,3539968,2918656
1740,3543808,3082976
1741,3749072,3618240
1742,3716720,1916960
1743,3637376,3427680
1744,3627664,2998480
1745,3590960,2844848
1746,3655792,2646032
1747,4291104,3553840
1748,2644960,2990512
1749,4031856,2757248
1750,3658992,3083680
1751,3506720,2976384
1752,3288608,3030016
1753,4207216,3003104
1754,3636784,2743664
1755,3435744,3233376
1756,3688080,3033312
1757,3381088,3044176
1758,3679664,2962592
1759,3580544,3021392
1760,3374864,2711872
1761,3829136,3673376
1762,3614848,3037408
1763,3687152,3234080
1764,3575488,4502256
1765,3659344,4782992
1766,3351376,5338480
1767,4270112,2644672
1768,3692304,3181680
1769,3937776,2793648
1770,4958672,3327888
1771,5381120,3198272
1772,5779376,3153216
1773,3210160,2977184
1774,3824000,2782160
1775,3466704,2901008
1776,3980832,2736944
1777,3866096,3461632
1778,3572112,3001936
1779,3579024,2549664
1780,3389072,2914384
1781,3528784,3169984
1782,3323536,3012912
1783,4042384,2933168
1784,3416256,3235760
1785,3062896,3163024
1786,3434000,2546176
1787,3830432,3450384
1788,3659328,5163424
1789,3503520,4330896
1790,3847424,3119280
1791,3734928,3204416
1792,3061024,3143696
1793,4084432,2620240
1794,5724144,2869840
1795,4728304,3149008
1796,3786080,3099840
1797,3831616,3804864
1798,3708992,3908656
1799,3280784,3850192
1800,3465104,3725376
1801,3859744,3723392
1802,3734176,3292256
1803,4335296,3959184
1804,4418000,3718000
1805,4442512,2894368
1806,4192992,3694400
1807,3377664,3441472
1808,3878768,3270000
1809,4451168,4048304
1810,4325072,3085072
1811,3553568,2902384
1812,4308848,2668992
1813,4064624,2828128
1814,3298000,3149152
1815,3996368,2853792
1816,3538768,5424384
1817,3449440,3069824
1818,3201104,5954160
1819,3497904,3715072
1820,3791312,3150640
1821,3481856,6200272
1822,6083376,6094000
1823,3779552,5666944
1824,6486880,6150592
1825,4390096,3720192
1826,3788240,3850752
1827,6829616,3236480
1828,6548112,3120480
1829,6200672,2951200
1830,5089376,3842832
1831,4411568,3866800
1832,3381824,3024672
1833,3895408,2550832
1834,3655648,3777952
1835,3545648,5080192
1836,4423584,5481408
1837,4380336,7308720
1838,3628176,5919648
1839,3186192,6324736
1840,4309056,4062736
1841,5301552,5923408
1842,5479344,3520448
1843,8011616,3480336
1844,5642976,5489344
1845,6973008,4355456
1846,4693248,2762752
1847,6535968,2566816
1848,4044000,6153760
1849,4120352,7771904
1850,6199520,3203904
1851,4862608,3416320
1852,3397872,4008656
1853,3151792,4609168
1854,6787104,2847616
1855,7554192,2777232
1856,3818080,2914128
1857,4004048,2849120
1858,4689888,3199808
1859,4584272,2789536
1860,3337792,2756512
1861,3272304,3564912
1862,3530496,3010528
1863,3442336,3014960
1864,3868288,2864928
1865,3445424,3075248
1866,3428912,2675600
1867,4214736,3564144
1868,3510624,2925536
1869,3308096,2712192
1870,3383920,2655568
1871,3698864,3259328
1872,3201600,3252752
1873,4233344,2791072
1874,3543280,2930816
1875,3290480,2752528
1876,3235824,3275616
1877,3938752,2767520
1878,3892032,3316896
1879,3294496,2803616
1880,3465536,3569504
1881,3355984,2614704
1882,3920720,2684880
1883,3413280,3246352
1884,3931152,3216448
1885,3458064,2600976
1886,4230544,2925728
1887,3153808,2406800
1888,3236304,3645584
1889,3848896,3351248
1890,3844864,2537584
1891,3164400,3250480
1892,3290672,3577280
1893,3025856,3961792
1894,3716320,3529600
1895,3989584,2744480
1896,3181104,3288384
1897,3917968,2720272
1898,4252704,2460672
1899,4429088,3532576
1900,4111920,2667984
1901,3414224,3611520
1902,3968448,2911520
1903,3377664,2805120
1904,3065888,2532016
1905,4249632,3495328
1906,3273904,3127456
1907,4259120,2895840
1908,3508304,3226848
1909,3466000,2883008
1910,3191536,2866928
1911,4083968,2965344
1912,3746992,2597808
1913,3572576,3106528
1914,3799536,3243584
1915,3552336,2681728
1916,3537328,3552960
1917,3555136,2819808
1918,3262960,2518928
1919,3773072,3380800
1920,3871552,2720336
1921,3328240,3017344
1922,4160928,3059392
1923,3482624,3255664
1924,3195792,2788800
1925,4097584,2992016
1926,3403104,3280528
1927,3648656,2619440
1928,3694848,3161840
1929,3895296,3485776
1930,3456784,2858064
1931,3652976,2923104
1932,3852480,2884528
1933,3297424,3114768
1934,3830528,2701520
1935,4088960,3295888
1936,3481760,2930048
1937,3574496,2499248
1938,3481856,3450832
1939,3787120,3031296
1940,3340992,2500320
1941,3904352,3542752
1942,3554256,2640656
1943,3120128,3388656
1944,4157632,2728880
1945,3587216,3212368
1946,3140448,2638528
1947,4256592,3362176
1948,3273760,2657696
1949,4056320,3273040
1950,3327104,3258624
1951,3813728,2706944
1952,3242256,3100352
1953,3964176,2503424
1954,3309520,3542768
1955,3940528,2993504
1956,3912544,2781088
1957,3378224,3207696
1958,3790656,2622320
1959,3128688,3426464
1960,4253520,2888240
1961,3599600,3182896
1962,3408496,2888880
1963,3832416,2596352
1964,3289584,3417056
1965,4054416,2879888
1966,3502048,2865440
1967,3848800,2973136
1968,3549344,3322544
1969,3230816,2685984
1970,4075904,3303088
1971,3496752,2674912
1972,3522800,3527744
1973,3496336,3510912
1974,3946320,3251872
1975,3303904,4263696
1976,3872544,2649024
1977,3284128,3202608
1978,4096784,2824592
1979,4155248,3261216
1980,3800880,3488960
1981,4869520,2717152
1982,3321856,2835856
1983,3869888,3114560
1984,3500752,2681952
1985,3933440,2978416
1986,4135360,3279872
1987,3335824,2633488
1988,3315328,2429984
1989,3688192,4351360
1990,3287456,3204400
1991,3535328,2910608
1992,3910512,2707808
1993,3201696,2854656
1994,3096688,0
1995,4412976,0
1996,3678944,0
1997,3518256,0
1998,3198320,0
1999,3365248,0
===CSV_END===
=========================================
HI_NET_PING_DONE run=10
