HI_NET_PING_START run=17
Probes: 2000  |  Protocol: UDP  |  Period: 1 ms  |  Msg: 64 B
hi_net_ping: sending HELLO to 127.0.0.1:5002 (protocol=UDP)...
[echo] HELLO — protocol=UDP  n_probes=2000
[echo] HELLO_ACK sent
hi_net_ping: HELLO_ACK received
[echo] run #17 — echoing probes
hi_net_ping: starting ping-echo loop (2000 probes at 1 ms)...
========== HI_NET_PING RESULTS ==========
Probes sent:        2000
Echoes received:     325
Lost (no echo):     1677 (83.850%)
RTL (us):
Mean: 3939.161    Std dev: 1945.422
Min:  2246.112    Max:     35902.976
P50:  3695.200    P95:     5265.040
P99:  6688.080    P99.9:   35902.976
IAJ (us):
Mean: 3225.973    Std dev: 818.602
Min:  1531.856    Max:     9822.592
P50:  3046.112    P95:     4796.672
P99:  6118.784    P99.9:   9822.592
===CSV_START===
index,rtl_ns,iaj_ns
0,6474832,4468032
1,3911632,2555712
2,3135312,2583856
3,3237728,2364720
4,3091200,2889296
5,3014736,3639552
6,3753104,3108640
7,3750576,3348064
8,4014144,4581424
9,4869040,3123200
10,3840080,2842384
11,3502528,3563632
12,4223536,2784288
13,3504768,2965040
14,3655328,3054176
15,3734112,3296752
16,3954704,2912048
17,3561648,3310320
18,3910160,3358224
19,4010320,4226384
20,4299392,2806016
21,3442656,3157936
22,3744000,2801696
23,3426528,2794800
24,3407168,3014016
25,3713552,3261920
26,3948528,3223536
27,3886432,2966832
28,3589632,3009296
29,3275808,2477632
30,3157088,3134672
31,3804384,3058944
32,3763056,3011472
33,3662704,4438448
34,5083344,3693664
35,4285712,2862784
36,3539760,2668848
37,3371152,5177040
38,10397264,7488848
39,5551488,5075696
40,5881760,3631776
41,4734288,3070752
42,4330432,3320656
43,3756608,4308960
44,3974928,5403264
45,35902976,3943072
46,4726704,3924528
47,5476208,2131488
48,4695808,3089936
49,4117792,2975424
50,2839552,2931408
51,3176912,3181472
52,3062992,4289856
53,3133248,3886784
54,3284912,3837616
55,4175616,1838016
56,4457456,3137424
57,4328992,3697280
58,2546000,6090112
59,3288448,4994880
60,4121648,5196720
61,6677568,3559136
62,5638864,2413792
63,3983808,1617504
64,4252944,1587184
65,3095856,1608176
66,2360672,3447408
67,2338688,3148704
68,2361456,3356288
69,4200368,2800576
70,3705216,3163936
71,4025664,2808640
72,3493616,3139168
73,3901888,2545328
74,3511024,3073024
75,3801888,3025376
76,3230944,3224192
77,3704512,3138112
78,3646992,2718976
79,3801600,2954048
80,3876240,4633760
81,3394848,4525632
82,3585472,3825536
83,5265040,3191104
84,4240224,4796672
85,4470048,3470112
86,3055184,3989472
87,5426832,3421936
88,3860416,3725440
89,4662928,5328304
90,4134464,4978672
91,4394672,4962608
92,5202640,3620464
93,5272848,3454960
94,3747824,2962032
95,4195248,1683280
96,4165920,1531856
97,3141184,1674240
98,2423456,3802192
99,2246112,2692096
100,2427712,4050864
101,4553552,4109360
102,3330208,2722000
103,4790720,3218352
104,4811136,2939840
105,3431904,5312496
106,3897984,2736608
107,3601344,3028448
108,5968800,2878560
109,3485952,2898688
110,3695872,2662512
111,3579728,3597632
112,3631744,3013488
113,3351952,2788960
114,4231984,3104800
115,3692976,3080096
116,3465728,2997248
117,3777920,3055456
118,3758480,2804912
119,3710352,2623920
120,3768096,3314816
121,3464064,2755712
122,3359728,3046112
123,3932592,3195072
124,3466080,3083600
125,3643808,2923440
126,3804096,3033024
127,3767232,5207392
128,3629504,2721232
129,3669616,2308176
130,5864736,3867360
131,3409520,2772032
132,2990304,3229552
133,4558080,2924480
134,3463968,2404432
135,3900528,3739280
136,3630880,3198960
137,3143600,3042384
138,3822880,3883264
139,3911408,3393312
140,3582224,3264512
141,4541760,2762384
142,4059744,2961408
143,3857744,3462336
144,3426432,2915008
145,3551808,2962336
146,4052080,2690768
147,3629280,3515024
148,3649984,3002720
149,3409568,2951120
150,4173344,3187232
151,3663888,2643168
152,3664080,2902608
153,3882848,2810512
154,3391856,4002736
155,3615904,3563728
156,3541184,3529424
157,4579664,3338272
158,4165136,2797872
159,3644304,3288816
160,3920640,3233328
161,3518640,2492128
162,3963664,3279968
163,3882784,3082000
164,3173520,2811072
165,3981888,3581728
166,3763488,2651632
167,3559440,3050288
168,4280512,2934176
169,3231600,2657664
170,3671376,2862432
171,3478736,3147264
172,3274336,2756336
173,3536208,3147488
174,3814432,3406096
175,3484848,2504256
176,3764368,3170880
177,4122592,2900704
178,3194656,2504272
179,3914320,3930976
180,3625584,2824640
181,3161152,2567472
182,4072816,3368496
183,3398896,3171264
184,3214096,2511248
185,3958816,3483392
186,3880672,2807600
187,3154032,3229088
188,4137008,2405392
189,3442080,3181664
190,3931072,2468464
191,3053792,3812208
192,3799856,3079856
193,3158432,2946608
194,3921504,2924400
195,3789392,2698960
196,3476896,3193504
197,3627536,3254624
198,3392560,2866928
199,3867488,2923504
200,3998400,2349472
201,3497840,3304928
202,3538048,3397312
203,3055744,3238224
204,3373504,2570224
205,3913520,3174000
206,3899680,3188912
207,3227760,3096864
208,3872208,2848512
209,3879008,2790064
210,3747808,2881792
211,3481584,2389072
212,3463600,4272880
213,3515808,2972880
214,3124016,3148832
215,4340000,2966576
216,3541104,2886240
217,3555584,3764736
218,3494944,3286800
219,3481072,3782992
220,4328272,2790448
221,3961120,2758384
222,4425664,2996944
223,3510128,2546640
224,3478096,3467312
225,3702880,3154208
226,3263888,3011200
227,4175040,3013072
228,3816000,2615696
229,3695200,3317216
230,3724384,3163040
231,3304368,2888368
232,3904176,2550736
233,3869264,3770064
234,3478992,2840736
235,3265392,2861904
236,4420576,2979376
237,3588864,2852704
238,3544224,2718064
239,3654000,3424848
240,3568064,2905280
241,3397712,2690128
242,4063312,3631600
243,3604944,2946016
244,3390672,3341968
245,4249424,3696528
246,3655200,3815024
247,3977264,5130592
248,4323664,3099040
249,3946816,2754144
250,5803488,2663840
251,3703312,3379728
252,3479712,3007760
253,3334784,2813520
254,4002544,3029728
255,3720624,2924848
256,3538336,2789088
257,3776304,3310032
258,3653920,2867824
259,3462048,2994624
260,3937952,3494480
261,3617264,2620912
262,3743360,2710848
263,4240416,3383904
264,3371584,2592592
265,3428848,2786480
266,3963888,3675536
267,3264224,2926832
268,3382960,2916832
269,4289984,3000208
270,3626992,2959376
271,3595872,2719888
272,3689280,3761696
273,3684304,2817504
274,3398064,2792448
275,4337328,2708720
276,3568720,3495232
277,3483824,2880816
278,3422544,3515696
279,4153952,2545520
280,3588000,2956032
281,4221360,2777824
282,3215184,3056704
283,3667200,2769776
284,3500128,3684768
285,3779360,2705536
286,3458848,3099216
287,4292208,2780768
288,3424720,3029120
289,3796848,2674864
290,3464128,2918160
291,3757168,3505408
292,3316880,3872976
293,3490688,4110112
294,4122400,3084240
295,4585744,2955888
296,4796528,3180688
297,3753136,2648608
298,3477904,3089904
299,3833968,2893520
300,3331552,2738432
301,3756256,3420528
302,3570576,2943296
303,3466112,2865840
304,4081344,3392400
305,3638432,2828016
306,3556016,2965472
307,4087344,2739744
308,3564320,3200960
309,3687728,2943648
310,3459664,3133792
311,3931168,2573136
312,3656336,3480624
313,3876928,2765888
314,3283712,2845456
315,4128848,9822592
316,3368704,3048592
317,3553600,4749792
318,9907872,3065968
319,3671024,2756096
320,5413840,6118784
321,3364880,6816112
322,3363248,3451904
323,6688080,3267152
324,5229312,4118032
===CSV_END===
=========================================
HI_NET_PING_DONE run=17
