HI_NET_PING_START run=8
Probes: 2000  |  Protocol: UDP  |  Period: 1 ms  |  Msg: 64 B
hi_net_ping: sending HELLO to 127.0.0.1:5002 (protocol=UDP)...
[echo] HELLO — protocol=UDP  n_probes=2000
[echo] HELLO_ACK sent
hi_net_ping: HELLO_ACK received
[echo] run #8 — echoing probes
hi_net_ping: starting ping-echo loop (2000 probes at 1 ms)...
========== HI_NET_PING RESULTS ==========
Probes sent:        2000
Echoes received:    2000
Lost (no echo):       17 (0.850%)
RTL (us):
Mean: 3774.369    Std dev: 1090.966
Min:  1926.640    Max:     17368.544
P50:  3646.592    P95:     4868.320
P99:  8664.784    P99.9:   16873.712
IAJ (us):
Mean: 3108.444    Std dev: 721.696
Min:  1406.608    Max:     9205.584
P50:  2995.152    P95:     4348.128
P99:  5948.464    P99.9:   9197.168
===CSV_START===
index,rtl_ns,iaj_ns
0,5002432,3158192
1,3631520,3009664
2,3020144,3150080
3,3823040,3801856
4,3918080,3176944
5,3813184,2848384
6,3488224,2730944
7,3400304,2282352
8,2989440,6351600
9,6196720,2790432
10,3477840,2737328
11,3363808,2700416
12,3212000,3257136
13,3945600,2599776
14,3157280,3404736
15,4151920,2932928
16,3511056,3851344
17,4465744,2719472
18,3472016,2535616
19,3209792,2714320
20,3426352,3022208
21,3731728,2900368
22,3631664,3779440
23,4533024,2263584
24,2944416,2956208
25,3650592,3070384
26,3824464,3109792
27,3802784,3763856
28,4472960,2498704
29,3217104,2426336
30,3089840,2866672
31,3619552,3478528
32,4169376,2884880
33,3600480,3071952
34,3795600,2889472
35,3517184,2944368
36,3687648,3206560
37,3886896,2741840
38,3451680,3636176
39,4389024,2260720
40,2907792,3195600
41,3874368,3453040
42,4169120,2522928
43,3190528,3027184
44,3742000,3020464
45,3721264,2965792
46,3686992,3026816
47,3708960,2801808
48,3504752,3149200
49,3844992,3111984
50,3847072,2949840
51,3702976,2945920
52,3640160,3168672
53,3905184,3215488
54,3891264,2403952
55,3039504,3020512
56,3717584,3414688
57,4133936,2999616
58,3752960,3231424
59,3979888,2569184
60,3200624,3059136
61,3800624,2903104
62,3656144,3063072
63,3817408,3854960
64,4555904,2546256
65,3260608,2686128
66,3357856,2681680
67,3385232,2951248
68,3693600,3041312
69,3791424,3173456
70,3881696,2831264
71,3517664,2914064
72,3664736,2741824
73,3452400,2998480
74,3551536,3147424
75,3784752,3169808
76,3830976,3362832
77,4031584,3055152
78,3732560,3258448
79,3956560,2475008
80,3119040,3095232
81,3778256,3132064
82,3874784,2664816
83,3344480,2934064
84,3687312,2821504
85,3517552,3020304
86,3648736,3139280
87,3817056,3171872
88,3861808,3151376
89,3806832,3399952
90,4048656,2505936
91,3143824,3225040
92,3949840,2827520
93,3540112,3568640
94,4250800,2670752
95,3313264,2546736
96,3209104,3071184
97,3744000,3092000
98,3801040,3834304
99,4588480,2654704
100,3323936,2516672
101,3192320,2779744
102,3502240,3016560
103,3689968,2970672
104,3665888,3036784
105,3739424,2979200
106,3682496,3059984
107,3785248,2897904
108,3637904,2791808
109,3490192,2907312
110,3535440,3036144
111,3718816,3049472
112,3733792,3047280
113,3719472,2919632
114,3598848,3166624
115,3857952,3080064
116,3786528,3050944
117,3763168,3392688
118,4101648,2718272
119,3410736,3072464
120,3777040,2849712
121,3604048,2962144
122,3713328,3452384
123,4147216,2869968
124,3614576,3345328
125,4098480,2855936
126,3519408,2728752
127,3390896,4734512
128,5434048,3028032
129,3138944,3585248
130,3778736,3277360
131,3984208,2864880
132,3549648,3203328
133,3750832,2469328
134,3138704,2604560
135,3176816,3611664
136,3840224,3004416
137,3663632,2890464
138,3521760,2406464
139,3112016,4116800
140,4400896,2569824
141,3290928,2899568
142,3555456,3115056
143,3768704,2861328
144,3358224,2543456
145,3212048,3463136
146,3607616,3017968
147,3641856,2986576
148,3630720,3073472
149,3711552,2420704
150,3125776,3592080
151,3882688,2425968
152,3081632,3523232
153,3694416,2950976
154,3614640,3106096
155,3812768,2562896
156,3273504,3872544
157,3992160,2443280
158,3186448,2342384
159,2961344,2901296
160,3023376,2824384
161,3509072,2997216
162,3621440,2877376
163,3527696,2866064
164,3567392,2436144
165,3174912,2703328
166,3281216,3284064
167,4006928,2607936
168,3308576,2907616
169,3636048,2747024
170,3459568,3054544
171,3762896,2889136
172,3592048,2809920
173,3525664,3019248
174,3737248,3083408
175,3710528,3146544
176,3877936,2987184
177,3682848,3061280
178,3742560,2944912
179,3656032,3057296
180,3751184,3180992
181,3878064,2987440
182,3742544,3353328
183,4097888,2276240
184,2942752,3028064
185,3668320,2995152
186,3659888,3108384
187,3786416,2723072
188,3438016,2905872
189,3588224,2431808
190,3148496,2745040
191,3404320,3087552
192,3638480,4244160
193,4967536,3065280
194,3759088,2831984
195,3561184,3016208
196,3721280,3052896
197,3744528,3096768
198,3849168,3068224
199,3814000,3223888
200,3926352,2935360
201,3679936,3086656
202,3767072,2630688
203,3207984,3337664
204,4051520,2598048
205,3340256,3008880
206,3703184,2970112
207,3671008,2992352
208,3682608,3257568
209,3945680,2964784
210,3707792,3017456
211,3718864,2904160
212,3633456,3089280
213,3843040,3083392
214,3789600,2726512
215,3471216,3206064
216,3921584,3130400
217,3787488,2910752
218,3620672,2988688
219,3721680,2778240
220,3514096,2795568
221,3547424,3151264
222,3857984,3239920
223,3928864,2795616
224,3480128,2951760
225,3657104,2884816
226,3582048,2703648
227,3422128,2372384
228,3077696,2558240
229,3211472,3318656
230,4002944,3204400
231,3885744,2287552
232,2993168,2667024
233,3347552,3043264
234,3187856,2995856
235,3166800,2979152
236,3158912,2863776
237,3049072,3126736
238,3290512,2974656
239,3099312,3594912
240,3716128,2800656
241,3495264,2507472
242,3207280,2681968
243,2918448,3267600
244,3836512,3797728
245,3912656,2960416
246,3605520,2386848
247,3108912,3953536
248,4065744,2703360
249,3354096,2897136
250,3574384,2986208
251,3674768,2183376
252,2864480,3010816
253,3701184,2945600
254,3636368,2801040
255,3431168,2510176
256,3115488,2047104
257,2787344,3722832
258,4383808,1990448
259,2638864,2303328
260,2952928,2461584
261,3122992,2092448
262,2734624,2538160
263,3252496,2397376
264,3124528,2233552
265,2894704,2983536
266,3632128,2894288
267,3498832,3485200
268,4142288,2752480
269,3503792,2558944
270,3199552,1964304
271,2692752,1927408
272,2612672,1958768
273,2710624,2735648
274,3445344,3856816
275,4557056,2717856
276,3369376,2281648
277,2978896,2192768
278,2903440,2722960
279,3439216,2901280
280,3540064,2274352
281,2946208,2712816
282,2929632,2550352
283,3229680,2279904
284,2957920,2325264
285,2996400,3280880
286,3934832,2651536
287,3402576,2281808
288,2932864,2537424
289,3236704,2065072
290,2780720,2642928
291,3264592,2255376
292,2979392,2490656
293,3161344,3614208
294,14559312,5156816
295,4219632,4646048
296,5776464,3531152
297,5239056,4735952
298,4143648,2848688
299,5394640,2651744
300,3367392,3192176
301,3225920,3078880
302,3920096,2824272
303,3780704,3532240
304,3551472,2776352
305,4268080,2547072
306,2782256,3803920
307,3274544,2939728
308,4449808,4090080
309,2898544,2038544
310,4147760,2991952
311,2638304,3808784
312,3210240,2897856
313,3867792,2153872
314,3580192,2830576
315,2862176,2963744
316,2841792,2704384
317,3566448,2376480
318,3351616,2616336
319,3075824,3309616
320,3280144,2590672
321,3992624,3128944
322,3304864,3436976
323,3843632,2687600
324,4153520,3044272
325,3317408,3438656
326,3701600,2624592
327,4152736,2865392
328,3288352,2816560
329,3523456,2651392
330,3502560,2213920
331,3404704,2193696
332,11004208,2445536
333,2875520,2393488
334,2891552,2699168
335,3144512,2645680
336,3020096,2782480
337,3438336,2464224
338,3398976,3137536
339,3394656,2339168
340,3192592,2501776
341,3825952,3694640
342,3078976,3002960
343,3176416,2942160
344,3880336,2392192
345,3634832,4370896
346,3617776,2303632
347,3053360,2344512
348,4541936,2681984
349,3004640,2993744
350,3027264,2839184
351,2851152,2667680
352,3096192,2587136
353,3512672,2169328
354,3289632,2582000
355,3279792,2625904
356,2809968,2311056
357,3269536,2483360
358,3342224,3023456
359,3031808,2557632
360,3041536,2796112
361,3145520,2695088
362,2805792,2624992
363,3444368,2112288
364,3371056,2145840
365,3195840,2569296
366,2795808,2485040
367,2887456,2864000
368,3207168,2651456
369,3135648,2848544
370,3043872,2675936
371,2856704,2349264
372,3448592,2629152
373,3344960,2987632
374,2970240,2549136
375,3339280,2359680
376,3675952,2661680
377,3251952,1589280
378,3080672,4501840
379,3332160,3027456
380,11572336,2881920
381,1926640,3809504
382,5231024,3647504
383,3678624,2992112
384,3535600,3191440
385,4482576,3430624
386,3641904,2663344
387,3718976,3107616
388,3934352,2945104
389,4115184,3840880
390,3219696,3446288
391,3780256,3378848
392,3519136,3795376
393,4500032,3289680
394,3980240,3243040
395,3351632,3014416
396,3860160,2849520
397,3811408,2781344
398,3930112,2721088
399,3650784,3330880
400,3501232,2898544
401,3456208,2479792
402,3383568,2412656
403,3917744,4163792
404,3555728,2706640
405,3133168,2859072
406,3000464,3718976
407,4167136,2732416
408,3391728,5730096
409,3461280,3224480
410,4278736,4129424
411,3403328,3460512
412,6428320,4110368
413,3234240,2586384
414,4025680,3039152
415,4149056,3598336
416,4306240,4141968
417,3249072,2470096
418,3760608,4082160
419,4277968,3305504
420,4672064,2786864
421,2459984,3510208
422,3782288,2567168
423,3957088,2860768
424,3402224,2448432
425,4147616,2267312
426,3319376,1510448
427,3416624,1406608
428,3154432,5948464
429,2440016,3344896
430,2265408,4081600
431,2161136,3063920
432,6703440,3258800
433,4090064,2680768
434,4627744,3607136
435,3692832,2735824
436,3741856,2856624
437,3324096,3464784
438,4199952,2653568
439,3443328,2492384
440,3471392,3234256
441,4082288,2832576
442,3304608,2797392
443,3143520,3502336
444,3820016,5904144
445,3460528,3965696
446,3372672,3055520
447,3361200,2999792
448,6444448,2959648
449,3792976,2714240
450,3555952,2325840
451,3551584,4546224
452,3449888,2702880
453,3293152,2666464
454,2910416,3313840
455,4258784,2706992
456,3318336,3630096
457,3286512,4348128
458,3884864,3162544
459,3324256,4066672
460,4194992,3870944
461,4802800,3116160
462,3775392,2562624
463,4603920,2417856
464,3990688,3100192
465,3706160,4667392
466,3200832,2501488
467,3098080,2627968
468,3216080,4580576
469,4514960,9205584
470,3178992,4838224
471,3270704,2912560
472,14168576,3568304
473,5228288,2631152
474,9921728,2911472
475,5403936,3492816
476,3529904,3195152
477,4142384,2677232
478,3184784,2363920
479,3428304,3513664
480,4138480,2819408
481,3771632,2538624
482,3275920,3381664
483,3006992,2998784
484,4081376,2649856
485,3493664,3158656
486,3201680,2337632
487,3975872,3644176
488,3673744,2971808
489,3334304,2378192
490,3581968,2773712
491,2833632,2727904
492,3673952,2651888
493,3597552,2370384
494,3040416,2340128
495,2929872,2843712
496,2895440,2920768
497,3312800,2674224
498,3038784,2514960
499,3016544,3046416
500,3492640,2644352
501,3520848,3290576
502,3296000,4780352
503,3119472,2603312
504,3639744,3567200
505,3219904,2366496
506,3935472,2833552
507,5403440,2330800
508,3217584,3082736
509,4285920,1627072
510,2970096,4961024
511,3576880,3564560
512,3034400,2849584
513,3695632,3289824
514,2317952,8057632
515,5705648,4574528
516,4202400,2489488
517,3538224,2673504
518,3704544,2920400
519,8664784,2899840
520,4497808,2927872
521,17368544,3107840
522,3174112,3586448
523,3267984,2547840
524,3588832,2880160
525,3583984,2973360
526,3610400,3207280
527,3764640,3343424
528,4285408,2578592
529,3014976,4033808
530,3604048,2646864
531,3632416,2399792
532,3861920,2824384
533,4021024,3245424
534,3268880,3336432
535,4760704,2870896
536,3258704,2616928
537,3015264,2694352
538,3522784,2949104
539,3920400,2933392
540,4041792,3366048
541,3490064,2776400
542,12003552,3033632
543,3255248,3372032
544,3266656,2857120
545,3632384,2851856
546,3675440,2618368
547,4071760,3070656
548,3422304,3178608
549,3717824,3032192
550,4079504,3142032
551,3452720,2845392
552,3566416,2925776
553,3314880,3026080
554,3799632,3061936
555,3874144,3335488
556,3750768,2502336
557,3859760,3064528
558,3415312,2852688
559,3584256,3028464
560,3734000,3477200
561,3762928,2727952
562,3988544,3140864
563,3099168,3293728
564,3766720,2797712
565,3484640,2591808
566,3665504,2909712
567,4141040,3261104
568,3340640,3217664
569,3810064,3150048
570,3889408,2792800
571,3270064,2740176
572,3242400,3092624
573,3591056,2962768
574,3927216,2944432
575,3864896,3356528
576,3723488,2887152
577,3338560,2786784
578,3326032,2902464
579,3771488,3019776
580,3622400,3093184
581,3640160,3025184
582,3983376,2804624
583,3557936,2982128
584,3285232,3025392
585,3604048,3080608
586,3709904,2903760
587,3797008,3273792
588,3720144,3188992
589,3501296,2683488
590,3654848,3018864
591,3677776,3101664
592,3759968,2986336
593,3546976,3410560
594,3948176,2530880
595,3850752,3287472
596,3324624,2538192
597,3714496,3002496
598,3799568,2961216
599,3653904,3198400
600,4080480,3212032
601,3041648,2823440
602,3994128,3092896
603,3197200,3268208
604,3691664,2706656
605,3635552,2655264
606,3867840,3293056
607,3892096,2907648
608,3412144,2870400
609,3786112,3238880
610,3933920,2812752
611,3278192,3097040
612,3298096,3054032
613,3937472,3053424
614,3581504,2751008
615,3611936,2875856
616,3921344,2696128
617,3467776,2628304
618,3803280,2612336
619,3739104,3220192
620,3750944,2474176
621,3400768,3396208
622,3557920,2571568
623,3352048,3334288
624,3276896,2838768
625,3244608,3215120
626,3746912,3440032
627,3156464,2526016
628,3949840,3049552
629,3194768,3029568
630,3945072,2639152
631,3449328,3340528
632,3752480,2967136
633,4078176,2484416
634,3193504,2426992
635,3640752,3994656
636,3684000,2985632
637,3275568,3115152
638,3904064,2897456
639,3625952,3304096
640,3137856,2851456
641,2989328,2570320
642,3875840,2375264
643,3579600,3756912
644,3694048,3252704
645,3528720,2783648
646,3889648,2722576
647,3459040,2257088
648,3205360,3032608
649,3004912,4215536
650,3758864,2477056
651,3857360,3101984
652,3434336,3535120
653,3320576,2494608
654,2873328,3379472
655,3104320,2907568
656,4232080,3344576
657,3110560,3267696
658,3692384,4779056
659,4088144,3020848
660,3168592,7173456
661,3979232,4324384
662,3535824,3965616
663,3969296,3351456
664,4011840,3211392
665,4680864,3067408
666,3666704,2945552
667,7824592,3153232
668,4860768,2693104
669,4538688,2921264
670,4037504,3268528
671,3906256,2876224
672,3423904,3461776
673,3586464,2659440
674,3823152,3322336
675,3150688,2799248
676,3637568,2754912
677,3937120,2958208
678,3530592,2945104
679,4177872,2874992
680,3152464,3819920
681,3989008,6593776
682,3378880,2932544
683,3363104,3762656
684,3666096,3147392
685,3695680,4478768
686,3575088,3114976
687,4493136,3983744
688,6432832,4651376
689,3488256,3133424
690,4390192,3300272
691,3713344,3046320
692,5043728,3106032
693,3662368,3933904
694,4613680,2713360
695,5272400,2926496
696,3752944,2817792
697,3858784,3231728
698,2976832,1695520
699,3136144,1607696
700,3826080,1598480
701,3364128,3399392
702,3418240,2479712
703,3374448,2212864
704,3749888,3031376
705,2345104,2571936
706,2353600,2621696
707,2343504,2646544
708,4144944,2369408
709,3146736,2566320
710,2922256,2133056
711,3654944,2449344
712,3224416,2895792
713,3357440,2810128
714,3326752,2583824
715,3040816,2598608
716,3273152,2287392
717,2850560,3231200
718,3082144,3137040
719,3111520,2279872
720,2909264,2399792
721,2614416,3937296
722,3333024,2515376
723,2976304,3772336
724,3951680,4112976
725,3851600,4097408
726,2913520,4167536
727,3068112,3202768
728,14532880,3785088
729,3956224,4354272
730,3212144,2667024
731,4410320,2756272
732,4856704,2775536
733,4770720,3354928
734,4807984,3159680
735,3847888,2772672
736,4437088,2725472
737,4993008,2807344
738,3335360,3060688
739,3448272,3969712
740,3456736,3300320
741,4090720,3293264
742,3707696,3176064
743,3301008,3843648
744,3392832,3035392
745,3550448,2980912
746,3796496,2910816
747,4708608,3112432
748,3911776,2973312
749,3870368,3480128
750,3745072,2364416
751,3889840,2525152
752,3509152,3719072
753,3561552,2877936
754,3539056,2647472
755,3716224,3729808
756,3593392,2445760
757,4081712,3130096
758,3069392,3444080
759,3123568,3163520
760,3785040,3633328
761,3558144,2441840
762,3269376,3684800
763,4390240,2299664
764,3100288,3351872
765,3667248,3368448
766,4059296,3290896
767,3883776,3154688
768,4376832,2703184
769,3027904,3080688
770,4403840,3011488
771,2979040,2980048
772,4012128,2912800
773,4003856,2899184
774,3954512,3121424
775,3877952,2835840
776,3445888,2746880
777,3821616,3511568
778,3730400,3117680
779,3698080,2604352
780,3629888,3205664
781,3641904,3350672
782,3871760,2567952
783,3586928,3082176
784,3495504,3342832
785,4097504,2634256
786,3807024,3479680
787,3269072,2589392
788,3904688,2876512
789,4098224,3175328
790,3225136,2877168
791,3832816,3268240
792,4094592,2547168
793,3337440,3267856
794,4221216,3113680
795,3166480,2872512
796,3597088,3009024
797,3916592,3256624
798,3579792,2958400
799,4016672,2599616
800,3246656,3001616
801,3945552,3225824
802,3822704,2949936
803,3574416,3114656
804,3747984,3438896
805,3949648,2673824
806,3584272,3258960
807,3318496,2599984
808,3710752,3012288
809,3901472,3845360
810,3675264,2971168
811,3833760,3265856
812,4132704,3476176
813,3321104,3748336
814,3988768,3054736
815,3186064,3098512
816,3763904,2704784
817,4493472,3654240
818,3641664,2659840
819,3917024,2603472
820,4159920,3312720
821,3900528,2678496
822,3667296,2617472
823,3722000,3618832
824,3274656,2694032
825,4238352,2542096
826,3368496,3149776
827,3218336,3941568
828,3890656,2412240
829,3227568,3169216
830,3336016,3013104
831,3747888,3089936
832,3281392,3097248
833,3236176,2627536
834,3230960,3248416
835,4022880,2822480
836,3140848,3135056
837,3850048,2415920
838,3616368,3573120
839,3766640,3648992
840,3734896,2502032
841,3112992,3463696
842,3929984,2786608
843,3431184,2650544
844,3701904,3288816
845,3122560,2569344
846,3727344,3065632
847,4249056,3307664
848,3231440,3198224
849,4025072,2481872
850,3529024,3025008
851,3303120,2431008
852,3893888,3735744
853,3218816,2820160
854,3677744,3077696
855,3958640,2783664
856,3775456,2597440
857,3209616,4245888
858,3565968,2653712
859,3129488,3236304
860,3658864,2856192
861,3423152,2732320
862,3675712,2888304
863,3407728,3044272
864,3292272,2982800
865,4405264,3171216
866,3386480,2720640
867,3922800,2919440
868,3596640,2582976
869,3434256,3655808
870,3410112,2837296
871,3621168,3609216
872,3614736,2668080
873,3781216,2571488
874,3358880,2622112
875,3585008,3406272
876,3324544,3273520
877,3677424,3974416
878,3489296,3826624
879,4181872,2902832
880,3377856,3185152
881,3100416,2818224
882,3317856,3190320
883,3509312,2569008
884,4008768,2988752
885,4545408,3103200
886,3860096,3404544
887,3550032,2554400
888,3864112,3098816
889,3514880,3085520
890,3876144,2792288
891,3262640,3646784
892,3704144,2753216
893,3840448,2608032
894,4085968,2997424
895,3050800,3114624
896,3818800,2732592
897,3806896,3238960
898,3467776,2836608
899,4397072,3285600
900,3309680,2805184
901,3298992,3062176
902,3739728,2991472
903,3866144,3393696
904,3299776,2563632
905,3990480,3408144
906,3522768,3427376
907,3992832,2799216
908,3469328,2558400
909,3804544,3234160
910,3688368,3015104
911,4128208,2359088
912,3208560,3092224
913,4138720,3141280
914,4052368,2886816
915,3458016,3089072
916,3187184,2976720
917,3947120,2985712
918,3658448,2882384
919,2963504,3044512
920,3794880,2935360
921,3889072,2818480
922,3615344,3195248
923,3839072,3355280
924,3690528,2648224
925,3728352,3001472
926,3633584,2963136
927,3761408,3216176
928,3680960,3341152
929,3557520,2617168
930,3897488,3128000
931,4095984,2646512
932,3360480,3073792
933,3743568,2906304
934,3693680,3065648
935,3914544,3270512
936,4047360,3114224
937,3300080,3185136
938,3837952,2736352
939,3315504,3040048
940,3783776,2851504
941,3655168,2825248
942,3766704,3284912
943,3951696,2727392
944,3862544,3195760
945,3896336,3400192
946,3443152,2596336
947,3706400,3487168
948,3502880,2604608
949,3540544,2962944
950,3988208,3051824
951,3412976,2926736
952,3911248,2963728
953,4069728,2947328
954,3190816,2877440
955,4200944,3096512
956,3131152,3464592
957,3618864,2635312
958,3782448,2925360
959,3603488,2998800
960,3673136,3154320
961,3678992,3361456
962,3628704,2502064
963,3835568,2973184
964,4197760,2856416
965,3261120,3166400
966,3630192,3108272
967,3740816,3856272
968,3879280,3026960
969,4064640,2443664
970,3069200,2664912
971,3709120,3563216
972,3607184,2487712
973,3891968,2692496
974,3844368,2980608
975,4608304,2972384
976,3653168,2818784
977,3143680,2999824
978,3317696,2902832
979,4310592,3100192
980,3185248,3153296
981,3354576,2716928
982,3684544,2996064
983,3676048,3310800
984,3521264,3049072
985,3613856,3146192
986,3540544,3443776
987,3669936,2592112
988,3827216,3027488
989,3411456,2905920
990,3639456,3138768
991,3955792,3428016
992,3762208,2638112
993,3887888,3085696
994,4185728,2738928
995,3245744,2919312
996,3741280,3173760
997,3626672,3410752
998,3890320,2490880
999,4169632,3056656
1000,3181488,2770560
1001,3767648,3200464
1002,3486640,3004400
1003,3661760,3542832
1004,3911168,2758688
1005,4106192,2594768
1006,3146128,3025376
1007,3808576,3274192
1008,3471872,2906912
1009,3898480,3270976
1010,3748352,2943136
1011,4215072,2492336
1012,3280704,2787360
1013,3268592,2686176
1014,3773520,2565616
1015,4015984,2579104
1016,3626080,2875712
1017,4013376,3502688
1018,3643616,2649200
1019,3141696,3238880
1020,3480896,2441584
1021,3108896,3209952
1022,3146512,3630560
1023,3286384,2487840
1024,3500944,2875424
1025,4163280,3648560
1026,3341792,2946688
1027,3739584,2304288
1028,3124896,3409424
1029,3879520,2734064
1030,4290720,3105024
1031,3202832,2718544
1032,3262464,2513376
1033,4145344,2931280
1034,3668960,3728480
1035,3036640,3444656
1036,4023008,2356864
1037,3349920,3190960
1038,3696528,3426976
1039,3374208,2432000
1040,3238656,3188528
1041,3025920,2907600
1042,3874416,3466688
1043,4050048,2451616
1044,3039456,3178064
1045,3736096,3074224
1046,4029376,2665728
1047,3114352,2611776
1048,3774928,3698832
1049,3542016,2725264
1050,4141824,2575632
1051,3127424,3820544
1052,3830304,2742144
1053,3680384,2785456
1054,3232480,2690960
1055,3157312,3905744
1056,3866928,2538128
1057,3302832,3231088
1058,3302384,2812800
1059,3972944,3132496
1060,3368208,2996192
1061,3379344,2751088
1062,3383728,2453216
1063,4099328,3790816
1064,3170592,3229888
1065,3762816,2450464
1066,3320752,2663712
1067,3798240,3597584
1068,3649552,3263424
1069,3282736,3023520
1070,3188768,2530336
1071,3894416,2422896
1072,3826144,5075616
1073,3086912,3376624
1074,3346288,3709408
1075,3693168,2599008
1076,3795040,2806768
1077,3646128,3053120
1078,3137248,2857696
1079,3005680,3093696
1080,5203760,2684400
1081,4066928,3114832
1082,4174464,2993936
1083,3260720,3004016
1084,3492336,2995728
1085,3750320,2684576
1086,3598816,2937184
1087,3842848,3271888
1088,3391056,2905680
1089,3816144,2789200
1090,3736080,3170032
1091,3746336,2991584
1092,3706128,3108800
1093,3435616,2770976
1094,3648176,3494480
1095,3893984,2880016
1096,3611248,2985232
1097,3489456,3103376
1098,3756800,3818896
1099,3670128,2740656
1100,3807264,2515648
1101,3522704,3186176
1102,4120192,2592752
1103,3622368,3018240
1104,3737184,2963296
1105,3845776,3077568
1106,4502672,3255568
1107,3454080,2737248
1108,3065792,2972928
1109,3841712,3285856
1110,3234096,3393840
1111,3728384,2437856
1112,3684672,3554480
1113,3786976,2449152
1114,3940608,2772464
1115,3457536,3188160
1116,3683856,3089952
1117,4027936,3797456
1118,4114464,2931648
1119,3012384,2681584
1120,4271680,2542176
1121,3062224,3408704
1122,3463664,2758160
1123,3878624,5326288
1124,3783328,5047168
1125,4409904,3765088
1126,3622272,2655184
1127,3365168,3169920
1128,3085648,3090432
1129,4129120,3236128
1130,3313280,3403856
1131,14038480,2683248
1132,5925760,3395808
1133,5677024,2390192
1134,4483376,2970080
1135,3351360,2826416
1136,3662912,2861776
1137,3740768,3796768
1138,3884672,2734496
1139,4103456,3490560
1140,3250896,2599232
1141,4090720,2943776
1142,2997248,3447968
1143,3649968,2515296
1144,3532096,2798672
1145,3502608,2702976
1146,4397376,3832160
1147,3381488,2240576
1148,4231952,3059728
1149,3150400,2826784
1150,3565440,2434400
1151,4145984,2785312
1152,3054000,3304416
1153,3472352,2331376
1154,3430704,2427936
1155,4397536,3869904
1156,2919136,2647600
1157,3704624,2485920
1158,3416224,3039056
1159,3104160,3072912
1160,3502496,3498144
1161,4003200,3059504
1162,3070672,3510672
1163,3009616,2416640
1164,3866496,3059168
1165,3252240,3043984
1166,3124032,2904208
1167,3013120,2441936
1168,3232416,2925232
1169,3429200,9134992
1170,3693264,3544944
1171,4139552,4851344
1172,3131984,2767952
1173,3715760,3674544
1174,3660448,3126096
1175,3472496,3093744
1176,3093328,3138384
1177,12977824,3420800
1178,3616560,2838528
1179,10372432,2926704
1180,9607376,2425984
1181,4138304,3293712
1182,5238656,3187168
1183,3394064,3202064
1184,4271472,2698464
1185,3620656,3001440
1186,3694096,3253216
1187,3849920,3256160
1188,4113904,2732656
1189,3469968,2926416
1190,3583568,2958240
1191,3116624,3014576
1192,3840720,3092448
1193,3879824,3637760
1194,3942288,2756656
1195,3368672,2598192
1196,3730064,3282288
1197,3980592,2912096
1198,3911344,2730112
1199,3417936,2996640
1200,3677104,2963296
1201,3688640,2951840
1202,3756432,3165664
1203,3792816,2992832
1204,4361792,3915216
1205,3388272,3130576
1206,3183840,2879056
1207,4023312,3110464
1208,3531504,2811280
1209,3379840,2645856
1210,3674576,2600912
1211,3646592,3237904
1212,3702784,2593856
1213,3907552,3621200
1214,3732256,5293184
1215,4642240,4185376
1216,3752720,3477232
1217,3553472,2775344
1218,3728960,2759440
1219,3452480,3416096
1220,3333344,2425616
1221,3175424,3483984
1222,3885952,2371312
1223,3210368,2991744
1224,4323136,2972544
1225,5685056,3029296
1226,4868320,2984544
1227,3897888,3120624
1228,3342608,3301696
1229,3444512,2415504
1230,4094080,2978064
1231,3005072,3170880
1232,4226944,2833440
1233,3028720,2915456
1234,3684848,3047600
1235,3661216,2953136
1236,3720144,3079088
1237,3675952,4367104
1238,3810224,5346368
1239,4042976,4238400
1240,3157184,5135648
1241,3626976,2855632
1242,3811696,2520800
1243,3522384,3180560
1244,3561968,2691312
1245,3635440,3964320
1246,3618192,2571344
1247,3649296,4218288
1248,15934112,2693024
1249,4488448,3125808
1250,5163856,3067888
1251,4782224,3084080
1252,5782896,3140960
1253,3584768,3160656
1254,3261040,2956000
1255,3731248,4469088
1256,3228784,4341488
1257,4681808,5276464
1258,3253088,4390832
1259,4856768,3211696
1260,3433456,2950400
1261,3789840,2842288
1262,3754656,2572592
1263,3810912,3238576
1264,3889312,2710944
1265,3890704,3488288
1266,3701696,3458048
1267,4912768,4198448
1268,4397600,3175792
1269,5966672,2974400
1270,4998240,3177008
1271,3796304,2713904
1272,3532688,2753728
1273,3516944,3144064
1274,3217232,2698624
1275,3808272,2848400
1276,3263040,2974320
1277,4084592,3207504
1278,4030576,2958272
1279,4846368,2809440
1280,3742944,3041040
1281,3451184,3024416
1282,3640128,3209392
1283,3386576,2765856
1284,3394544,2758160
1285,3808720,3243632
1286,3357024,2935536
1287,3527408,3061664
1288,3682736,2985808
1289,3874112,2766368
1290,3635296,2541424
1291,3530816,2745504
1292,3696240,2524144
1293,3701808,2460224
1294,3884928,3647088
1295,3442688,3683840
1296,3416192,2800960
1297,3872416,2539424
1298,3610800,2958992
1299,3709632,2704368
1300,3638896,2357616
1301,3443296,2986144
1302,3163712,3203936
1303,3412080,3146256
1304,3248128,3639936
1305,3125744,2328176
1306,3561568,3871232
1307,4326144,2772976
1308,3495184,2357968
1309,3200640,3642208
1310,3510240,2321136
1311,3322272,3566640
1312,3001872,2202768
1313,3017216,2899872
1314,3089264,2811552
1315,3183536,3201216
1316,3690128,2960736
1317,2975680,3016048
1318,3877216,3057632
1319,3454608,2783904
1320,2988256,3415808
1321,3725712,3751408
1322,2953280,2372752
1323,4298576,2765920
1324,2899472,2921440
1325,2962576,3280000
1326,3470736,2851104
1327,3807440,3116064
1328,2947088,5374864
1329,3652304,4110384
1330,3003296,4359472
1331,2810144,2219280
1332,3111200,3344432
1333,3660320,2598016
1334,3026960,3829648
1335,2804832,2184512
1336,3029792,3548848
1337,3301584,2484464
1338,2982272,3666928
1339,3087232,2908576
1340,5373936,3301712
1341,4821408,1600224
1342,4845696,2872672
1343,2856096,3363776
1344,3335520,3290688
1345,3284576,3507808
1346,3844416,3136752
1347,2781808,3118128
1348,3485696,2926624
1349,3099744,2838512
1350,3594480,3121536
1351,3425056,3156448
1352,3899056,3138672
1353,2319936,2696880
1354,3603024,3555936
1355,3837792,2917600
1356,3194816,2525040
1357,3327680,2653536
1358,3804832,2581088
1359,3794640,3893584
1360,3503424,2765824
1361,3358480,3717840
1362,3787744,2764944
1363,3794432,2949152
1364,3799648,3002496
1365,3332208,2714048
1366,4189344,2870352
1367,3459088,3191696
1368,3195808,2757520
1369,3132624,3488176
1370,3240656,2667712
1371,3965136,3538304
1372,3345904,2474400
1373,4250416,3083840
1374,3452720,2782176
1375,3624784,2435520
1376,3662608,3347312
1377,3290384,2631056
1378,3344192,3162800
1379,3794928,3580656
1380,3344928,3203648
1381,4063504,2615280
1382,3378528,3331824
1383,4039024,3380400
1384,3131024,2503680
1385,3733216,2723488
1386,3356944,3369728
1387,3111104,3209584
1388,3326656,2581136
1389,3259280,3706688
1390,3121472,2154960
1391,3021520,1743712
1392,3753760,1958144
1393,3267904,2736976
1394,3834608,2735792
1395,4061472,2348640
1396,3225024,2806240
1397,3233280,2183248
1398,3929456,3696304
1399,3830096,2822384
1400,3235472,2440912
1401,4282848,3333312
1402,2844464,2326096
1403,2466080,2875776
1404,2682624,2644144
1405,3460848,2486720
1406,2994224,2367888
1407,3033984,2666992
1408,3483968,2351136
1409,2830496,3231568
1410,3762320,2165376
1411,3414720,2138640
1412,3054416,2891200
1413,3296528,2338496
1414,2985296,1652304
1415,3514576,2866304
1416,3303280,2387280
1417,3216288,3222496
1418,2986720,3070816
1419,3340912,2609504
1420,2987696,2295392
1421,3944656,3072864
1422,2876016,3522864
1423,2878848,3325104
1424,3634192,3071328
1425,3080832,2455552
1426,2395184,2285488
1427,3606064,2972480
1428,2869664,2690816
1429,3824368,2493280
1430,3741600,1749456
1431,3220576,2850144
1432,2933760,3420032
1433,3074448,2200640
1434,3565408,2788032
1435,3988208,2780416
1436,3628848,2097664
1437,3116352,2888928
1438,2952000,2939536
1439,2928464,3074144
1440,2735408,2847712
1441,3199152,2593840
1442,2432576,2197008
1443,3484160,2925216
1444,4109280,2527072
1445,2870160,2230736
1446,3536448,2889920
1447,3368784,2186160
1448,2717712,2656832
1449,2920288,2459696
1450,3547024,2385424
1451,3657040,2341824
1452,3398768,2338608
1453,3314672,2691360
1454,2903504,2154704
1455,3628496,2975504
1456,3271760,3010752
1457,2915712,2883328
1458,3401200,2763920
1459,2809888,2654320
1460,2860688,2360720
1461,3092704,2362688
1462,3084816,2531952
1463,3016688,2151424
1464,2981232,2962288
1465,3431744,2814576
1466,2773264,2137584
1467,3006656,2549440
1468,3123680,2229984
1469,3106448,3312960
1470,2915744,2762912
1471,3307904,2688784
1472,3088784,2699376
1473,3044704,2622496
1474,3245376,2325520
1475,2857904,2667840
1476,3526688,2158496
1477,3471408,2907520
1478,2796944,2495328
1479,3165664,2439936
1480,2904272,3033152
1481,4028224,2501008
1482,3263200,2801664
1483,3354576,2329536
1484,3420928,2495600
1485,3291856,3154144
1486,2972192,1871376
1487,3296880,3220944
1488,2826752,3131808
1489,2985536,2957440
1490,3121968,2608384
1491,3177296,2663952
1492,3688768,2653120
1493,3201808,2320592
1494,3505040,2758192
1495,2989584,2735728
1496,3168048,2494032
1497,3645344,2354624
1498,2445664,3053088
1499,3964048,3188480
1500,3288080,2190128
1501,2825248,2807664
1502,2770224,2974640
1503,3300176,2939392
1504,3351136,2815504
1505,2945360,3116000
1506,3436928,3042480
1507,3451952,3249392
1508,3098800,3000368
1509,3047952,1766608
1510,3700608,1599744
1511,3833424,3973664
1512,2822752,2563328
1513,2855744,2780464
1514,3086768,2677824
1515,3018448,2818704
1516,2841152,2426720
1517,3633312,3038448
1518,3661328,3168000
1519,3218080,4467472
1520,3134800,3008384
1521,2444432,3034848
1522,2343408,3018528
1523,4677088,2911056
1524,3304592,3065520
1525,3517120,3403680
1526,3152624,2645472
1527,3568464,3366672
1528,3051984,2571904
1529,3790608,3054480
1530,3745632,2970096
1531,5129520,2981920
1532,3748080,2754768
1533,3745456,2992304
1534,3737232,2673856
1535,3646496,2998944
1536,3768352,2587632
1537,4138912,2221920
1538,3313520,3020400
1539,4030640,2732656
1540,3222144,4040800
1541,3750288,2756128
1542,3712608,2298320
1543,3730432,2330608
1544,3451536,3301088
1545,3720560,2982880
1546,3425488,3630064
1547,3660864,2420720
1548,3229840,3013024
1549,2943888,3603984
1550,3584448,3109504
1551,3422800,2674752
1552,4280704,3289376
1553,3486240,2682656
1554,2952416,3169344
1555,3018208,3000064
1556,4002064,2967056
1557,3081584,3065424
1558,3769808,3366272
1559,3090048,2712368
1560,3208976,3077136
1561,3600016,2593024
1562,3686544,3317136
1563,3221744,2779680
1564,4008944,2529056
1565,3350368,2774208
1566,3862048,4573216
1567,3669936,2591408
1568,3504768,3075648
1569,3718656,2515216
1570,4064432,3103120
1571,3390960,3264352
1572,3713728,2737824
1573,3179664,3103776
1574,3996592,2859408
1575,3428320,3090704
1576,3243040,2869632
1577,3001024,2924368
1578,4315728,2574928
1579,3333120,3634928
1580,3732208,3124128
1581,3231552,2835344
1582,3654304,3234848
1583,3927088,3144320
1584,3396288,2701792
1585,3726096,2955136
1586,3523088,2399792
1587,3737072,4228128
1588,3497536,2593376
1589,3477216,2792368
1590,3174176,3135488
1591,3760352,4654208
1592,3742656,2538096
1593,3374672,3473392
1594,3859824,2610192
1595,3862496,3687344
1596,3368608,4613984
1597,3525968,3406896
1598,3063904,2562624
1599,4226240,3633088
1600,3310960,3054240
1601,3442496,3000736
1602,3774176,3537856
1603,12075024,3157600
1604,5365776,3611856
1605,3190656,2564832
1606,3571488,3458896
1607,3294368,3960880
1608,4375968,3023600
1609,3816320,3793088
1610,4025680,3059520
1611,3273920,3097728
1612,4202176,2891632
1613,3693120,3100704
1614,3630752,2842048
1615,4142336,3102608
1616,3802864,3398176
1617,4291552,2511024
1618,3149488,2774448
1619,4137840,2639440
1620,4600832,3630672
1621,3125408,3523152
1622,3879040,3358048
1623,3692496,3083984
1624,3696656,3010144
1625,3504608,3003408
1626,3755312,3175424
1627,3450000,3189184
1628,3717904,3501104
1629,3991120,3198480
1630,3168320,2945072
1631,3428448,2693520
1632,3332128,2356848
1633,3641184,3428608
1634,4076912,3067632
1635,4050320,3315344
1636,3669328,2633760
1637,3643296,5168848
1638,3639040,2940928
1639,3791552,2512224
1640,3809024,3021968
1641,4187376,3072720
1642,3816320,2951424
1643,3506640,2408336
1644,3198736,3410624
1645,3008560,2855824
1646,3972192,2812496
1647,3787792,3047152
1648,4018624,3311008
1649,3266256,2985264
1650,16873712,2824768
1651,4916816,2784944
1652,3684992,3267072
1653,3257344,2817776
1654,3744304,3326000
1655,3690272,2755280
1656,3654496,3391248
1657,3078528,2709440
1658,4011024,2933712
1659,3467296,3024192
1660,3294160,3256032
1661,3721568,3127696
1662,3936944,3159808
1663,3652128,2806816
1664,3453088,2537152
1665,3258320,3094784
1666,3934576,2895216
1667,3398784,2981472
1668,3997296,3117424
1669,3397040,3038672
1670,4000944,3546400
1671,3400832,2741408
1672,3541184,2585920
1673,3636128,3149776
1674,3843488,2201776
1675,3750208,5571248
1676,3820688,2676320
1677,3450384,3936784
1678,3174640,3552304
1679,3789824,4066480
1680,3529824,2986944
1681,3646896,3612560
1682,3749840,3105168
1683,3674528,2986960
1684,4184624,3419936
1685,3488240,3609840
1686,3212048,2120112
1687,3766160,3423712
1688,2779904,4098016
1689,4686272,6565488
1690,3314752,3268256
1691,4627872,2910400
1692,4243648,2782384
1693,3781824,1914000
1694,3490160,3418720
1695,4169328,4233584
1696,3761280,3527472
1697,3438224,5144912
1698,3985488,3846048
1699,4206864,3958848
1700,2664144,4545840
1701,3945680,2996592
1702,4735200,3083680
1703,6965216,3440848
1704,3804112,3542608
1705,3451408,3262720
1706,3359680,3284784
1707,2509232,3497680
1708,3926976,3327680
1709,4900672,4698208
1710,3972864,2537440
1711,4872768,2834480
1712,4458736,2909072
1713,4321920,3712480
1714,4273712,3891440
1715,3673584,3105152
1716,3737440,3338624
1717,4103728,4015760
1718,4106704,4980352
1719,3923888,3599072
1720,3877808,3285200
1721,4050304,3379392
1722,3922480,2602288
1723,4657968,1841040
1724,3207504,2989472
1725,3478384,2771872
1726,3324912,3279712
1727,4221040,2792256
1728,4250448,3732912
1729,3812784,3997120
1730,3958912,2708944
1731,4523712,3369856
1732,4612848,3282144
1733,4151776,3367616
1734,3991632,4597040
1735,3974208,2556112
1736,3190128,3198880
1737,2439216,3301472
1738,3657232,3737024
1739,3441232,3805072
1740,4001984,2971552
1741,3386480,3044128
1742,4387296,3407520
1743,4626800,3306544
1744,3321872,3119760
1745,3946384,3726528
1746,3885376,3254032
1747,3953056,3884880
1748,4194208,3506432
1749,3246768,3607104
1750,3771680,7674896
1751,3929936,5989600
1752,4326784,5105408
1753,4549936,5135136
1754,3550656,5280976
1755,3645600,5473824
1756,4031824,4385840
1757,3888816,3153264
1758,3753968,3868976
1759,4388608,5841152
1760,3988816,4136176
1761,4437136,4500976
1762,4080048,4992960
1763,4321632,4833536
1764,7845824,4541728
1765,6535008,4083168
1766,5595024,4994560
1767,5834096,4067488
1768,5911936,4503360
1769,6049200,3440992
1770,4965200,6382880
1771,3738432,3867424
1772,4513360,3901216
1773,6325216,5145504
1774,4727504,4184336
1775,4633008,4491040
1776,5619872,2976160
1777,5529632,3623216
1778,5231328,3002432
1779,4687280,3011344
1780,5291152,2784416
1781,4727408,2898864
1782,5059536,3307840
1783,4159712,2952544
1784,6646464,3426304
1785,4526800,4173920
1786,4621264,3125392
1787,4988784,4700624
1788,4764192,3007248
1789,5152336,3247632
1790,3446000,3258304
1791,4187664,2944272
1792,3639472,5855328
1793,3647904,6582800
1794,3420976,8637808
1795,3570688,5374304
1796,3887872,4099504
1797,3652128,3549280
1798,4105888,3786384
1799,4768912,3431472
1800,3589152,2899392
1801,4961920,3209584
1802,3523392,3321360
1803,3648544,3534688
1804,3871872,4539568
1805,3595040,2721520
1806,6541008,3700816
1807,6252784,2780256
1808,8221376,2972656
1809,6027472,2797424
1810,4005920,3296624
1811,3949520,3145632
1812,4472528,4181968
1813,4094512,2854912
1814,3400464,3057568
1815,3876512,2732368
1816,3912928,3801152
1817,3887056,4073008
1818,4997008,6343744
1819,3380560,5462192
1820,4158816,6065680
1821,3455616,5928096
1822,3562576,4742880
1823,3483840,3204016
1824,3855328,2801344
1825,3850224,3326256
1826,4685840,3511856
1827,3427568,3727680
1828,3711968,3594832
1829,3326576,3751056
1830,4432144,4285792
1831,4681760,3255408
1832,4205008,3728304
1833,6014080,3399824
1834,6542768,2686320
1835,5886208,3307984
1836,10302320,3181920
1837,4400304,3197056
1838,3909568,3124544
1839,3501824,3493264
1840,3922544,4516384
1841,4097328,2943296
1842,4372352,2667152
1843,3999616,3320320
1844,4343024,3058160
1845,3949328,2494096
1846,3859952,2864464
1847,4045168,3336512
1848,4102240,4368832
1849,3242144,3641872
1850,3956576,2696192
1851,3730576,2494256
1852,3713952,3408656
1853,3791360,2568528
1854,4022176,3159200
1855,4331824,3003536
1856,3674048,2884256
1857,3373936,3192288
1858,3846528,2871552
1859,3744896,2930016
1860,3245040,2791600
1861,3295520,3688064
1862,3904416,2717056
1863,4945760,3622384
1864,4350816,2847408
1865,3288368,2937280
1866,3174448,2882064
1867,4089248,2849488
1868,3287888,2250832
1869,3822000,3439632
1870,3690784,3274224
1871,3628592,3026704
1872,3882368,2560288
1873,3572512,2925264
1874,3650736,3341552
1875,3455472,3197712
1876,4341440,3639968
1877,3351632,3759648
1878,4305520,3184352
1879,3458800,4014544
1880,3600880,2724048
1881,3527728,3577648
1882,3477536,2457568
1883,2907632,2675168
1884,4014176,3245824
1885,3946160,3003904
1886,3731664,2810432
1887,3206880,3233072
1888,3621728,3121504
1889,3909296,2789360
1890,3891376,9197168
1891,4299824,7741120
1892,4445136,3665280
1893,3303024,2424384
1894,4103664,4171616
1895,3365888,4922864
1896,4096384,4423520
1897,3181840,4595312
1898,3174640,3884976
1899,3958224,4936208
1900,3652992,5712320
1901,3470640,3866144
1902,3868736,4590016
1903,3794672,5804720
1904,3423744,5945296
1905,10521872,4470624
1906,6047952,6208448
1907,7101648,4970960
1908,4123200,4582720
1909,3145792,3226480
1910,4645440,3659584
1911,5024064,4148720
1912,5026128,4147808
1913,11726608,4634704
1914,5283856,8954016
1915,4519776,3840304
1916,5175552,2739136
1917,6347408,2889056
1918,4520704,3127008
1919,5284384,2987472
1920,6432992,3178064
1921,6565888,2944048
1922,5070768,2841104
1923,6277728,2690864
1924,5678800,3503488
1925,4759632,4035312
1926,3819712,2841264
1927,4323088,2638608
1928,4198336,2546784
1929,4813936,2954592
1930,4456400,2608912
1931,8054144,3078480
1932,4470720,3201216
1933,3449600,3018448
1934,3612896,3255664
1935,3785856,2732272
1936,3661040,3447024
1937,3851696,2578880
1938,3653136,2891632
1939,3565168,2836080
1940,3432576,2822560
1941,4097888,3729424
1942,3369280,2487472
1943,3468592,3019712
1944,3331872,3267024
1945,3135456,3251024
1946,3623744,2482704
1947,3245584,2903968
1948,3765632,2906032
1949,3892288,3271536
1950,3732464,2677728
1951,3959296,3120800
1952,3364528,3108464
1953,4121216,3174528
1954,3220944,3516336
1955,3613776,2567216
1956,3555872,2914224
1957,3492576,5958208
1958,4352768,3209856
1959,3141456,4129088
1960,3712448,2139472
1961,3944448,2724784
1962,3906800,2944352
1963,3167888,5512208
1964,3593184,3801984
1965,3554320,2843328
1966,3910640,2699936
1967,3396912,2752576
1968,3707760,3386432
1969,3773888,2765488
1970,3847280,2884544
1971,4194112,3078112
1972,3103248,2546256
1973,3638224,2998704
1974,6628448,3108048
1975,10000160,2938000
1976,3705712,3002016
1977,4213232,3286736
1978,2768016,2899024
1979,2998016,3368224
1980,3023792,2787904
1981,6180528,2822880
1982,4540336,2959200
1983,3455824,2923728
1984,3286624,3039936
1985,3340288,0
1986,4084752,0
1987,3366368,0
1988,3482240,0
1989,3740352,0
1990,3126896,0
1991,3668688,0
1992,3754256,0
1993,3639648,0
1994,3653632,0
1995,3916752,0
1996,3604208,0
1997,4043328,0
1998,3333504,0
1999,3484240,0
===CSV_END===
=========================================
HI_NET_PING_DONE run=8
