HI_NET_PING_START run=10
Probes: 2000  |  Protocol: UDP  |  Period: 1 ms  |  Msg: 64 B
hi_net_ping: sending HELLO to 127.0.0.1:5002 (protocol=UDP)...
[echo] HELLO — protocol=UDP  n_probes=2000
hi_net_ping: HELLO_ACK received
[echo] HELLO_ACK sent
hi_net_ping: starting ping-echo loop (2000 probes at 1 ms)...
[echo] run #10 — echoing probes
========== HI_NET_PING RESULTS ==========
Probes sent:        2000
Echoes received:    2000
Lost (no echo):        5 (0.250%)
RTL (us):
Mean: 3844.849    Std dev: 760.176
Min:  2447.600    Max:     18137.312
P50:  3734.896    P95:     4891.232
P99:  6386.832    P99.9:   13495.936
IAJ (us):
Mean: 3237.118    Std dev: 641.755
Min:  1804.912    Max:     8884.960
P50:  3108.240    P95:     4258.624
P99:  5862.576    P99.9:   8730.688
===CSV_START===
index,rtl_ns,iaj_ns
0,3982064,3656736
1,4333216,3854784
2,3850688,2953440
3,3584144,2891088
4,3484800,2886928
5,3510688,3414016
6,4031344,2967648
7,3582496,3160832
8,3866320,2664240
9,3273568,3621168
10,4285488,2931840
11,3635280,3782720
12,4188096,3112208
13,3702160,3520416
14,4158080,3357232
15,3923520,2938064
16,3473312,2994544
17,3527120,4831216
18,5352144,3200832
19,3954496,2573088
20,3229440,2406144
21,3070880,3948848
22,4159440,2825392
23,3552016,3436672
24,4124176,3552192
25,4172720,3278656
26,3962656,3418640
27,4026256,2593232
28,3283728,5862576
29,6445120,2683552
30,3374320,3207808
31,3877520,2996864
32,3707264,3268560
33,4008368,2765072
34,3439920,2673200
35,3404720,3481888
36,4210768,2512128
37,3157712,2494432
38,3152624,3003392
39,3187840,2992096
40,3100592,3042288
41,3227120,3613808
42,3740304,3142944
43,3863520,3258080
44,3996448,2644480
45,3246752,3267296
46,3800048,2995184
47,3665600,2839504
48,3583392,2993952
49,3709568,3701584
50,4443968,3010368
51,3732272,3562672
52,4262608,3389504
53,3996752,3155040
54,3843728,2899856
55,3534576,2879200
56,3458032,3684032
57,4354192,2830976
58,3403664,2854208
59,3517232,3217776
60,3833168,3022800
61,3473312,2678688
62,3401856,2903936
63,3523840,2638944
64,3258480,2956272
65,3597584,3387152
66,4003488,5383312
67,6023856,3001776
68,3732944,2640912
69,3380816,3203344
70,3844144,2781008
71,3507376,3083504
72,3774432,3266432
73,3934416,3025568
74,3740512,3074416
75,3823424,2777072
76,3338352,3145248
77,3871536,2675792
78,3407136,3035104
79,3729120,3139856
80,3852352,2840048
81,3593760,3100992
82,3776192,3245696
83,3952816,2996816
84,3751216,2741184
85,3346144,3098816
86,3795744,3808944
87,4556672,2418816
88,3080512,2684176
89,3277776,3316624
90,3990960,2524752
91,3145152,3124272
92,3747232,3032928
93,3697616,3458240
94,4123056,2956976
95,3545520,2814976
96,3446544,2541104
97,3168672,2529440
98,3162352,3561136
99,3155104,3435104
100,4082864,2831952
101,3485120,2671472
102,3375296,3221776
103,3825552,3255392
104,3945184,2720528
105,3376992,3302352
106,3963616,2580192
107,3171232,2965152
108,3536448,3409296
109,4035104,3081328
110,3718544,2832000
111,3384448,3092128
112,3795152,3013264
113,3628256,2943344
114,3577072,3186128
115,3830080,2501552
116,3151840,3332864
117,3955440,2524496
118,3142688,4258624
119,4891232,3619408
120,4290160,3496128
121,4085760,2931744
122,3579856,3324544
123,3853376,2932240
124,3555648,3847312
125,4339376,3836992
126,3858848,3382464
127,4070544,2623280
128,3244336,2785936
129,3353616,3222992
130,3864784,3691824
131,4289776,2541280
132,3246944,2889168
133,3414640,2639920
134,3318800,2504496
135,3139232,3900736
136,3896112,2612176
137,3329776,3235200
138,3889664,2746704
139,3390976,3242896
140,3871616,3132928
141,3819360,3090560
142,3804448,2980288
143,3636832,2685376
144,3299936,3357056
145,3990000,2496256
146,3056432,2524480
147,3238368,3885232
148,3899776,2687904
149,3403872,2995392
150,3628352,3392368
151,4011936,2541856
152,3192960,2495920
153,3135536,3750288
154,3829920,2765440
155,3397344,2483616
156,3115840,4000240
157,4022016,2675408
158,3331248,2953920
159,3629296,3320768
160,3939968,2965904
161,3484176,2675440
162,3275376,2344080
163,2997648,3003968
164,3091456,3789088
165,3976512,3289792
166,3969920,2881136
167,3443648,3422736
168,4085920,2645920
169,3357904,2798832
170,3332000,3199920
171,3817568,3028256
172,3428512,2939904
173,3541920,2586816
174,3197536,2464960
175,3095808,3855584
176,3897312,3015392
177,3722944,2618592
178,3298784,3374448
179,4021872,3405360
180,4100080,2909408
181,3589168,3074656
182,3639792,2903504
183,3589856,2847616
184,3467312,2616624
185,3164672,3155088
186,3785504,3543376
187,4193328,2704544
188,3399824,2725680
189,3339424,3185664
190,3817952,3046112
191,3673200,3087104
192,3737840,2691232
193,3253504,2792592
194,3255920,3079824
195,3720320,3351616
196,4000336,2641056
197,3188224,3701344
198,4334848,2788736
199,3415040,2802608
200,3374192,2728144
201,3346960,2386672
202,3022624,3837936
203,3879040,3496864
204,4200848,2612368
205,3285968,2995072
206,3613968,3049088
207,3662208,3002528
208,3567184,2735552
209,3333376,3202144
210,3821504,2782928
211,3336288,3203200
212,3843648,2791808
213,3423696,3212960
214,3810720,3241760
215,3866576,2681328
216,3330784,2752624
217,3467152,3391152
218,4028032,2463456
219,3063440,3220384
220,3933184,3746208
221,4421248,3517856
222,4209920,3436608
223,4059200,3046928
224,3756048,2569712
225,3099440,3439344
226,4054336,3487088
227,4109456,3189200
228,3679104,3435488
229,4005664,4774128
230,5389024,2825312
231,3469888,2972400
232,3620944,3033808
233,3665648,2865568
234,3496704,2898528
235,3488720,2617536
236,3252320,3423024
237,3979360,2903376
238,3522720,3249792
239,3965296,3040448
240,3582432,2988128
241,3574976,3252768
242,3839472,2578448
243,3269744,2617200
244,3253200,3354080
245,3991200,3033216
246,3590064,2772480
247,3363904,2768480
248,3353296,2442400
249,3061632,3743072
250,3756688,2772000
251,3396992,3387968
252,4030496,3218112
253,3921312,2947792
254,3559680,3298496
255,3844784,3824784
256,4452736,3322528
257,3943152,2792992
258,3345280,3252496
259,3856640,2894848
260,3403632,3042384
261,3665552,3202720
262,3750928,3290144
263,3867888,3054224
264,3570304,2980944
265,3559824,2841232
266,3389520,3192560
267,3709008,3911984
268,4330368,4222544
269,4192192,2982512
270,3599984,2922672
271,3449552,3072016
272,3585520,2994208
273,3590608,2776480
274,3412096,2698512
275,3202336,3378080
276,3991904,2980320
277,3629728,2546400
278,3114320,3162576
279,3818160,3271040
280,3936064,2744592
281,3377056,2906992
282,3580208,3381920
283,3994256,2847264
284,3388336,3094976
285,3801488,3529440
286,4148976,3403936
287,4111968,3090704
288,3804384,3094400
289,3641280,3113488
290,3730256,3184784
291,3830688,2844944
292,3441664,3661520
293,4310432,2655568
294,3224000,2665808
295,3260784,3535600
296,4141760,2857616
297,3398000,2884176
298,3405168,3573328
299,4100640,3938576
300,4356544,4062944
301,4079744,2555520
302,3160768,3277072
303,3907936,3317376
304,4006096,2853024
305,3457024,2677744
306,3269696,3187232
307,3856336,2609056
308,3236384,3213920
309,3856672,3212336
310,3892752,2645344
311,3277216,3028000
312,3664592,2972032
313,3613248,3331088
314,3953632,2781296
315,3405104,3063936
316,3640592,3218800
317,3847936,3055360
318,3669104,2603504
319,3212416,3121424
320,3745648,3217632
321,3842768,2663920
322,3207536,3210144
323,3853424,3153952
324,3868688,2531536
325,3181040,3051312
326,3662896,3279296
327,3906800,3108464
328,3791664,2664000
329,3281056,3243728
330,3859024,3601888
331,4312704,2223424
332,2917312,3216304
333,3895776,2963808
334,3582624,2608144
335,3319216,3363872
336,4020432,3288480
337,3992736,3143424
338,3727792,2710928
339,3412848,2657408
340,3202288,3379584
341,4030128,2657040
342,3259616,2944976
343,3626864,3109456
344,3750288,3291664
345,3908496,2642640
346,3250688,3889152
347,4555104,3137184
348,3763248,3186192
349,3865488,2953040
350,3665424,3281168
351,3997584,3345488
352,3926144,2718592
353,3356736,3212304
354,3865280,3044640
355,3666816,3039264
356,3609616,3007056
357,3567536,3509808
358,4156928,2850560
359,3334416,3048400
360,3459136,3646784
361,4023088,4428640
362,5054240,2631648
363,3269360,2885040
364,3497056,3253664
365,3903744,3178304
366,3818112,4062368
367,4552848,3544800
368,4088576,2798192
369,3312048,3490992
370,4157728,2743984
371,3212432,3003136
372,3520624,3273632
373,3799968,3153168
374,3524656,3023488
375,3550512,2961696
376,3509840,3018192
377,3597136,2834368
378,3306464,2699392
379,3231376,2516944
380,3058080,3274672
381,3834352,3184080
382,3858560,2815216
383,3356592,3860928
384,4348432,3759504
385,4354896,3784944
386,3767536,3194832
387,3889472,3051760
388,3643536,2622544
389,3171472,2420336
390,3066208,3676016
391,3768448,3034736
392,3704464,3310432
393,3984368,2519632
394,3108640,2443232
395,3106800,3638048
396,3754208,2891696
397,3608272,2464720
398,3148192,3775952
399,3835344,3098768
400,3792368,3098432
401,3852784,3027520
402,3632560,3093648
403,3729536,2755536
404,3406480,3028096
405,3708352,2898896
406,3519328,3160496
407,3903008,2955456
408,3701904,2612000
409,3325264,2518768
410,3236944,3002864
411,3158064,3779616
412,3900192,3052624
413,3796496,2735552
414,3451280,3263312
415,3921200,2913600
416,3656160,3185280
417,3894608,2876112
418,3475920,2711984
419,3442992,3350464
420,4001648,2850288
421,3564608,3198480
422,3940400,2562800
423,3308848,3110928
424,3768304,2398592
425,3116752,3684688
426,3804256,3139808
427,3843088,3172592
428,3927376,2957344
429,3610928,2584064
430,3177552,2497360
431,3202976,3804496
432,3919296,2708352
433,3422080,2477712
434,3164352,3798832
435,3816448,3205952
436,3956816,2526352
437,3127184,3298864
438,3967264,2926160
439,3668352,3169936
440,3901360,2559648
441,3239184,2515568
442,3247984,3592256
443,3702128,3138352
444,3860800,3001184
445,3749712,3014048
446,3740944,3140624
447,3891872,3081776
448,3831472,2781168
449,3369712,2715856
450,3443568,2502144
451,3147088,3776736
452,3880592,3227328
453,3957664,2903040
454,3472464,2784576
455,3534224,3227296
456,3923216,2716336
457,3461216,3308992
458,3985616,3008720
459,3752144,2985872
460,3595008,2922560
461,3677296,3619024
462,4309824,2662048
463,3342736,3095232
464,3661920,2672944
465,3314896,2834064
466,3551072,2859888
467,3570064,3211536
468,3915536,3183376
469,3935920,3054544
470,3692912,2911904
471,3540896,2801072
472,3422912,3016352
473,3737872,2741216
474,3482176,3111472
475,3725264,3411664
476,4068944,2656624
477,3270960,3347904
478,4080336,2716944
479,3343936,3267520
480,3970256,2510512
481,3124256,3823408
482,4408080,3579200
483,4300608,2810464
484,10778128,2984256
485,3410576,4140448
486,3717840,3228816
487,4396688,3451616
488,3957088,2545072
489,4097728,3016176
490,3170384,8730688
491,3603264,3768624
492,9324768,3782736
493,4463520,3744608
494,4445920,3307232
495,4452960,3018464
496,3807584,2529360
497,3741024,5808208
498,3191312,3844144
499,5907632,4256240
500,4560416,3130768
501,4932400,3017952
502,3660640,3449616
503,3540096,4356464
504,3945200,3669392
505,4990048,3606112
506,4379392,3966896
507,4252016,3483600
508,4571104,4299856
509,3937984,2838672
510,4935312,2772896
511,3436688,3048704
512,3404736,3594096
513,3709472,2945392
514,4248864,2817680
515,3535792,2872144
516,3375040,2786592
517,3396064,3404944
518,3494720,3317264
519,4036368,2723328
520,3841936,2680848
521,3283392,3316096
522,3233376,3509104
523,3914176,3465488
524,4027920,3121520
525,4033024,3270736
526,3704000,3524160
527,3878864,2740080
528,4133840,2787968
529,3247184,2673136
530,3314048,3347488
531,3309712,2670416
532,3937056,3240768
533,3179488,3041152
534,3848144,2989040
535,3725568,3151792
536,3615584,2975952
537,3768208,2911664
538,3448144,2939008
539,3404304,2901632
540,3572912,3041680
541,3603120,3129520
542,3684736,3040720
543,3801728,2638288
544,3523408,2890240
545,3246080,3269968
546,3525616,2820608
547,3848064,3260832
548,3490240,2625072
549,3867200,3297008
550,3240768,2732800
551,3858352,3108240
552,3297408,3340448
553,3673152,2869888
554,3939808,2888768
555,3388848,3164080
556,3567104,3009696
557,3866800,2725776
558,3654912,2986016
559,3315104,3699360
560,3596240,3186512
561,4271712,3729632
562,3554752,4530768
563,4189024,2731968
564,4406304,2526704
565,3427824,3342896
566,3100096,3110640
567,3968496,2613184
568,3827552,3303824
569,3180528,3404736
570,3931392,3031824
571,4033488,3754304
572,3744240,3293232
573,4366128,3770912
574,3896704,3564288
575,4338192,3997392
576,4099856,2877584
577,3754304,3389696
578,3493216,2676224
579,3998672,3788048
580,3255248,3639184
581,4469728,3246864
582,4282240,2984240
583,3865120,3153936
584,3649568,3179216
585,3711808,3309632
586,3767248,3511104
587,3887264,3481648
588,3969696,4040944
589,4099088,2845360
590,3980096,3592784
591,3397856,2899504
592,4284272,3419552
593,3610432,3861568
594,4080512,2885424
595,4516912,2926560
596,3488640,2860704
597,3504832,3102304
598,3442048,3778288
599,3616976,4746384
600,4402720,2599728
601,5303632,3867632
602,3192112,3551648
603,4505344,3582768
604,4249632,3308112
605,3618480,3153440
606,3835856,2679536
607,3581664,2754000
608,3205008,3083280
609,3311824,2942800
610,3707120,2999872
611,3496512,2963760
612,3636128,2677200
613,3587904,3092432
614,3275264,3138928
615,3680752,3174896
616,3667344,3197712
617,3834496,2841680
618,3728624,2754000
619,3502944,3679280
620,3345616,2874544
621,4334640,3020768
622,3379488,3138512
623,3533888,2504448
624,3516912,2766432
625,3082640,2754720
626,3382592,3278784
627,3452224,3248080
628,3865344,2933760
629,3890128,2859184
630,3513232,3159200
631,3381376,2797056
632,3679360,3859488
633,3362640,3461040
634,4532528,4327760
635,3797872,2554608
636,4242096,3440224
637,3104592,2916192
638,4077456,3244864
639,3470928,3918464
640,3938592,5002416
641,4512656,3912464
642,4947376,4950944
643,4037984,3037120
644,5704896,2705088
645,3722928,3206624
646,3350016,2274768
647,3725792,3108656
648,2914848,3264128
649,3837728,3002864
650,4008048,2998240
651,3491264,3471504
652,3531056,3643120
653,4000528,4088064
654,3999504,2806720
655,4723856,3120480
656,3473776,3359664
657,3750368,3028288
658,4003248,2579072
659,3585280,2999920
660,3159456,3329728
661,3652624,2817568
662,3994080,3249280
663,3444880,2639600
664,3889568,3284416
665,3191296,3021728
666,3924880,2597296
667,3650496,3335024
668,3218784,3623696
669,3987616,3489424
670,4313584,3206144
671,4126496,3206496
672,3789840,2974368
673,3815120,2802784
674,3676048,3305808
675,3340976,2538416
676,3913056,3410160
677,3069024,3145424
678,3981024,2994112
679,3801952,3150784
680,3549936,2584480
681,3610352,3532896
682,3205264,3144256
683,4200848,3705440
684,3666496,3998240
685,4133344,3272656
686,3986976,3149872
687,3956944,2691008
688,3700784,2837488
689,3308096,3825552
690,3495968,3883888
691,4450672,3125440
692,4581728,2974944
693,3770800,3085856
694,3598880,2811024
695,3685264,2809088
696,3314480,3258832
697,3456704,2564240
698,3867328,3125056
699,3222048,3207024
700,3678896,2812384
701,3819296,3930800
702,3467296,3553008
703,4531344,4244400
704,4012896,3127408
705,4885312,3163216
706,3842960,3290320
707,3739728,3550640
708,3886944,3354784
709,4105792,2994672
710,3911008,3076144
711,3651568,2650224
712,3695920,3430352
713,3267840,2945952
714,4008448,2919168
715,3463424,2967824
716,3428896,2684192
717,3611472,3308064
718,3308848,3181024
719,3891232,2692496
720,3687088,3261952
721,3283552,2754592
722,3794160,3474224
723,3319616,2799920
724,4017264,2956352
725,3358624,3071264
726,3601504,2833088
727,3600832,3422016
728,3414496,3086464
729,4059408,3127920
730,3695904,3533264
731,3659264,3470656
732,3966624,4064784
733,4081376,2682560
734,4053712,3736416
735,3246816,2513712
736,4361664,2766000
737,3225360,3784512
738,3297920,2875408
739,4427744,2598064
740,3491584,3494384
741,3290576,3786128
742,4032352,2855840
743,4410624,3299872
744,3492048,3105568
745,3903328,2963920
746,3477312,2832320
747,3497392,3461792
748,3400928,1804912
749,4134416,3407184
750,2447600,3470448
751,4069424,3052512
752,4040256,3002592
753,3568288,2963216
754,3580304,3000912
755,3492960,2902128
756,3531264,3579632
757,3448816,2576576
758,4269680,2877744
759,3075152,2722432
760,3404336,3288880
761,3346768,2899168
762,3879056,2810976
763,3538320,3196464
764,3448064,2767232
765,3800928,3387600
766,3408928,3261744
767,3980608,2698576
768,3802224,2571440
769,3320576,3092720
770,3211264,3298208
771,3650576,2680384
772,3923792,3524256
773,3284368,2664192
774,4105376,2895248
775,3250128,3331312
776,3524944,2674064
777,3844176,3626672
778,3229040,3145584
779,4199040,2816512
780,3693600,3240288
781,3302688,2774896
782,3881776,3029376
783,3311616,3023920
784,3525728,2600400
785,3679296,3865008
786,3137104,3201104
787,4473680,4408736
788,3806736,3508320
789,5059312,3502880
790,4089392,3635984
791,4202112,3893760
792,4378736,4153248
793,4454480,5990080
794,4866544,4329184
795,6690192,4229072
796,5016784,3432672
797,4981904,4149584
798,4092064,4001024
799,4640256,4376592
800,4736256,3463344
801,5091328,4365072
802,4068928,5647360
803,4961696,3321920
804,5716384,3314144
805,3981968,3366832
806,4026128,3402032
807,3940480,3856608
808,4019408,3583808
809,3830224,3009376
810,4286928,2543616
811,3710096,2594688
812,3250320,3313328
813,3130160,2625664
814,3966480,3023664
815,3245632,3366528
816,3655632,2769488
817,4017136,3258496
818,3356752,2877952
819,3936384,3594976
820,3411600,3043008
821,4257376,3233792
822,3743456,3608480
823,3807904,3097856
824,4263600,3018992
825,3770352,2901984
826,3599856,3828448
827,3535232,3514144
828,4495792,4295616
829,4058096,3516880
830,4351056,3266112
831,4087504,3714192
832,3900768,2818256
833,4374480,2994032
834,3318496,3184960
835,3702320,2640288
836,3894896,3571040
837,3201792,2754960
838,4189840,3055040
839,3391056,2832896
840,3716080,5233184
841,3414832,3443584
842,4989568,2938112
843,4084336,2797216
844,3471632,3311488
845,3332944,3085344
846,3924912,2863232
847,3618832,3104640
848,3437296,2705392
849,3657552,3341488
850,3265072,3199712
851,4033600,3055680
852,3741104,2533568
853,3668624,2936816
854,3227264,2960048
855,3474320,3101088
856,3655296,3112448
857,3797760,2993824
858,3740896,2720464
859,3560496,3173936
860,3300160,3042576
861,3885136,2959584
862,3569184,3166960
863,3510096,2885392
864,3780384,2983008
865,3462976,2966608
866,3424192,2684736
867,3476832,3405872
868,3183456,2818640
869,4058480,2769616
870,3381552,3344640
871,3463760,2853728
872,3975440,3130784
873,3414800,2778384
874,3824080,2906864
875,3377408,3355920
876,3496288,2771776
877,4003104,2765152
878,3301952,2466128
879,3476384,4037040
880,3104704,2875264
881,3568368,2677136
882,3388608,3902736
883,3232224,3503056
884,4543424,3965120
885,4109920,3009312
886,4544656,2927808
887,3471872,2784144
888,3379904,2909216
889,3220544,4423408
890,3407456,3814992
891,4872656,3315776
892,3472160,2774112
893,4006464,3070944
894,3384976,2898112
895,3685776,2992880
896,3452864,2848896
897,3593424,3383552
898,3565440,3373904
899,4061440,2940288
900,3890688,3714176
901,3527680,3358592
902,4394416,3777952
903,3958016,3664928
904,4375776,3997408
905,4293232,3126336
906,4037360,3417072
907,3709984,3873648
908,4001088,3278688
909,4477520,2711728
910,3929872,3150800
911,3301264,2561120
912,3815856,3377520
913,3185680,2905248
914,3944656,2793328
915,3551664,3202112
916,3432208,3135664
917,3784656,2847456
918,3787424,2999920
919,3414064,3021008
920,3626560,3374928
921,3671792,2859968
922,4027760,2939072
923,3448608,2942752
924,3479904,3713200
925,3553600,3579568
926,4366032,4208080
927,4121568,2956384
928,4209136,3528048
929,3555920,2889392
930,4110512,2704928
931,3599920,2845648
932,3411120,3097408
933,3407344,2618624
934,3663888,3293328
935,3238272,2695456
936,3935856,2913680
937,3410304,3614608
938,3509376,2742208
939,4259280,3299184
940,3351760,3780160
941,4002992,3485408
942,4396240,3396048
943,4092512,3138592
944,3788944,2871520
945,3778848,3076416
946,3391600,3039920
947,3698592,2741408
948,3590368,3284192
949,3213792,3566352
950,3783152,4022560
951,4048064,3882368
952,4589584,3710208
953,4530576,3380992
954,4386368,2985888
955,4009664,2801408
956,3540912,3173840
957,3374528,2842880
958,3826560,3318080
959,3436368,2802448
960,3990144,3006784
961,3422720,2998800
962,3519680,3007664
963,3639696,2541648
964,3515120,3326336
965,3194800,3182304
966,3868496,2887664
967,3811504,3059344
968,3448688,2727104
969,3700624,3717968
970,3293936,2602640
971,4337984,6940384
972,3094352,4242960
973,7546464,4165808
974,4997632,4322816
975,4853136,3547104
976,5045296,3575376
977,4180192,4606112
978,4252208,4309808
979,5258640,4299920
980,5014096,3263408
981,4944896,4818896
982,3947248,3824784
983,4833552,3471440
984,4496624,3600768
985,4123056,7413104
986,4216336,4142688
987,8120320,2779136
988,4144720,3221504
989,3321616,2792432
990,3931408,3076624
991,3341824,2677808
992,3740848,3126704
993,3249168,2873536
994,3784736,3371792
995,3460192,3511840
996,4027072,3409856
997,4034336,3435088
998,4064096,2966992
999,4149888,3204816
1000,3534800,3503536
1001,3865424,3842432
1002,4056144,3905264
1003,4305856,3416160
1004,3865520,7778176
1005,4113200,3229952
1006,8232752,4366720
1007,3984256,4330592
1008,4583008,4291568
1009,5028400,3005696
1010,5045408,4528656
1011,3506608,3167984
1012,5103984,3104096
1013,3894992,3774848
1014,3848368,3352224
1015,3699872,2626080
1016,3978768,3329776
1017,3237456,2981792
1018,3962736,2830576
1019,3552336,2644096
1020,3360000,3070960
1021,3334960,3368816
1022,3665520,3223456
1023,4022368,2869712
1024,3703216,2851440
1025,3461584,3548096
1026,3398304,3465936
1027,4132000,3277056
1028,4178400,4214016
1029,3869648,3570112
1030,4770464,4082320
1031,4172608,2964960
1032,4043152,2578640
1033,3537360,3308720
1034,3166656,2815648
1035,3913440,3330848
1036,3429712,2757328
1037,4016080,3211760
1038,3325792,3030816
1039,3903600,3659840
1040,3582336,3617616
1041,4212448,2983392
1042,4271936,3179280
1043,3630480,2816448
1044,3837936,3144480
1045,3451408,2943232
1046,3787296,3084640
1047,3569232,2875264
1048,3777664,2692640
1049,3352432,3133248
1050,3360320,3295344
1051,3716400,3033504
1052,3930960,2774528
1053,3623536,3616896
1054,3327952,2757104
1055,4262512,2864736
1056,3256096,2657328
1057,3463200,3218752
1058,3189744,2553920
1059,3771136,3754992
1060,3177568,3197072
1061,4311232,3065136
1062,3747568,4749552
1063,3537760,3608768
1064,5143008,3566400
1065,4274096,3429344
1066,4197120,3025040
1067,4040912,2782400
1068,3555088,3213552
1069,3444528,3106800
1070,3834896,2824224
1071,3617808,2827808
1072,3464800,3878496
rtimer: interrup
1073,3528048,4755056
1074,4465856,3541280
t took 12109680
1075,5022544,3620736
ns
1076,4184704,3523120
1077,4196208,2738816
1078,4115296,3765216
1079,3340096,3277696
1080,4074512,3765088
1081,3865824,4157376
1082,4230144,2765920
1083,4156864,2729024
1084,3321664,2888528
1085,3291392,3183744
1086,3529664,3294048
1087,3846656,2742656
1088,3970464,3237424
1089,3306400,2639152
1090,3842576,2973376
1091,3207008,3310288
1092,3594256,2736640
1093,3945152,3521216
1094,3452256,3018560
1095,4135648,2540384
1096,3641424,3241840
1097,3147056,2584496
1098,3828688,3962048
1099,3116400,3247584
1100,4605936,4195168
1101,3855216,3050640
1102,4894880,3161552
1103,3529472,3368784
1104,3669776,3404896
1105,3904848,4373264
1106,4041664,2653632
1107,4397584,2774768
1108,3358560,3267536
1109,3246528,2604912
1110,3971520,3160352
1111,3170512,3184016
1112,3783392,2727536
1113,3886608,3468688
1114,3315792,2763376
1115,4099344,3498192
1116,3355600,2629584
1117,4131120,2837760
1118,3282016,2969216
1119,3390912,3200608
1120,3659248,3067264
1121,3879712,3323376
1122,3587232,2551120
1123,3869248,2963968
1124,3240624,2689808
1125,3523056,3142848
1126,3225312,3183824
1127,3778016,2598016
1128,3867936,3907632
1129,3145984,3872944
1130,4531456,3631488
1131,4517600,2970368
1132,4290800,2808128
1133,3429952,2960576
1134,3374384,3249472
1135,3549088,2724848
1136,3807712,2659104
1137,3279616,3480736
1138,3292528,2981584
1139,4143136,3000128
1140,3349344,2675472
1141,3385024,2868960
1142,3318768,2694688
1143,3453920,3267664
1144,3363568,2715920
1145,3835040,3435488
1146,3351184,3100896
1147,4004032,2747072
1148,3730080,3335632
1149,3306128,2749008
1150,4009280,2593936
1151,3274016,3317104
1152,3113616,3235344
1153,3907648,3031984
1154,3881664,3094224
1155,3481664,2759408
1156,3553536,2975360
1157,3321744,3498768
1158,3632032,2807552
1159,4198352,2708912
1160,3242528,2633888
1161,3387104,3658592
1162,3264192,2724032
1163,4212864,2581232
1164,3113296,4570720
1165,3204816,3921776
1166,5242576,5080496
1167,4554800,2198320
1168,5813184,4213008
1169,2892448,3955232
1170,4967888,5048096
1171,4542848,3726032
1172,4636576,2832288
1173,4352400,4361760
1174,3402352,4723248
1175,5000784,4256096
1176,4765072,2975920
1177,4879856,4066704
1178,3653824,2859072
1179,4568720,4092112
1180,2862192,2602080
1181,3909952,3275216
1182,3309904,3123936
1183,3915824,2683120
1184,3768896,3132576
1185,3374080,2993120
1186,3780944,2876816
1187,3685312,3130176
1188,3557712,3070256
1189,3718576,2828400
1190,3767056,2846400
1191,3495632,4016896
1192,3503984,4687392
1193,4690272,2846320
1194,5348160,2650416
1195,3458320,3091808
1196,3172816,2828000
1197,3644960,3266688
1198,3448016,2824368
1199,3906336,2650432
1200,3334048,3395776
1201,3294768,2647024
1202,4117568,3765520
1203,3264304,2907072
1204,4490176,2939360
1205,3484384,2764784
1206,3435952,2830784
1207,3252880,2587904
1208,3333232,3487856
1209,3212000,2703216
1210,4079776,2797424
1211,3271376,3299600
1212,3409280,2660768
1213,3951056,3251040
1214,3326672,3377152
1215,3864464,3438560
1216,4074720,2713440
1217,3870816,2810704
1218,3381232,2795440
1219,3425024,2882496
1220,3301392,3043184
1221,3527632,3180896
1222,3710912,2868672
1223,3897968,2847664
1224,3393120,3093408
1225,3428352,3034592
1226,3818432,3244912
1227,3784912,2756880
1228,3991616,3330640
1229,3413280,2992496
1230,3966144,2556112
1231,3565120,2717536
1232,3213888,3610624
1233,3438720,2938976
1234,4267584,2601392
1235,3566768,3696464
1236,3154496,3070112
1237,4328960,3028704
1238,3734896,2716240
1239,3667536,2825024
1240,3253008,2679680
1241,3442944,2898960
1242,3285424,3386720
1243,3567248,2961856
1244,3999840,2602064
1245,3521888,3301904
1246,3251280,3133824
1247,3910720,2854048
1248,3863168,2791936
1249,3439408,3337072
1250,3503840,3185536
1251,3995328,2542736
1252,3907616,3379456
1253,3205024,2992576
1254,4056960,2612928
1255,3624080,3666144
1256,3161296,2605424
1257,4301328,2619728
1258,3256128,3402144
1259,3142896,2712784
1260,4103200,5583824
1261,3325632,3095696
1262,6275456,2761344
1263,3787728,3149856
1264,3504960,2823888
1265,3809888,3426192
1266,3480352,4782272
1267,4020384,3163840
1268,5453184,2741296
1269,3574016,2683248
1270,3386800,3368128
1271,3334880,2829424
1272,4088064,2532496
1273,3392576,3333584
1274,3203184,4080976
1275,3969136,3444768
1276,4612880,3746768
1277,4090832,2752272
1278,3789152,3831136
1279,3442496,2864752
1280,4555104,3001632
1281,3559552,2908656
1282,3648960,3008352
1283,3567456,2947840
1284,3606112,3096112
1285,3593280,3449616
1286,3742144,3145280
1287,4089872,3396560
1288,3801072,2958208
1289,4112496,3550160
1290,3556880,2562224
1291,4176528,3386576
1292,3183040,2519456
1293,4053536,3461952
1294,3052608,2928832
1295,4091296,2861456
1296,3531872,3200368
1297,3428192,2541600
1298,3864304,3663712
1299,3198512,2666784
1300,4285840,3272944
1301,3331424,3282144
1302,3930592,3057696
1303,3762128,2774224
1304,3554912,2958672
1305,3359216,2558416
1306,3566272,3619840
1307,3220672,2814624
1308,4351328,3334304
1309,3332816,2994352
1310,3632320,2700688
1311,3618128,3177952
1312,3297648,3063104
1313,3829632,2824000
1314,3613104,2992704
1315,3395824,3089520
1316,3550048,2958544
1317,3474608,2749872
1318,3422992,3028000
1319,3403520,2817872
1320,3523776,2737456
1321,3369952,3061632
1322,3385968,2797488
1323,3691376,3754064
1324,3488432,2809360
1325,4386912,2932640
1326,3471312,3094128
1327,3477184,2737072
1328,3626624,2679632
1329,3342400,3479136
1330,3273296,2761760
1331,4112912,3236256
1332,3388576,2551440
1333,3897712,2882512
1334,3167168,3831856
1335,3538048,3017200
1336,4488560,2830480
1337,3496336,2662704
1338,3248944,2706928
1339,3312784,3955616
1340,3401120,2999104
1341,4591040,3872752
1342,3554816,3996880
1343,4291312,2542112
1344,4100160,3188000
1345,3248288,3343520
1346,3758016,2949680
1347,4010592,3002256
1348,3559024,3429008
1349,3526208,2655536
1350,4175072,3310176
1351,3387024,3038704
1352,3914416,4011152
1353,3721040,2905504
1354,4731504,3609648
1355,3566128,2983168
1356,4242688,2695168
1357,3493120,2627600
1358,3278848,3171920
1359,3185168,3475328
1360,3851136,3076544
1361,4036336,2684128
1362,3390448,2839520
1363,3327248,3290144
1364,3396592,2851392
1365,3869072,3073232
1366,3461952,2773568
1367,3507984,3540288
1368,3411184,2998128
1369,4241104,3166864
1370,3468064,3837584
1371,3652064,3793376
1372,4374608,2673792
1373,3864736,3243792
1374,3401536,2820192
1375,3911344,3231648
1376,3512640,2764880
1377,3938096,3234032
1378,3428416,3602112
1379,3855792,2975088
1380,4268000,2949248
1381,3696640,2679104
1382,3653376,2679168
1383,3401968,3332112
1384,3372352,2596912
1385,3969216,3352832
1386,3351440,2586624
1387,3978752,3364208
1388,3308304,3142896
1389,4087520,2928480
1390,3893968,3391776
1391,3549184,2583392
1392,4137456,2873040
1393,3288880,3079248
1394,3591408,2674160
1395,3647728,3187952
1396,3396160,2893984
1397,3799568,3269744
1398,3588800,2564192
1399,3934928,3440928
1400,3294928,2718704
1401,4128976,2971904
1402,3424400,3131472
1403,3564800,3661568
1404,3742032,3390416
1405,4342928,3288000
1406,4110848,3469856
1407,3975312,3987008
1408,4099632,4209536
1409,4599344,3265792
1410,4909104,2881632
1411,3956224,2706240
1412,3454368,2938304
1413,3389968,3276752
1414,3580224,2767520
1415,3852992,3211712
1416,3465120,3017792
1417,3864800,3043280
1418,3716000,2674624
1419,3769792,3404416
1420,3383648,2657744
1421,3987168,3178304
1422,3380752,2849344
1423,3785824,3465680
1424,3523920,3130832
1425,4066416,3065920
1426,3759872,3503376
1427,3736432,3694832
1428,4147632,3349984
1429,4397648,3156848
1430,3941024,2913072
1431,3596480,2933232
1432,3434192,2693232
1433,3430976,2717440
1434,3335040,2973968
1435,3232784,3539296
1436,3640048,2715392
1437,4202800,4135200
1438,3379232,3412832
1439,4833168,3748208
1440,4027168,3160992
1441,3801504,2781600
1442,3858272,3106672
1443,3472768,3242592
1444,3775808,2743456
1445,3928896,3289008
1446,3396752,2702288
1447,3981584,2741808
1448,3403184,3150896
1449,3357824,3199392
1450,3868592,3606288
1451,3876800,3462656
1452,4356736,3218416
1453,4176576,3562528
1454,3964112,3078656
1455,4200528,2620512
1456,3616912,2725456
1457,3315136,3995872
1458,3474352,3007408
1459,4626240,4753344
1460,3608400,3513968
1461,5313792,3723040
1462,10876944,4115184
1463,3511424,3037712
1464,4335680,6342816
1465,4775584,3721200
1466,3757264,7024752
1467,7040080,4702208
1468,3580800,4101648
1469,6802432,3877088
1470,13495936,3742304
1471,5446672,4087584
1472,4586448,3907088
1473,3919216,4229648
1474,4410176,3532240
1475,4813600,4592976
1476,4465760,2474576
1477,4876960,5700928
1478,4212480,2738704
1479,4720272,3159952
1480,3122848,2777904
1481,6386832,3065728
1482,3459296,2910784
1483,3838640,3043712
1484,3424448,3159360
1485,3707680,2761776
1486,3585824,3193232
1487,3715728,2802512
1488,3823536,2507872
1489,3451952,3777888
1490,3799600,3131664
1491,3484224,2700224
1492,3155744,3351200
1493,3882848,2633024
1494,3792672,3100384
1495,3341248,2753504
1496,4018352,3236624
1497,3278544,3222752
1498,3756752,2979840
1499,3437232,3200128
1500,3895376,2977232
1501,3922528,3174864
1502,3721648,2926592
1503,3844448,3977408
1504,3566384,3448736
1505,3723840,2596208
1506,3612928,3470416
1507,4578880,2653120
1508,4032320,2815744
1509,3157232,3521984
1510,4135088,2667472
1511,3264304,3609456
1512,3484016,2991888
1513,4172848,2915840
1514,3288592,2519888
1515,4269024,3293280
1516,3547488,4257424
1517,3492192,3603920
1518,3169184,2629504
1519,3973392,3891440
1520,4900928,2748032
1521,3761440,2711776
1522,3256288,3381584
1523,3975168,2751792
1524,3370464,3181200
1525,3437104,2856720
1526,4090608,3733232
1527,3466624,2621824
1528,3800720,3133104
1529,3524960,2759536
1530,4375248,2743952
1531,3347744,3380336
1532,3813936,2855664
1533,3371344,2810144
1534,3370352,2717888
1535,3978048,3321776
1536,3529088,2756544
1537,3462688,3283168
1538,3370560,2807296
1539,4027536,2968448
1540,3452864,2443008
1541,3910544,3755760
1542,3478000,3308672
1543,3580224,3015568
1544,3076016,2874608
1545,3858448,2896112
1546,4006672,3324896
1547,3708320,3959200
1548,3533840,3271040
1549,3513424,3008816
1550,4043536,3236288
1551,4605088,3067840
1552,3907568,2866096
1553,3694736,3078992
1554,3924368,2515584
1555,3595888,3406144
1556,3469776,2903552
1557,3692288,3805568
1558,3127424,3341088
1559,4076544,3326848
1560,3501152,3049936
1561,4432848,3712512
1562,3989552,3233296
1563,3981824,2919936
1564,3226704,3087424
1565,3837200,2629392
1566,3928288,3012016
1567,3523760,3120368
1568,3804160,3316832
1569,3273920,2435648
1570,3666048,3222416
1571,3759856,3146384
1572,3993056,3043648
1573,3116224,2681088
1574,3867392,2860448
1575,3836016,2496672
1576,3796336,3702704
1577,3382752,2988976
1578,3508896,3443136
1579,3195056,2867728
1580,3787952,2923552
1581,3661840,2994112
1582,4095424,2802048
1583,3529376,3384240
1584,3549872,2806048
1585,3706928,2823616
1586,3535792,3326816
1587,4038144,3176320
1588,3444096,3972784
1589,3543984,3362992
1590,4005200,2842608
1591,3746192,3349824
1592,4629216,2753984
1593,3996128,3757456
1594,3431216,2710160
1595,4029744,3113984
1596,3425488,2936144
1597,4430128,2865536
1598,3337232,2792032
1599,3685168,2681136
1600,3491728,3804832
1601,3378704,3645904
1602,3460560,3969168
1603,3314192,2777232
1604,4395392,3685488
1605,4210896,2801552
1606,4001536,2919872
1607,3470992,2683136
1608,4279760,3167680
1609,3456240,3043024
1610,3492976,3280080
1611,3419680,2969936
1612,3802592,2944768
1613,3744960,3171392
1614,3978720,2984272
1615,3562224,3722304
1616,3585392,3189104
1617,3759360,3379920
1618,3650624,2977872
1619,4369248,3134016
1620,3897408,2534432
1621,4050608,3599824
1622,3686080,2958592
1623,3779616,2816944
1624,3193760,3540960
1625,4195632,2877872
1626,3429024,3082288
1627,3438000,2881536
1628,4149376,2792848
1629,3336016,2708432
1630,3780752,3511072
1631,3450608,2710608
1632,3491360,2893584
1633,3339072,3258032
1634,4181120,2828864
1635,3406688,2599280
1636,3479344,3293696
1637,3909024,3108064
1638,3423376,2433792
1639,3211968,3635360
1640,3934208,2728976
1641,3828992,2787344
1642,3051792,3661024
1643,4256752,2539936
1644,3213808,3104112
1645,3519872,3048832
1646,4326688,2603248
1647,3249296,3388240
1648,3751792,2940176
1649,3730528,2674192
1650,3181920,4351680
1651,4024816,4926000
1652,3528688,4577056
1653,3176336,3512576
1654,4971552,4522592
1655,5630160,3293536
1656,5134208,3605424
1657,4012336,3444912
1658,5209920,3198672
1659,3916704,3655680
1660,4312048,3749392
1661,4171312,3078976
1662,3883248,2984976
1663,4141792,4030016
1664,4354880,5406448
1665,3122096,4588496
1666,3102288,3303584
1667,4146304,4093888
1668,5947392,5356208
1669,5098256,3217328
1670,3904864,3089168
1671,4587888,4044784
1672,5925136,4315360
1673,3944000,3548208
1674,3777824,4008672
1675,4539904,3109792
1676,4919712,3003440
1677,4215808,3386160
1678,3939392,3259392
1679,3724928,3652768
1680,3625520,3243440
1681,3932800,2837392
1682,3841888,3220704
1683,4325760,3629664
1684,3974416,4373808
1685,3447200,2962368
1686,3671248,3595840
1687,4185216,3027264
1688,5017520,3663488
1689,3649072,4046960
1690,4227552,3163184
1691,3672368,4387088
1692,4300608,3769552
1693,4665616,4062288
1694,3750096,3216944
1695,4933664,2679408
1696,4336432,3320816
1697,4638944,2858544
1698,3895360,3545120
1699,3272000,3597888
1700,4029584,4369296
1701,3481600,4101952
1702,4186192,3936128
1703,4141616,2944656
1704,5008752,3552016
1705,4742848,4674272
1706,4540240,3671312
1707,3480016,3500800
1708,4137664,3090384
1709,5297040,2832032
1710,4082512,3026048
1711,4205344,3385712
1712,3805408,4209776
1713,3464096,3814032
1714,3610592,4462960
1715,4085264,3377280
1716,4810992,2765344
1717,3819056,3359104
1718,5025200,5297776
1719,4031552,3428784
1720,3379392,4148528
1721,4023072,2900912
1722,5933456,4040256
1723,3972016,3425856
1724,4752192,3658320
1725,3474368,3382688
1726,4549648,3130592
1727,4065088,2800112
1728,3615216,2695136
1729,3999104,3294496
1730,3688080,3618256
1731,3353168,3790624
1732,3195584,3600240
1733,3933328,4935760
1734,4237520,2873104
1735,4431504,3034384
1736,4088736,3940800
1737,5306368,4215456
1738,3543616,3592224
1739,3709168,4650192
1740,4564064,3254992
1741,4862704,4259488
1742,4040560,2768416
1743,5256624,3582400
1744,3863392,2814944
1745,4958048,4094768
1746,3346384,6580640
1747,4087520,4377552
1748,3331824,3061680
1749,4598608,2763696
1750,5086960,2881216
1751,4961616,3498112
1752,3642240,2907824
1753,3287200,3295008
1754,3589648,6821792
1755,4091600,5321568
1756,3471584,7071184
1757,3873264,4668000
1758,7501616,3727504
1759,5758384,4195776
1760,7750976,5898656
1761,5215296,4657776
1762,4308384,8050880
1763,4618288,2805984
1764,6089520,3928128
1765,5387568,3321536
1766,6957600,3571920
1767,3498400,4578592
1768,4548432,4211392
1769,3995168,4713856
1770,4224832,3666304
1771,5226544,4400448
1772,3950992,3270848
1773,5100736,5785744
1774,4171648,6028720
1775,4991136,4960512
1776,3858976,5726640
1777,6250448,6799792
1778,5834672,7086016
1779,5482032,4195536
1780,6121200,3073232
1781,6025696,4669904
1782,7699072,2139360
1783,4864160,3547216
1784,3761760,4177424
1785,5405520,4109408
1786,2812368,5014176
1787,4212080,3505920
1788,4624208,2813264
1789,4783280,2701696
1790,5735504,2966256
1791,4040128,2977168
1792,3338368,2968016
1793,3353664,2868448
1794,3500576,3102992
1795,3537536,4073296
1796,3618848,4430368
1797,3465584,2843040
1798,3775888,3383520
1799,4730688,2879024
1800,5049920,2855936
1801,3415312,3442368
1802,3991728,3412320
1803,3469008,3432656
1804,3419696,2957008
1805,4139104,4425216
1806,4024784,3454304
1807,4126560,4451168
1808,3563408,2870816
1809,5024624,3016544
1810,4069808,2660976
1811,4466256,2601296
1812,3581168,3965648
1813,3610736,3854528
1814,3279808,3079632
1815,3164256,2649920
1816,4574448,4180032
1817,4489056,3624528
1818,3680992,3863712
1819,3220576,3318416
1820,4794192,3182624
1821,4223904,3168416
1822,3888320,3537808
1823,4031728,3548368
1824,3785456,2960720
1825,3769312,3053888
1826,4092624,3382688
1827,4121072,3252752
1828,3514160,3416832
1829,3591648,4424112
1830,3802720,3110576
1831,3693776,3156512
1832,4001344,3110624
1833,5057328,3679664
1834,3667648,3338448
1835,3748208,2887248
1836,3732688,2958656
1837,4295472,3131728
1838,3976304,2881424
1839,3513392,3564320
1840,3513088,3243792
1841,3665216,3630816
1842,3482368,4089552
1843,4227232,2913312
1844,3653344,3825744
1845,4131952,3386704
1846,4085920,3460368
1847,3612112,2892256
1848,4448480,2716512
1849,4023936,3886320
1850,4077168,2853504
1851,3511216,3192912
1852,3390064,2805680
1853,4447856,3345504
1854,3295760,3814672
1855,3758848,3797024
1856,3335936,3004544
1857,3966704,3307824
1858,4330160,2585392
1859,3621408,3833760
1860,3706656,2585440
1861,4000064,2914368
1862,3167680,2775744
1863,4459008,2851680
1864,3297296,3976560
1865,3477184,3987200
1866,3307536,3296320
1867,3493680,3316560
1868,4606736,3826480
1869,4606592,3943760
1870,3857984,2689840
1871,3693056,3285904
1872,4172032,2674336
1873,4009712,3548208
1874,3310160,2728000
1875,3953648,3267120
1876,3314880,3796496
1877,4126592,3372800
1878,3344512,2711600
1879,3955616,3318224
1880,4407552,2962288
1881,3971456,3697392
1882,3389424,3771728
1883,3903632,3960384
1884,3637904,3301488
1885,4340416,3284768
1886,4081712,3503024
1887,3977200,3234944
1888,3985568,3382160
1889,3865424,3028496
1890,4126576,2498736
1891,3896304,3704928
1892,3951184,3342192
1893,3700112,2970624
1894,3137520,2859344
1895,4304176,2765248
1896,3891216,3242464
1897,3456592,3031616
1898,3369264,3306672
1899,3292752,3812064
1900,3796864,4129968
1901,3628672,3053984
1902,3721200,2855104
1903,4273248,2883904
1904,4082784,3143248
1905,3631792,2999392
1906,3424608,2767504
1907,3464704,2776480
1908,3741744,3748432
1909,3562384,2820704
1910,3323856,2940336
1911,3445280,2918640
1912,4411568,2851040
1913,3442384,3063376
1914,3484896,2691472
1915,3496272,3513312
1916,3387792,3712176
1917,3720384,3572192
1918,3223600,2876784
1919,4142464,2819936
1920,4303360,3345200
1921,4273792,2561840
1922,3445776,3590272
1923,3450240,8884960
1924,3921568,3910864
1925,3196832,7684624
1926,4164528,2728560
1927,9463808,2806752
1928,4632800,3541760
1929,8418864,2862608
1930,3370272,7008544
1931,3518640,7333264
1932,4203504,4829968
1933,10821872,4756128
1934,3371776,3435552
1935,18137312,3944400
1936,5955648,2743984
1937,5876272,3731664
1938,4842048,2692752
1939,5344128,2679328
1940,4064752,3253600
1941,3962208,2618160
1942,3352992,3146224
1943,4352240,2774688
1944,3361728,3435072
1945,3229392,3228000
1946,3947008,2802304
1947,3176960,3420048
1948,3789616,2895552
1949,3405536,2954448
1950,4034624,2781072
1951,3838320,2903472
1952,3429040,2638768
1953,3998512,3254080
1954,3595760,2705968
1955,3541040,3323680
1956,3420736,3086384
1957,3447232,2489408
1958,3240096,2483584
1959,3879760,3725072
1960,3418288,3072992
1961,3976304,2963184
1962,3805728,2831568
1963,3117584,3210896
1964,3189904,2749312
1965,3890368,2558816
1966,3812896,3611440
1967,3661520,3134960
1968,3503728,2993648
1969,3921552,2995360
1970,3434784,3005584
1971,3281264,2717264
1972,3736592,2531280
1973,3859456,3602416
1974,3734800,3096192
1975,3732224,2808608
1976,3757136,3274288
1977,3445696,3549488
1978,3257984,2654528
1979,3839552,2889536
1980,3813424,3243920
1981,3477328,2559984
1982,3952704,3183648
1983,4282032,2858752
1984,3403936,3114496
1985,3507920,2786432
1986,3966416,2328416
1987,3215184,3746160
1988,3929248,3233008
1989,3559776,3442176
1990,3795856,3265712
1991,3521632,3329568
1992,3054128,3481632
1993,3947008,2727168
1994,3938272,3199216
1995,4190496,3412576
1996,4007808,0
1997,3947792,0
1998,4223456,0
1999,3473968,0
===CSV_END===
=========================================
HI_NET_PING_DONE run=10
