========================================
SHM Ping-Pong Client
Scenario 2 - EB corbos Linux Evaluation
========================================
Messages:       2000
Message size:   64 B
Poll interval:  100 us
Echo timeout:   10 ms

Waiting for shm_echo to register (UUID: b2c3d4e5-f6a7-8901-bcde-f12345678901)...
Found shm_echo!


========== SHM PING-PONG RESULTS ==========
Messages sent:    2000
Messages lost:    0 (0.000%)
RTL (us):
  Mean:   1693.447    Std dev: 549.684
  Min:      35.984    Max:     9697.360
  P50:    1523.584    P95:     2609.680
  P99:    3573.056    P99.9:   7897.280
Throughput: 591 msg/s
============================================
===CSV_START===
Seq,RTT_ns
1,2943072
2,1779216
3,1500576
4,1823072
5,1240896
6,2172784
7,1370912
8,2217536
9,1732752
10,1441920
11,1857136
12,2149200
13,1464160
14,1223344
15,1785536
16,1677520
17,2148336
18,1476480
19,2339328
20,1314976
21,1365376
22,1882304
23,3221920
24,1333696
25,1351392
26,2026080
27,1315840
28,1924800
29,1615008
30,2857584
31,1334752
32,2648640
33,1396848
34,1675808
35,1452720
36,3438512
37,1639952
38,2054064
39,1471344
40,1351824
41,2448752
42,1302640
43,1527712
44,1509136
45,2049488
46,1586528
47,1484352
48,2231200
49,1588256
50,1693120
51,1743024
52,1653760
53,1607760
54,2573872
55,1483024
56,3149104
57,1467808
58,1780672
59,1301216
60,2652352
61,1556432
62,1664512
63,2886000
64,2058240
65,1541056
66,1723872
67,1586992
68,1438304
69,1604416
70,1357488
71,2510320
72,1574528
73,2609680
74,1565600
75,2132144
76,1403664
77,2434480
78,1983248
79,2408848
80,1523584
81,2112688
82,2172912
83,1687856
84,1568480
85,1399008
86,2216336
87,1478144
88,1590672
89,1578368
90,2268544
91,1567776
92,2267872
93,1621104
94,2746656
95,1627136
96,1829744
97,1521520
98,1434448
99,1685504
100,1541632
101,2173008
102,1671152
103,2140384
104,1591168
105,2405152
106,1509744
107,1470144
108,2535328
109,1342320
110,2402816
111,1547712
112,1477488
113,1655168
114,1825568
115,1596832
116,1283472
117,1309248
118,1661552
119,1750752
120,1544800
121,1411552
122,1445856
123,1434272
124,1439168
125,1580864
126,3498176
127,1267040
128,1557440
129,1271440
130,1470656
131,2398240
132,1610400
133,1342464
134,1460048
135,1547024
136,1558384
137,1522800
138,1239744
139,1568960
140,1460960
141,1591792
142,2393504
143,1487248
144,1315152
145,1320976
146,1383712
147,1240688
148,1388512
149,2502752
150,1573552
151,2438816
152,1466208
153,1342368
154,1442208
155,1414240
156,1296448
157,2117920
158,1448160
159,1479328
160,1383632
161,1467408
162,2139360
163,1493344
164,1424624
165,1511920
166,1366672
167,2502576
168,1547136
169,2532832
170,1476832
171,2245392
172,1379360
173,1264112
174,1466224
175,2573824
176,1397200
177,1449088
178,2580944
179,2528080
180,1475680
181,1219888
182,2094624
183,1671360
184,1522032
185,1473792
186,1374448
187,1512896
188,1501376
189,2245296
190,1438800
191,1416144
192,2441120
193,1506432
194,2334560
195,1592336
196,1546848
197,1350976
198,1755056
199,1251200
200,1600512
201,1509808
202,1629440
203,2312976
204,1355168
205,1439632
206,1378288
207,1501664
208,1338048
209,841696
210,1190832
211,1315440
212,1595616
213,1189248
214,1489280
215,1402704
216,1406544
217,1355920
218,1338912
219,1543392
220,2434528
221,1568000
222,1743168
223,1408192
224,1314128
225,1440672
226,1374768
227,1783184
228,2175648
229,1795488
230,1334160
231,1443088
232,1386928
233,1514800
234,2539504
235,1679392
236,1664112
237,1477168
238,1528080
239,1786032
240,1499136
241,2173968
242,1428896
243,1353168
244,1280752
245,1349056
246,1469200
247,1020224
248,1662416
249,1381968
250,2253808
251,1420944
252,1405552
253,1457184
254,1263776
255,1695808
256,1660304
257,1550864
258,1513264
259,1510976
260,1528400
261,1327872
262,2260048
263,1295968
264,1544800
265,1279168
266,1954752
267,2204432
268,1293488
269,1355024
270,2132720
271,1301392
272,1386352
273,1643392
274,1485664
275,908624
276,1756000
277,1361104
278,2332560
279,1560336
280,2136272
281,1370128
282,1505904
283,1448544
284,1405952
285,1445504
286,1368912
287,2130576
288,1675184
289,2384960
290,1582240
291,2107488
292,1496912
293,1325840
294,1498288
295,1741872
296,2374224
297,1260368
298,1397472
299,1952880
300,2000288
301,1724512
302,1486128
303,1713984
304,1740192
305,3003472
306,1409680
307,2837776
308,1447184
309,1522880
310,1392672
311,1620560
312,1854080
313,1175808
314,1891408
315,1785568
316,2766640
317,1667984
318,1614384
319,1536704
320,1495344
321,1483024
322,1427056
323,2405312
324,1181280
325,1444128
326,1478336
327,2798864
328,1552320
329,1589136
330,1809104
331,1562112
332,2532208
333,1434512
334,1429232
335,1747344
336,3479536
337,1336272
338,2553856
339,1257088
340,1556928
341,1660576
342,3118400
343,1454464
344,1340080
345,1540640
346,1675024
347,2125824
348,1465808
349,1547472
350,1405520
351,1523776
352,1766160
353,1657872
354,1621440
355,2245856
356,1495040
357,1579360
358,1359168
359,2478272
360,2593936
361,1725856
362,1386320
363,1733504
364,1700288
365,1711824
366,920320
367,1634160
368,1251776
369,1234768
370,1388416
371,1346480
372,1557552
373,1418816
374,2779760
375,1365184
376,1639760
377,1491152
378,1429824
379,1264208
380,1559360
381,1442544
382,1445888
383,1563088
384,1671776
385,1448528
386,1130352
387,1834704
388,1458736
389,1490144
390,2354928
391,2757776
392,1420640
393,2481344
394,1295504
395,1761008
396,1363328
397,1392096
398,1303088
399,1633872
400,2285712
401,1736368
402,1429792
403,2439856
404,2547456
405,1418256
406,1458960
407,2499712
408,1431824
409,927984
410,1701424
411,2558496
412,1398544
413,2587232
414,1447568
415,2360976
416,1412384
417,1582960
418,924368
419,1633136
420,2296368
421,1291024
422,1531408
423,1757072
424,1882832
425,1527632
426,1433264
427,1388560
428,1234096
429,1579440
430,2357760
431,1476592
432,1424128
433,854064
434,1500496
435,1442864
436,1495744
437,1512816
438,2180576
439,1645120
440,1407472
441,2593872
442,2289296
443,1369248
444,1350608
445,1542416
446,1371984
447,2146336
448,1678656
449,1457712
450,2028336
451,1345344
452,1413104
453,1409568
454,1560400
455,1875392
456,1435024
457,1594000
458,1858208
459,2525904
460,1449456
461,2275888
462,1598976
463,1501184
464,2121376
465,1328016
466,1500160
467,1615152
468,1212144
469,1369024
470,2235072
471,1588224
472,1347808
473,3033744
474,1369296
475,1084896
476,862704
477,1458832
478,1524336
479,1220720
480,1456928
481,2309088
482,1544096
483,1406144
484,1263680
485,1503472
486,1150832
487,1296192
488,1193888
489,1516432
490,1731440
491,1512288
492,1886224
493,1519952
494,1495088
495,2424240
496,2556368
497,1287712
498,1513392
499,1634304
500,1398256
501,1709856
502,1516512
503,1530800
504,1672656
505,1500560
506,2101216
507,1732144
508,2340640
509,1551712
510,3773520
511,1559984
512,1127328
513,1513808
514,2396336
515,1448704
516,1509136
517,2388320
518,2726624
519,1352528
520,1438112
521,985952
522,1406208
523,1356608
524,1378064
525,1487056
526,1404112
527,2241520
528,1352320
529,1546416
530,1435232
531,2812864
532,1377328
533,2378032
534,1221440
535,1280768
536,1626896
537,1613888
538,2627824
539,1411360
540,1991744
541,1506864
542,1400736
543,1336272
544,1576864
545,1626240
546,1421744
547,1702176
548,1466256
549,1265952
550,2547920
551,1334416
552,1475408
553,1379424
554,1465872
555,1436224
556,1571168
557,1414480
558,2577120
559,2431424
560,1574160
561,2557232
562,1948208
563,1489696
564,1400400
565,1213936
566,1752080
567,1534512
568,2562880
569,1443360
570,1192720
571,1608112
572,1654368
573,1600240
574,1859232
575,2421248
576,1719888
577,2104704
578,1433744
579,1426272
580,1713968
581,1553504
582,1600432
583,1419616
584,1680576
585,1376864
586,1295984
587,1408336
588,1194800
589,1398896
590,1153888
591,1415024
592,1412512
593,1368192
594,1441712
595,1593184
596,2146832
597,1284384
598,2797936
599,1308032
600,1330128
601,1714176
602,1476960
603,1481520
604,1592288
605,1488416
606,1300640
607,1407200
608,1495152
609,1859152
610,1630576
611,1588336
612,1451536
613,1465264
614,1610864
615,1522128
616,2602160
617,1851616
618,1603104
619,1542224
620,1928672
621,2529376
622,1766176
623,1546752
624,1404048
625,1654128
626,1887568
627,1774752
628,1377632
629,2297248
630,1594416
631,1398736
632,2150512
633,1462016
634,1583152
635,1738256
636,1577760
637,1308496
638,3183376
639,1344752
640,1311792
641,1613664
642,1459600
643,1768368
644,1334544
645,1571648
646,1510368
647,1476752
648,1471072
649,2226928
650,1542192
651,1536720
652,1478992
653,2041856
654,1489232
655,1399968
656,1673952
657,1268240
658,1215552
659,1699296
660,1283376
661,1441008
662,1768080
663,2000832
664,1439648
665,2330848
666,1555824
667,1356016
668,1323824
669,1236480
670,1437184
671,1837792
672,1464896
673,1702832
674,1243616
675,1472704
676,1474480
677,1412112
678,1333392
679,1424560
680,1447744
681,2460208
682,1880592
683,1946704
684,1533296
685,1294800
686,1552256
687,1914448
688,1417648
689,1497568
690,1484176
691,2013680
692,1608592
693,1615712
694,1081376
695,1271808
696,1528096
697,1531648
698,1452176
699,2082864
700,1228560
701,1537440
702,1577408
703,1570304
704,2333168
705,1288080
706,1480976
707,1491152
708,3423088
709,1546896
710,1693584
711,1534128
712,1987760
713,1659648
714,1399088
715,2339168
716,1524768
717,1258192
718,1266144
719,1496240
720,1379120
721,1490688
722,3573056
723,1481664
724,1307056
725,1690976
726,2040144
727,1326144
728,1576016
729,1590112
730,1493728
731,2770400
732,3184176
733,1752048
734,1163744
735,1614928
736,1470016
737,1482608
738,1590624
739,1561808
740,1609104
741,1410896
742,1451232
743,1740128
744,1699264
745,1442160
746,3097040
747,1447376
748,1377136
749,1172432
750,1779840
751,2373216
752,1497824
753,2148320
754,1511408
755,2465968
756,1749344
757,2737728
758,1266016
759,1264576
760,2331952
761,2590064
762,1380032
763,1340192
764,1626464
765,1579504
766,2389008
767,1629984
768,1997072
769,1365200
770,1484752
771,1486656
772,1503920
773,2045952
774,1632048
775,2457616
776,1474992
777,1438880
778,1563248
779,1520848
780,2000224
781,1306768
782,1485984
783,1864560
784,1311408
785,1567760
786,1249248
787,2817600
788,1640576
789,1519936
790,2164976
791,1351632
792,1577744
793,1396592
794,1552144
795,1421952
796,1376608
797,2349024
798,1418416
799,1413440
800,1812144
801,1433552
802,1680096
803,1613456
804,2638880
805,1551072
806,1986800
807,1314064
808,1485744
809,1626944
810,1375408
811,2467728
812,1572496
813,1450480
814,2113712
815,1499792
816,1479408
817,1478512
818,2361440
819,1566784
820,1439424
821,1984880
822,1304864
823,1394192
824,1387952
825,1542512
826,1403648
827,1568336
828,1858592
829,1314688
830,1576672
831,1399456
832,1728896
833,1355392
834,2610528
835,1565984
836,2123120
837,1520096
838,1617728
839,1760896
840,1492192
841,1645920
842,1401616
843,1721056
844,1985120
845,1265776
846,1450048
847,1439600
848,1416672
849,2417200
850,1770000
851,1850080
852,1435760
853,1490400
854,1619824
855,1457008
856,1404800
857,2019712
858,1576384
859,1767072
860,3728544
861,1811040
862,2110128
863,1378000
864,1383536
865,2117936
866,1503920
867,1569136
868,1597808
869,2390880
870,2734288
871,1895872
872,1395840
873,1603216
874,1678960
875,1473728
876,1423680
877,1602192
878,2046544
879,1401712
880,1462592
881,1045664
882,4285856
883,1428000
884,2335504
885,1401424
886,1338784
887,1335248
888,1728624
889,1094400
890,2001776
891,1161968
892,1642848
893,1702368
894,1459488
895,1461488
896,1421344
897,1484208
898,1300304
899,2285088
900,1600272
901,1451808
902,2394560
903,1255328
904,1376080
905,1611840
906,1333264
907,1837664
908,1237536
909,1543616
910,1290528
911,1372464
912,1749328
913,1229280
914,1420784
915,1349136
916,1557392
917,2134368
918,1624048
919,1361648
920,1468608
921,1807232
922,1868528
923,1631616
924,1288352
925,1560512
926,1348208
927,2859184
928,1563504
929,1682576
930,1692704
931,2364944
932,1282960
933,1449840
934,1744192
935,1515968
936,1731216
937,1523024
938,1534384
939,1419184
940,1615264
941,2125952
942,4061776
943,1632912
944,2089552
945,1213520
946,1610432
947,1657712
948,1373152
949,1750240
950,1442256
951,1776160
952,2455136
953,1427680
954,1719904
955,1365968
956,1644224
957,1553456
958,1397408
959,1599600
960,1464576
961,2181600
962,1492128
963,1409840
964,1710528
965,1502432
966,2637744
967,1512592
968,2000080
969,1369888
970,1440256
971,2245776
972,1407664
973,2092960
974,1470384
975,1525680
976,1777600
977,2446416
978,1230048
979,1580704
980,1485648
981,1487872
982,2062144
983,1474032
984,1487312
985,1616592
986,1507712
987,1545152
988,1313904
989,1362832
990,1547392
991,1573248
992,1398384
993,1987888
994,1108496
995,1986512
996,1519328
997,2666384
998,1284560
999,1459696
1000,2030928
1001,2838016
1002,1434256
1003,1583152
1004,1420304
1005,1586496
1006,1954848
1007,1198320
1008,1290480
1009,1570832
1010,1557184
1011,1397488
1012,2376000
1013,1466784
1014,1961568
1015,1444736
1016,1454400
1017,1571120
1018,1499008
1019,1563536
1020,1301856
1021,2166160
1022,1202944
1023,1443568
1024,2456720
1025,1644800
1026,1610208
1027,1392960
1028,2850000
1029,1893584
1030,1506688
1031,1430544
1032,1556736
1033,2077840
1034,1461648
1035,1575584
1036,1681664
1037,2134256
1038,1460992
1039,2902752
1040,3928976
1041,1418464
1042,2238080
1043,1499968
1044,1576928
1045,2407312
1046,1409280
1047,1511168
1048,1448832
1049,1736864
1050,1504176
1051,1525056
1052,1359264
1053,1245024
1054,1527776
1055,1489536
1056,1427696
1057,2417376
1058,1829936
1059,1648624
1060,1473088
1061,1435120
1062,1415920
1063,1412960
1064,2644128
1065,1484496
1066,1465152
1067,1280336
1068,1473392
1069,1512768
1070,1331024
1071,1434288
1072,1273456
1073,1681136
1074,2544432
1075,1309536
1076,2504368
1077,1529504
1078,2223200
1079,1492560
1080,6751888
1081,2777360
1082,2153456
1083,1372416
1084,1435664
1085,1371584
1086,1226016
1087,1534048
1088,1455264
1089,1398800
1090,1412224
1091,1323024
1092,1700976
1093,1533952
1094,1510480
1095,1629408
1096,1310432
1097,1621792
1098,1035776
1099,1336064
1100,1733216
1101,1340704
1102,2271456
1103,1473952
1104,1555984
1105,2112384
1106,1358896
1107,1445632
1108,1673696
1109,1160672
1110,1687472
1111,3117648
1112,1482064
1113,1501648
1114,1519296
1115,1504576
1116,2198816
1117,1639328
1118,2610800
1119,1355248
1120,1388768
1121,1574752
1122,1549520
1123,2088880
1124,1368448
1125,2394192
1126,1680576
1127,1286144
1128,1077904
1129,1641296
1130,2378320
1131,1084912
1132,1266944
1133,1584336
1134,1816144
1135,1945856
1136,1870304
1137,2183056
1138,1323664
1139,1190240
1140,1437936
1141,1739056
1142,2485344
1143,1359344
1144,1460640
1145,1536640
1146,1418112
1147,2089952
1148,1346784
1149,1437568
1150,1885520
1151,1266896
1152,2570128
1153,708096
1154,3286704
1155,1569408
1156,1504096
1157,1454112
1158,1360016
1159,1456064
1160,1621056
1161,1135072
1162,1987456
1163,1226496
1164,2114560
1165,1448576
1166,1451936
1167,2253904
1168,1378752
1169,1432400
1170,1491168
1171,1395840
1172,868336
1173,1362912
1174,1570848
1175,1463104
1176,1264640
1177,1410928
1178,1995632
1179,1446512
1180,1379232
1181,1420368
1182,1514512
1183,1327968
1184,1462752
1185,1318144
1186,1358640
1187,1266816
1188,1220192
1189,1470496
1190,1370688
1191,2338480
1192,1820768
1193,1718160
1194,1331952
1195,1339952
1196,1412720
1197,1713264
1198,1496432
1199,937056
1200,1176144
1201,1293456
1202,1470144
1203,1325376
1204,1555024
1205,1895392
1206,1508736
1207,1531232
1208,1558400
1209,1456640
1210,1311664
1211,1672640
1212,2284304
1213,1610336
1214,1368304
1215,2639840
1216,1248944
1217,2198016
1218,1387296
1219,2168240
1220,1734336
1221,1759136
1222,1627472
1223,1853408
1224,1673360
1225,1456176
1226,1934592
1227,1630224
1228,1844672
1229,1586384
1230,1837760
1231,1409456
1232,1536624
1233,1708416
1234,3491424
1235,1482880
1236,3257520
1237,1552688
1238,2200784
1239,1526576
1240,2270096
1241,1671088
1242,2375232
1243,1584288
1244,2741296
1245,1535152
1246,1663040
1247,1603536
1248,2501168
1249,3088528
1250,1460416
1251,1453216
1252,1729824
1253,1372192
1254,2253200
1255,1303872
1256,1676832
1257,2473328
1258,4159872
1259,1423648
1260,2396624
1261,2959808
1262,1500912
1263,2279104
1264,1649936
1265,2362480
1266,1523648
1267,2477248
1268,3816288
1269,1498912
1270,2394976
1271,1258640
1272,1514816
1273,2614000
1274,1470432
1275,2391664
1276,1391568
1277,2024928
1278,1660384
1279,1631824
1280,1891312
1281,1611520
1282,1312384
1283,1703824
1284,1631072
1285,1482512
1286,2171824
1287,1523776
1288,1513216
1289,927152
1290,1315216
1291,1450672
1292,2137376
1293,1461872
1294,1598640
1295,1286832
1296,1696544
1297,2641216
1298,2459184
1299,1220160
1300,1419952
1301,1888256
1302,1561264
1303,1552144
1304,1198176
1305,1679216
1306,1484336
1307,1578000
1308,2109824
1309,1176928
1310,1305472
1311,1620720
1312,1442608
1313,2322816
1314,1254480
1315,1378192
1316,1475728
1317,1320704
1318,1521616
1319,1589184
1320,1311808
1321,1276176
1322,1397600
1323,1559040
1324,1338672
1325,1581184
1326,2264448
1327,1907280
1328,2703904
1329,2037936
1330,1445216
1331,1931664
1332,1550224
1333,1704128
1334,1679200
1335,2560848
1336,2502992
1337,1520416
1338,4786864
1339,1442752
1340,1209584
1341,1512416
1342,1722256
1343,1489696
1344,2141008
1345,1486656
1346,2400240
1347,1549568
1348,1527360
1349,2582352
1350,1225088
1351,2054528
1352,1666544
1353,1390640
1354,1155024
1355,1442864
1356,1510656
1357,1357888
1358,3712992
1359,1376544
1360,1439744
1361,1383840
1362,1506464
1363,2427552
1364,1353920
1365,1296432
1366,1360784
1367,1513392
1368,912800
1369,1219536
1370,1882592
1371,1219824
1372,1503760
1373,1431328
1374,1434080
1375,2384208
1376,1327664
1377,1406272
1378,1409808
1379,1307584
1380,1464192
1381,1384800
1382,1406560
1383,2266336
1384,1496816
1385,1338656
1386,1479456
1387,1491296
1388,2134288
1389,1422000
1390,1423200
1391,1294144
1392,1443840
1393,1296192
1394,1044848
1395,1615104
1396,1422320
1397,2105232
1398,1257840
1399,1596240
1400,1418464
1401,3018352
1402,2367664
1403,1286608
1404,1550896
1405,2295568
1406,1388096
1407,1421312
1408,1426000
1409,1283408
1410,1472912
1411,825600
1412,1470384
1413,1343152
1414,1608880
1415,1351920
1416,1396240
1417,2546912
1418,1266464
1419,1538000
1420,1362176
1421,2090480
1422,1461696
1423,1303552
1424,1544288
1425,1543920
1426,2161904
1427,1422960
1428,1386720
1429,1288448
1430,1421744
1431,1410064
1432,909712
1433,1141824
1434,1267232
1435,1743120
1436,1410240
1437,1413104
1438,1389952
1439,3244368
1440,1555488
1441,1330752
1442,1376992
1443,1618688
1444,2650752
1445,1395824
1446,1215488
1447,1842384
1448,1853568
1449,1816464
1450,1474000
1451,1726128
1452,1174880
1453,1596640
1454,1319696
1455,1482096
1456,1489824
1457,1684752
1458,1289872
1459,2351616
1460,1701216
1461,3337648
1462,1286848
1463,1400048
1464,1707232
1465,2421216
1466,1704592
1467,2374720
1468,1526032
1469,2337344
1470,3624784
1471,1353008
1472,1555040
1473,1506864
1474,1304080
1475,1393344
1476,1471136
1477,1668672
1478,1689216
1479,1568656
1480,1465632
1481,1468464
1482,1527856
1483,2063712
1484,1615504
1485,1449872
1486,877152
1487,2733728
1488,1523680
1489,1350416
1490,1387536
1491,1698256
1492,1260384
1493,1199040
1494,2311072
1495,1514576
1496,1472928
1497,1611024
1498,1951744
1499,1348016
1500,1509472
1501,1589376
1502,1419488
1503,2409744
1504,1646192
1505,1955152
1506,1504176
1507,1417648
1508,1597472
1509,3518880
1510,1444608
1511,1184320
1512,1469008
1513,1442944
1514,1283968
1515,1334080
1516,1392384
1517,1330304
1518,2219232
1519,1495360
1520,1736096
1521,1430992
1522,1742720
1523,1226576
1524,1558064
1525,1927888
1526,1459888
1527,2390528
1528,1512576
1529,1272384
1530,2317168
1531,1570128
1532,2006752
1533,1471072
1534,1542528
1535,35984
1536,2526912
1537,1477152
1538,1634672
1539,2217120
1540,1406640
1541,2542336
1542,1579424
1543,2444944
1544,2527104
1545,1468656
1546,1755312
1547,2382848
1548,1248784
1549,1387984
1550,1407616
1551,1560896
1552,1108384
1553,2095248
1554,1389984
1555,1356192
1556,1594256
1557,1411824
1558,1441584
1559,1467536
1560,1130656
1561,1452848
1562,1462512
1563,2021888
1564,1484752
1565,1516288
1566,1897024
1567,1327856
1568,1667232
1569,1423024
1570,1587504
1571,1584560
1572,1294528
1573,2196096
1574,1621248
1575,2260544
1576,2842368
1577,2062640
1578,1607152
1579,1339424
1580,1514592
1581,1485552
1582,1996688
1583,1636880
1584,1461744
1585,1217568
1586,1427296
1587,1491840
1588,1444672
1589,2745104
1590,1495456
1591,2106192
1592,1172848
1593,2560288
1594,1443056
1595,1533104
1596,1615840
1597,1507424
1598,2435632
1599,1416880
1600,1321264
1601,2526272
1602,1315120
1603,1375232
1604,1429456
1605,2194096
1606,1396672
1607,1342944
1608,1325024
1609,1328096
1610,1325504
1611,1542144
1612,1355008
1613,1414800
1614,2076768
1615,1215040
1616,1429568
1617,1405200
1618,1429072
1619,1345760
1620,1306880
1621,1407328
1622,1409376
1623,1170544
1624,1455120
1625,1998160
1626,1170176
1627,1584640
1628,1460032
1629,1533136
1630,1545440
1631,1364432
1632,1465328
1633,1128944
1634,1471936
1635,2430272
1636,1323152
1637,1545136
1638,1579104
1639,1383104
1640,2863264
1641,1632096
1642,1592176
1643,1513824
1644,2887360
1645,1594576
1646,1580432
1647,1364160
1648,1451440
1649,1443680
1650,1618096
1651,1391712
1652,1541568
1653,1501120
1654,1903872
1655,1720064
1656,1389440
1657,2154384
1658,1265760
1659,1527840
1660,1554592
1661,1369632
1662,995936
1663,1545952
1664,1226272
1665,1693808
1666,1589024
1667,1585728
1668,1581760
1669,1641072
1670,1341200
1671,2776080
1672,2150784
1673,1524368
1674,1335376
1675,2707808
1676,1444176
1677,1407328
1678,1516112
1679,873232
1680,1563504
1681,1354240
1682,1475744
1683,1319920
1684,2479024
1685,1540240
1686,2740944
1687,1444912
1688,1934368
1689,1466416
1690,1455728
1691,1489664
1692,1537264
1693,2649632
1694,1238464
1695,2178816
1696,1626880
1697,2297936
1698,1267456
1699,2985072
1700,1394784
1701,1369008
1702,2282944
1703,1420400
1704,1477616
1705,1679536
1706,1524352
1707,1559296
1708,1336016
1709,1548896
1710,1461424
1711,1521952
1712,2147632
1713,1512912
1714,1422000
1715,1518144
1716,1252304
1717,1990912
1718,1376544
1719,1414512
1720,2654400
1721,1555888
1722,1358672
1723,1457424
1724,1259744
1725,1459152
1726,2243776
1727,2075456
1728,1686608
1729,1549776
1730,1316944
1731,1592656
1732,1475984
1733,1294096
1734,1212624
1735,1170864
1736,1663488
1737,1491008
1738,1413152
1739,2591392
1740,1515088
1741,1628544
1742,1167744
1743,1330896
1744,1789728
1745,1392128
1746,2732928
1747,1623776
1748,2128496
1749,1479184
1750,1543440
1751,1440576
1752,1555296
1753,2267968
1754,1569744
1755,1935248
1756,1558032
1757,1494720
1758,2455136
1759,1420512
1760,2024160
1761,1364992
1762,1593376
1763,1629744
1764,2304128
1765,1624688
1766,2370640
1767,1193472
1768,1707392
1769,1332336
1770,1275200
1771,1487904
1772,2199168
1773,1448896
1774,1849552
1775,1584496
1776,1703920
1777,1366576
1778,1579264
1779,1419648
1780,1626832
1781,2691504
1782,1403008
1783,1595152
1784,1426752
1785,1204176
1786,1563040
1787,1334352
1788,1295344
1789,1426064
1790,1238816
1791,1450608
1792,1832368
1793,1515312
1794,2002960
1795,1212512
1796,1466112
1797,1378192
1798,1719968
1799,2181968
1800,1470544
1801,1238960
1802,1991456
1803,1405776
1804,1796192
1805,1583008
1806,2957136
1807,1411552
1808,2176496
1809,1668208
1810,1661536
1811,1246160
1812,1475792
1813,1742080
1814,9697360
1815,1274224
1816,1528272
1817,1469088
1818,5008800
1819,1396720
1820,2780480
1821,1780784
1822,2022176
1823,1603872
1824,1422736
1825,2125008
1826,1573120
1827,1420800
1828,1307040
1829,1414144
1830,6609024
1831,2327376
1832,1584096
1833,1315632
1834,1838512
1835,1372720
1836,1556992
1837,1419840
1838,1378368
1839,1575088
1840,1323472
1841,1317696
1842,1311808
1843,1583408
1844,4940432
1845,1438928
1846,1614992
1847,1439552
1848,2085008
1849,7897280
1850,1472736
1851,1635520
1852,1344208
1853,1219632
1854,1314368
1855,1249664
1856,1350320
1857,2022624
1858,3773936
1859,1194096
1860,1324480
1861,966576
1862,3867248
1863,1237760
1864,3150544
1865,3722064
1866,1511200
1867,2488848
1868,1424336
1869,2661952
1870,1399280
1871,3233392
1872,1350512
1873,1585568
1874,1354896
1875,1351920
1876,1478656
1877,1728016
1878,1373680
1879,2512624
1880,1530096
1881,2115536
1882,1464208
1883,1333712
1884,1503200
1885,2336480
1886,1687520
1887,2385600
1888,1335328
1889,1548208
1890,1996176
1891,1467184
1892,1657600
1893,1345456
1894,1456992
1895,2208512
1896,1608496
1897,1890384
1898,1595936
1899,1548528
1900,1495856
1901,1583520
1902,1055232
1903,1523680
1904,1448224
1905,2629248
1906,2478368
1907,1711680
1908,1782928
1909,1498416
1910,1733152
1911,1373520
1912,1505232
1913,2240224
1914,1510192
1915,1444528
1916,1002224
1917,1370272
1918,1523424
1919,1409984
1920,1448064
1921,2111088
1922,2731408
1923,1622224
1924,1627856
1925,1813776
1926,1427264
1927,1733632
1928,1395232
1929,1594848
1930,2105312
1931,1485616
1932,1573520
1933,2369376
1934,1358432
1935,1656016
1936,1455760
1937,2067200
1938,1508720
1939,1554112
1940,1627120
1941,2573024
1942,1384720
1943,2443440
1944,1250736
1945,1507168
1946,1462304
1947,1452496
1948,2175776
1949,1428672
1950,1728496
1951,2069648
1952,1685216
1953,1242096
1954,1613648
1955,1796640
1956,1809504
1957,1497488
1958,2558192
1959,2383664
1960,2986128
1961,928592
1962,1267280
1963,1572864
1964,1924800
1965,1504416
1966,1609328
1967,1544816
1968,1616416
1969,2262736
1970,1511808
1971,1307200
1972,1422528
1973,1509664
1974,1286096
1975,1505616
1976,1557344
1977,1316720
1978,2126592
1979,1688656
1980,1376960
1981,2370576
1982,1297488
1983,1801264
1984,1413264
1985,2213120
1986,1464048
1987,1437088
1988,2191568
1989,1383152
1990,1808128
1991,1317248
1992,1643712
1993,1494992
1994,1482864
1995,1591872
1996,1556992
1997,2583392
1998,1580848
1999,2447600
2000,1532640
===CSV_END===
===VMSTAT_START===
procs -----------memory---------- ---swap-- -----io---- -system-- ------cpu-----
 r  b   swpd   free   buff  cache   si   so    bi    bo   in   cs us sy id wa st
 0  0      0 150912   4940  28524    0    0    85    16  193  179 13 24 62  0  0
 2  0      0 150912   4940  28524    0    0     0     0  748 1214  7 20 72  0  0
 1  0      0 150912   4940  28524    0    0     0     0  739 1230  6 19 75  0  0
 1  0      0 150912   4940  28524    0    0     0     0  752 1250  8 17 75  0  0
 0  0      0 150848   4940  28524    0    0     0   120  324  456  5 10 84  1  0
 0  0      0 150848   4940  28524    0    0     0     0   17   16  0  0 100  0  0
 0  0      0 150848   4940  28524    0    0     0     0   14   16  0  0 100  0  0
===VMSTAT_END===
