========================================
SHM Ping-Pong Client
Scenario 2 - EB corbos Linux Evaluation
========================================
Messages:       2000
Message size:   64 B
Poll interval:  100 us
Echo timeout:   10 ms

Waiting for shm_echo to register (UUID: b2c3d4e5-f6a7-8901-bcde-f12345678901)...
Found shm_echo!


========== SHM PING-PONG RESULTS ==========
Messages sent:    2000
Messages lost:    0 (0.000%)
RTL (us):
  Mean:   1670.852    Std dev: 538.048
  Min:     777.184    Max:     8088.896
  P50:    1510.272    P95:     2722.768
  P99:    3662.256    P99.9:   6750.288
Throughput: 598 msg/s
============================================
===CSV_START===
Seq,RTT_ns
1,3753664
2,1631248
3,2160608
4,1947024
5,2071424
6,1401472
7,1424080
8,2080784
9,1680416
10,1370192
11,1267696
12,1467104
13,1609200
14,1585712
15,1593664
16,1682032
17,3045856
18,1680208
19,2666432
20,3036096
21,1852736
22,2478592
23,1549216
24,1978928
25,1777504
26,1177552
27,1862656
28,2095072
29,1472192
30,1544960
31,2864272
32,1388960
33,2255968
34,1270304
35,1365904
36,1412080
37,1809216
38,2991616
39,1834160
40,3696016
41,1920656
42,3635456
43,1328816
44,2412784
45,1562352
46,2161312
47,1600112
48,1271312
49,1386864
50,4052352
51,1608864
52,2858736
53,1898800
54,1975648
55,1438720
56,3420208
57,1369136
58,1903168
59,1405104
60,2158880
61,1637536
62,3367616
63,1607520
64,1359840
65,1401616
66,1297520
67,2141104
68,1563856
69,2123104
70,1631904
71,2986080
72,1328304
73,1476080
74,1498000
75,2782528
76,1542992
77,2230512
78,1645456
79,2167264
80,2477216
81,1580064
82,1554128
83,2092464
84,1516816
85,1591280
86,2299984
87,1513728
88,1465104
89,1624800
90,1637376
91,1280480
92,1308064
93,1501088
94,1160128
95,1371776
96,1470848
97,1152864
98,1461376
99,1504144
100,1330832
101,1632112
102,1054848
103,1306128
104,1427952
105,1452704
106,1624944
107,2170208
108,1550864
109,2577568
110,1140880
111,1617760
112,932176
113,1384432
114,1606288
115,3294336
116,1672464
117,1636128
118,1371696
119,2186960
120,1266928
121,1643664
122,1583712
123,1319072
124,2505888
125,3015472
126,1630640
127,1660128
128,1400560
129,1519984
130,1399760
131,1159232
132,1353536
133,1504112
134,1451536
135,1365920
136,1479024
137,2759168
138,1511328
139,1109376
140,1351488
141,1552832
142,2377680
143,1444096
144,1355616
145,1320176
146,1037584
147,1365152
148,1377888
149,1245120
150,1323712
151,1286528
152,1341120
153,1494720
154,1375040
155,1578288
156,1749776
157,1257344
158,1301936
159,1735968
160,1487552
161,1653456
162,1721088
163,1317184
164,1675344
165,1314416
166,2079664
167,1270192
168,1430144
169,1566032
170,1814960
171,1987136
172,1190480
173,1602352
174,1003200
175,1415792
176,1543024
177,1775104
178,1322128
179,3107056
180,1594080
181,1492336
182,1575328
183,1689376
184,1327584
185,1450800
186,1766272
187,1517408
188,2352880
189,1604032
190,2327648
191,2917280
192,1538528
193,1711072
194,1825360
195,1356576
196,2571616
197,3744192
198,1671632
199,2908672
200,1463616
201,1171280
202,2506064
203,1421792
204,1237856
205,1374192
206,2556496
207,2302336
208,3345216
209,1547376
210,1267200
211,1297072
212,1900480
213,1333728
214,1584624
215,2262512
216,1814816
217,2035664
218,8088896
219,1455440
220,2273744
221,1245424
222,1657184
223,1444880
224,1083632
225,1407536
226,1858624
227,1549824
228,1154672
229,1612160
230,1411280
231,1541728
232,1433344
233,1566272
234,1340240
235,2542640
236,1589312
237,2140976
238,1438688
239,1353584
240,1461184
241,1259520
242,1475824
243,2321904
244,1380320
245,1837968
246,1434384
247,1594512
248,6172272
249,1980576
250,2751376
251,1366096
252,1418688
253,1200480
254,1317456
255,1365728
256,1229216
257,1371888
258,1673296
259,1316384
260,904224
261,1528192
262,1262080
263,1436976
264,1212384
265,1348704
266,1414832
267,1333184
268,1341536
269,1340592
270,1178928
271,2746288
272,1088384
273,1717888
274,2324896
275,1512672
276,1504816
277,1604112
278,1691888
279,1307920
280,2949328
281,1602528
282,1313056
283,1526176
284,1505168
285,1716176
286,1555136
287,1585984
288,2277408
289,1652336
290,1434256
291,2765856
292,1422544
293,1374960
294,2201168
295,1049920
296,1474928
297,1511328
298,1637232
299,1385904
300,2157040
301,1250080
302,1512160
303,1037344
304,1334352
305,1672448
306,2620272
307,1188672
308,1482080
309,1654640
310,2154128
311,1607888
312,1217808
313,1209968
314,1106656
315,2343792
316,1378352
317,2086624
318,1345056
319,1499264
320,1967248
321,1423040
322,1440736
323,1572192
324,2618928
325,1205024
326,1367200
327,1714208
328,1535216
329,2258880
330,1332928
331,1245040
332,1637456
333,1330256
334,2284448
335,1548352
336,3171024
337,1436096
338,1655936
339,1345392
340,1595088
341,1005152
342,4196352
343,1330784
344,1392400
345,1385024
346,1420144
347,2959888
348,1469648
349,1720160
350,1566400
351,1574144
352,2005552
353,1319104
354,1523840
355,1817520
356,2257936
357,1358720
358,1343328
359,1620832
360,3711920
361,1335984
362,1567472
363,2263952
364,1390896
365,1470848
366,1184272
367,1558336
368,1269920
369,1501088
370,1186496
371,1534608
372,1685632
373,1762864
374,1576416
375,1456928
376,1205168
377,1237168
378,1499392
379,1222816
380,1285984
381,1418864
382,1978800
383,3147552
384,1638864
385,1849232
386,1152128
387,1430816
388,1715008
389,1485424
390,1416528
391,1342128
392,1474640
393,1354096
394,902880
395,1599072
396,3185744
397,1537136
398,1610016
399,1471744
400,1225600
401,1384288
402,1246416
403,1350752
404,1474128
405,1726784
406,1450176
407,1458752
408,1389136
409,1841792
410,2492224
411,1396224
412,3041616
413,1643392
414,1403552
415,1478448
416,1445696
417,1779424
418,1449456
419,1704624
420,1376432
421,1598304
422,2035968
423,1260368
424,1453808
425,1482672
426,1383328
427,1246736
428,2124144
429,1388112
430,1638720
431,1769008
432,1330128
433,2300320
434,2695712
435,1533296
436,2203680
437,1446096
438,1514432
439,1918096
440,1353872
441,1664112
442,1275536
443,1224608
444,1555552
445,1291328
446,1545936
447,2263216
448,1525616
449,1542128
450,1241152
451,1267744
452,1504592
453,1441312
454,1407360
455,2032304
456,1311104
457,1465232
458,1255248
459,1599616
460,1657536
461,1446432
462,2096864
463,1447920
464,1528112
465,919888
466,1732384
467,2217152
468,1447952
469,1417648
470,2131200
471,1370160
472,1531504
473,1814784
474,2294096
475,1665120
476,3990880
477,1096592
478,1534384
479,1544176
480,1803376
481,1549024
482,1587392
483,2213408
484,1301552
485,1497024
486,1309360
487,1193072
488,1487904
489,1363760
490,1322032
491,1310688
492,2523168
493,1882784
494,3208560
495,1518000
496,2733520
497,1424736
498,1614048
499,1777424
500,1271872
501,1623696
502,1263392
503,1606864
504,1608048
505,1409008
506,1362784
507,1110336
508,1491504
509,1309088
510,1173264
511,1324240
512,1560848
513,1487488
514,1475200
515,1955936
516,1585648
517,1572912
518,2291584
519,3284224
520,1219376
521,1752064
522,1327600
523,1669424
524,1239392
525,1285360
526,1357424
527,1646176
528,1284336
529,1372512
530,1350032
531,1322112
532,1268144
533,1594224
534,1278960
535,2304208
536,1215024
537,1657984
538,1264912
539,1528064
540,2494320
541,1501280
542,1374384
543,789040
544,1489472
545,1360672
546,1389520
547,1241680
548,1340192
549,1626752
550,1549904
551,3463072
552,1429184
553,1277680
554,1200400
555,1556848
556,1187376
557,1234192
558,1502752
559,1477536
560,2722768
561,1851520
562,2018464
563,1351504
564,1471328
565,1389232
566,1528448
567,2630224
568,1443472
569,2201488
570,1157520
571,1123728
572,1588240
573,1369088
574,1693904
575,1479392
576,1424416
577,1760272
578,1481632
579,1562352
580,1517184
581,1562864
582,2612832
583,1517840
584,1966720
585,1361408
586,1379392
587,1616544
588,1488416
589,1691904
590,1349472
591,2861936
592,1303456
593,1305520
594,1567952
595,1322336
596,1371744
597,1454144
598,1641312
599,2193856
600,1569792
601,2381520
602,1709072
603,2329360
604,1402064
605,1574784
606,2213280
607,1649216
608,1663440
609,1568928
610,1672368
611,1493920
612,1555200
613,2347920
614,3049968
615,1477328
616,2040464
617,1314912
618,1465408
619,1459280
620,1428368
621,1277648
622,1627456
623,1339440
624,1960944
625,1308208
626,1306640
627,1375072
628,1477648
629,3375328
630,1602096
631,1479024
632,1492432
633,1061280
634,2284784
635,1680960
636,1342368
637,1332912
638,1436976
639,1452576
640,1205472
641,1477760
642,1492352
643,1387264
644,1355280
645,1337024
646,1628064
647,2207984
648,1105280
649,1467392
650,1797168
651,2854288
652,1511344
653,1617888
654,2894416
655,2701488
656,1480800
657,1390080
658,1911328
659,1487824
660,1378176
661,3008336
662,1247696
663,1496240
664,1291808
665,1195280
666,1508880
667,1121920
668,1662832
669,1590704
670,1897024
671,1308992
672,1293120
673,1557264
674,1139648
675,1219136
676,1812576
677,1456608
678,2312992
679,1585232
680,2257888
681,2315904
682,1651264
683,1412288
684,1709472
685,2679872
686,2640880
687,1877600
688,1728192
689,1569792
690,2477344
691,1803920
692,1647376
693,1469808
694,1601776
695,1324944
696,1411952
697,2510144
698,1328960
699,2557760
700,1168272
701,1505008
702,1482528
703,1470240
704,1265584
705,1458960
706,1477472
707,2170752
708,1412400
709,1549568
710,2157632
711,1604768
712,1518624
713,1300848
714,1389920
715,2441008
716,1560368
717,2541936
718,2921008
719,1455152
720,1763472
721,1325872
722,1604480
723,1585680
724,1518544
725,1278672
726,925376
727,1403552
728,3384640
729,1747280
730,1371984
731,1263248
732,1558176
733,1366656
734,3336048
735,1402336
736,1584768
737,2662000
738,1363264
739,2315808
740,1438688
741,2068000
742,1766640
743,1524944
744,1649040
745,1751136
746,1464656
747,1407280
748,1405744
749,1459024
750,1502880
751,1438528
752,1387568
753,2213152
754,1328784
755,1358864
756,1610864
757,1323232
758,1208576
759,1405552
760,1393936
761,1438704
762,1333248
763,1515104
764,1307504
765,1357456
766,1338096
767,1454048
768,1490624
769,2199728
770,1295568
771,1519760
772,1733312
773,3147488
774,1530096
775,1562416
776,1869344
777,1612704
778,1537392
779,1505520
780,1320208
781,1417808
782,1458544
783,1399120
784,2450048
785,1352416
786,1794768
787,1404416
788,1416144
789,1283376
790,1542928
791,1504400
792,1435552
793,1385264
794,1322992
795,1387216
796,1334384
797,2010688
798,1703248
799,1698960
800,1168800
801,1587344
802,879424
803,1268432
804,1359696
805,1332096
806,1723760
807,1627840
808,2252400
809,1363408
810,1434992
811,1771312
812,2349856
813,1502096
814,2014560
815,1509648
816,1382992
817,1394368
818,1343456
819,1057280
820,1650096
821,1583744
822,1666784
823,1222416
824,1430240
825,1844768
826,1446352
827,1258384
828,1264736
829,1316496
830,2452832
831,2407728
832,1500304
833,2051600
834,2295824
835,1544304
836,2348032
837,1587296
838,2263520
839,1184480
840,1464272
841,1499744
842,1470288
843,1264336
844,1403840
845,1584848
846,3177312
847,1413200
848,1426944
849,1498272
850,1366784
851,1305840
852,1433920
853,2377104
854,1290448
855,1675376
856,1967344
857,1430864
858,1522928
859,1329728
860,1905472
861,2706896
862,2329552
863,1244192
864,1349536
865,1443744
866,1667360
867,1411728
868,1419632
869,1389760
870,1238480
871,1466528
872,1529440
873,3276880
874,1364560
875,1261600
876,1640112
877,3052896
878,2125248
879,1654128
880,2321056
881,1465904
882,1540432
883,1479840
884,1149152
885,1871824
886,1453728
887,1535360
888,1606048
889,2836064
890,1443824
891,3551136
892,1665664
893,1367136
894,1363472
895,2414560
896,1469280
897,1240880
898,1346608
899,1252560
900,1548944
901,1209056
902,1163200
903,1558848
904,1275744
905,1460192
906,1084176
907,1426960
908,1299056
909,2902000
910,3662256
911,1809760
912,2144400
913,1457648
914,1238240
915,1942672
916,1231056
917,1733856
918,1725680
919,1469168
920,2131280
921,1618848
922,1826416
923,1431024
924,1826672
925,1587072
926,1340928
927,1320000
928,1706000
929,2317248
930,1543696
931,2575152
932,1480496
933,1272400
934,1506272
935,1438112
936,1303712
937,1419040
938,1357392
939,2016512
940,1450512
941,1594912
942,1236640
943,1345376
944,1472656
945,1550528
946,1300224
947,1579152
948,1699968
949,2008208
950,1526096
951,2423376
952,1223888
953,1583008
954,2510176
955,1498384
956,2512000
957,1442544
958,862896
959,1435952
960,1687904
961,2416320
962,1415728
963,1436608
964,1597280
965,2211744
966,1733568
967,1782112
968,1451744
969,1236896
970,1452816
971,1372544
972,1726240
973,1513152
974,1425696
975,2390528
976,1399840
977,3430768
978,1787424
979,1725680
980,1320976
981,2344784
982,1499616
983,1665136
984,4342912
985,1305792
986,1743936
987,1928160
988,1552048
989,1469168
990,1137904
991,1338192
992,1935488
993,1626688
994,1607296
995,2793536
996,1359872
997,1304320
998,3018080
999,1454928
1000,1368336
1001,6750288
1002,2396368
1003,1484144
1004,2234048
1005,1607168
1006,1525728
1007,2682528
1008,2469408
1009,1655152
1010,2500848
1011,1344752
1012,2245504
1013,1470976
1014,1443120
1015,1272720
1016,1400912
1017,2309536
1018,2912800
1019,1535040
1020,1472832
1021,3288736
1022,1568304
1023,1555216
1024,1606592
1025,2281808
1026,1514112
1027,1813184
1028,1519136
1029,1293264
1030,1744976
1031,1548208
1032,3512640
1033,2611488
1034,1339888
1035,1520704
1036,1557152
1037,1471200
1038,2200496
1039,1742240
1040,2098096
1041,1861952
1042,2218416
1043,1504064
1044,1403280
1045,2203648
1046,1413104
1047,1612144
1048,1586624
1049,1813136
1050,1674832
1051,1500112
1052,1504528
1053,1504960
1054,2014960
1055,1397968
1056,1658592
1057,2494512
1058,1551648
1059,2250544
1060,1354784
1061,1615968
1062,1559488
1063,2090144
1064,1661456
1065,1958208
1066,1219520
1067,3090384
1068,3070896
1069,1980064
1070,1577376
1071,1585680
1072,1414352
1073,2420672
1074,1169040
1075,1365520
1076,1594592
1077,1557312
1078,1346864
1079,1408784
1080,1492400
1081,1421904
1082,1559568
1083,2753280
1084,1375504
1085,1567120
1086,1358112
1087,1263616
1088,1406112
1089,1170000
1090,1277360
1091,1491088
1092,1490720
1093,1686960
1094,1271824
1095,1536528
1096,2203504
1097,1667664
1098,2353312
1099,1258368
1100,1370208
1101,1493408
1102,1562352
1103,1433232
1104,2317312
1105,1569328
1106,899600
1107,1410560
1108,1393936
1109,1409920
1110,1337984
1111,1377616
1112,1274656
1113,1267648
1114,1374176
1115,1517872
1116,1399104
1117,2576992
1118,1276816
1119,1392896
1120,2337792
1121,2965216
1122,1806224
1123,1685632
1124,1184144
1125,1421984
1126,1418912
1127,1409456
1128,1469104
1129,2005488
1130,1391520
1131,1472720
1132,1668592
1133,1502048
1134,1465728
1135,1602096
1136,2023376
1137,1116960
1138,1197152
1139,1311952
1140,2669600
1141,1543360
1142,1379136
1143,1423840
1144,1317200
1145,1051520
1146,1245136
1147,1591760
1148,1569072
1149,1398016
1150,1295552
1151,1493280
1152,2139760
1153,1452304
1154,1540096
1155,1857536
1156,1384768
1157,2784816
1158,3065904
1159,1871232
1160,2780192
1161,1184800
1162,2305216
1163,1313200
1164,1419744
1165,1978976
1166,1775456
1167,1615280
1168,3896896
1169,1525696
1170,2890016
1171,1448976
1172,1511984
1173,1602880
1174,1462048
1175,1964064
1176,1855040
1177,1533648
1178,1329424
1179,1517216
1180,2326736
1181,2779408
1182,1559072
1183,2599744
1184,1363520
1185,2362800
1186,1746448
1187,1771920
1188,1172912
1189,1403856
1190,1508432
1191,1594512
1192,1498720
1193,1248272
1194,1450160
1195,2215744
1196,1504640
1197,1376224
1198,2049056
1199,1565792
1200,1944000
1201,2191888
1202,1884016
1203,1478720
1204,1653232
1205,1450336
1206,1175824
1207,1479504
1208,1840960
1209,1289584
1210,1200064
1211,1203392
1212,1692960
1213,2620704
1214,1173984
1215,1308592
1216,1481952
1217,1239424
1218,1719408
1219,1569248
1220,1850496
1221,1290368
1222,1384320
1223,1399984
1224,1310704
1225,1432144
1226,1272736
1227,1432624
1228,1306128
1229,1389904
1230,1587216
1231,2042816
1232,1368928
1233,1633696
1234,2159200
1235,1485488
1236,1473776
1237,1337408
1238,1499760
1239,2154192
1240,1447328
1241,1510784
1242,1343104
1243,1403920
1244,1253168
1245,1341184
1246,1744832
1247,1550768
1248,1533056
1249,1510272
1250,1468416
1251,1190608
1252,1440304
1253,1421792
1254,2183584
1255,1779232
1256,2225216
1257,1381152
1258,1331152
1259,1617152
1260,1458800
1261,1003936
1262,1521184
1263,1393216
1264,2202256
1265,1056624
1266,1674864
1267,1615088
1268,1751392
1269,1788304
1270,1792384
1271,2881424
1272,1319184
1273,1876352
1274,2128560
1275,1870688
1276,1722608
1277,1481888
1278,1081280
1279,1556512
1280,1499280
1281,3714032
1282,1888576
1283,2304912
1284,2146304
1285,2206432
1286,1496896
1287,2224240
1288,1419520
1289,1247248
1290,1791936
1291,1442192
1292,1545728
1293,1464832
1294,1537392
1295,1512656
1296,1928736
1297,1529072
1298,1629696
1299,1735008
1300,2491520
1301,2362240
1302,1450384
1303,1469952
1304,1478480
1305,1432240
1306,1874128
1307,1296400
1308,1429376
1309,1584848
1310,1247440
1311,1709440
1312,2315072
1313,1570368
1314,1214240
1315,1233072
1316,1486224
1317,1340080
1318,1354896
1319,2284064
1320,1668032
1321,1273856
1322,1222064
1323,1347088
1324,1484176
1325,2339488
1326,1498320
1327,1469712
1328,1551152
1329,2226992
1330,1216464
1331,1683984
1332,2474224
1333,1330864
1334,1271168
1335,1549936
1336,2649504
1337,1912896
1338,1550128
1339,1441184
1340,1746240
1341,777184
1342,1514448
1343,1331056
1344,1661440
1345,1481984
1346,1774048
1347,1597568
1348,1572800
1349,2161408
1350,1530016
1351,1572592
1352,1568880
1353,2205088
1354,1484656
1355,2405024
1356,1337056
1357,1308784
1358,1377904
1359,2010816
1360,1141344
1361,882320
1362,1661152
1363,2408336
1364,1224432
1365,1449840
1366,1434736
1367,1700544
1368,2144928
1369,1718688
1370,2221296
1371,1343952
1372,2666976
1373,1289664
1374,2752496
1375,1610832
1376,2425728
1377,1549472
1378,1805568
1379,1624928
1380,1460720
1381,1688624
1382,1590384
1383,1600128
1384,1649616
1385,1222752
1386,1749712
1387,1666896
1388,3287856
1389,1216944
1390,1815184
1391,1300048
1392,1456512
1393,2228176
1394,4319264
1395,2507200
1396,1295520
1397,1530272
1398,1492928
1399,1567872
1400,1527952
1401,1550048
1402,1369168
1403,1562928
1404,1612432
1405,1233936
1406,1543984
1407,1537168
1408,2015920
1409,1524064
1410,1522736
1411,2154464
1412,1493680
1413,2030896
1414,1854816
1415,1614112
1416,1470464
1417,3551968
1418,1464224
1419,1782960
1420,1334736
1421,1735216
1422,1684784
1423,3080976
1424,1470112
1425,2175152
1426,1566192
1427,2429808
1428,1504272
1429,1931552
1430,1692400
1431,1608048
1432,1263808
1433,1192048
1434,2456352
1435,1393136
1436,1389232
1437,1437104
1438,1338000
1439,1611056
1440,1237696
1441,1552000
1442,1392960
1443,1158048
1444,1384176
1445,1408320
1446,2730496
1447,1344864
1448,1385152
1449,2523344
1450,1530800
1451,1708960
1452,1437120
1453,2918208
1454,1626080
1455,1384560
1456,1214784
1457,1364496
1458,1171280
1459,1317312
1460,1238368
1461,1658640
1462,1218384
1463,1574624
1464,2274176
1465,1327232
1466,1596640
1467,1443840
1468,1355248
1469,2771296
1470,1641616
1471,2102560
1472,1501008
1473,2152240
1474,1511680
1475,1422640
1476,972064
1477,1282976
1478,1496336
1479,1897632
1480,1587648
1481,1519088
1482,1485664
1483,1296960
1484,1410256
1485,1331872
1486,1433984
1487,1271680
1488,1360944
1489,1390688
1490,1007056
1491,1378496
1492,1516240
1493,1509968
1494,1231808
1495,1355648
1496,2713904
1497,2310688
1498,1439776
1499,1440320
1500,2350096
1501,1642832
1502,2170544
1503,1524592
1504,1619216
1505,1620176
1506,1443200
1507,1548896
1508,1353328
1509,1600208
1510,1268064
1511,1481632
1512,1428400
1513,1442400
1514,2419968
1515,1478096
1516,1321312
1517,2009312
1518,1442784
1519,1673696
1520,1029904
1521,1630464
1522,1502480
1523,1513872
1524,2422672
1525,1341040
1526,2684896
1527,1163088
1528,1568896
1529,2394912
1530,1605312
1531,863536
1532,1491984
1533,1567744
1534,1382336
1535,1428288
1536,2156832
1537,1219968
1538,1133568
1539,1379216
1540,1555104
1541,1325744
1542,1319264
1543,1608624
1544,2477424
1545,1423440
1546,1386656
1547,1433872
1548,1375504
1549,2337584
1550,1291120
1551,1477920
1552,1613744
1553,4308384
1554,3331792
1555,1243584
1556,1488064
1557,1637440
1558,1389520
1559,2070032
1560,1381616
1561,1457056
1562,1384624
1563,1548688
1564,2298736
1565,1215952
1566,1265344
1567,1432448
1568,1326672
1569,1518512
1570,2360272
1571,1469648
1572,1331808
1573,1303312
1574,1546896
1575,2661072
1576,1506992
1577,1607056
1578,2270592
1579,1610064
1580,2494640
1581,1371696
1582,1512704
1583,2305632
1584,1640256
1585,2373344
1586,1328656
1587,1336320
1588,1256928
1589,1337312
1590,1635296
1591,1590112
1592,2188032
1593,1438144
1594,1400832
1595,2382496
1596,1479648
1597,1385568
1598,1600000
1599,2061248
1600,1445440
1601,1337776
1602,1881632
1603,1397824
1604,1706064
1605,1510768
1606,1598512
1607,1515392
1608,1525072
1609,1660896
1610,1351104
1611,1276128
1612,1575488
1613,1451376
1614,1507088
1615,1821984
1616,1181984
1617,2480880
1618,1410736
1619,2152208
1620,1455440
1621,2806896
1622,1317008
1623,2314896
1624,1183456
1625,1298976
1626,1420304
1627,1366880
1628,1367248
1629,1535600
1630,1416352
1631,1327952
1632,1542208
1633,1256928
1634,1317072
1635,991616
1636,1552784
1637,1319440
1638,1798928
1639,1460112
1640,1540112
1641,1486304
1642,1539824
1643,1801968
1644,2131344
1645,1497408
1646,1609952
1647,2247408
1648,1263456
1649,1302880
1650,1383616
1651,1330800
1652,1523952
1653,1342144
1654,1530032
1655,2114832
1656,1426736
1657,3046432
1658,2524928
1659,2268624
1660,1533520
1661,2107600
1662,1715936
1663,1559344
1664,1728864
1665,2180816
1666,1420832
1667,1170720
1668,1300800
1669,1545952
1670,1706080
1671,1498544
1672,1069968
1673,1478928
1674,1351088
1675,1592960
1676,1458400
1677,1235616
1678,1421456
1679,1327856
1680,1165424
1681,1277408
1682,1407120
1683,1379296
1684,1585984
1685,1629264
1686,1670576
1687,1875072
1688,3936320
1689,1237008
1690,1571264
1691,1298480
1692,1530064
1693,1451312
1694,778720
1695,1493168
1696,1470256
1697,1266736
1698,1298208
1699,1118352
1700,1382272
1701,1577408
1702,2336592
1703,1401424
1704,1308912
1705,1453488
1706,1124288
1707,1457600
1708,2046592
1709,3139376
1710,1193840
1711,1189168
1712,1659936
1713,1426752
1714,1392144
1715,1202304
1716,1624752
1717,2281008
1718,1618080
1719,2391408
1720,1394832
1721,1629200
1722,2193984
1723,1458880
1724,1563840
1725,1554720
1726,1850272
1727,1417920
1728,1566960
1729,1792704
1730,1618464
1731,1730560
1732,1645728
1733,2106352
1734,1292368
1735,1242784
1736,3087104
1737,1435520
1738,1886752
1739,1338896
1740,1760624
1741,1450976
1742,1262432
1743,1589680
1744,1432208
1745,1472880
1746,1674416
1747,1252384
1748,1387200
1749,1609840
1750,2830000
1751,1474912
1752,1685072
1753,1574016
1754,1457216
1755,1433008
1756,1633152
1757,2137936
1758,1180576
1759,1346336
1760,2130752
1761,1516960
1762,1479840
1763,1184880
1764,1471808
1765,1300112
1766,4043840
1767,1144384
1768,1515632
1769,1251984
1770,2583952
1771,1591008
1772,1519136
1773,1990560
1774,1551952
1775,1565504
1776,2142464
1777,1491984
1778,1509808
1779,1507104
1780,2380752
1781,1383440
1782,1307872
1783,1540000
1784,1557536
1785,2208960
1786,1254384
1787,1420624
1788,1432496
1789,1482912
1790,1361680
1791,996512
1792,1527888
1793,2542240
1794,1564384
1795,2301264
1796,1430240
1797,1530704
1798,2403344
1799,2916336
1800,1393952
1801,2058208
1802,1334288
1803,1319632
1804,1516768
1805,1252224
1806,1487888
1807,2249456
1808,2910032
1809,1593984
1810,1363824
1811,1454512
1812,1607792
1813,1048064
1814,2682080
1815,2302384
1816,2607328
1817,1704224
1818,1304784
1819,2298096
1820,1045232
1821,1301664
1822,1412144
1823,1574560
1824,1505024
1825,1326176
1826,1498656
1827,2137792
1828,1490480
1829,1608640
1830,1393840
1831,1511104
1832,2177264
1833,1499040
1834,1441808
1835,2312448
1836,1548000
1837,1293328
1838,1641840
1839,1619984
1840,1619888
1841,1241312
1842,1653728
1843,1426096
1844,1525888
1845,932112
1846,1141824
1847,1309504
1848,1240624
1849,1322720
1850,1595408
1851,1521328
1852,1457184
1853,2325520
1854,1411632
1855,1478432
1856,1295744
1857,1297920
1858,2467056
1859,1314448
1860,1517952
1861,1340944
1862,1386848
1863,1432960
1864,2131216
1865,1376640
1866,1785104
1867,1548544
1868,2303376
1869,1311008
1870,1379536
1871,1378208
1872,1415600
1873,2166944
1874,1365776
1875,1379616
1876,1756576
1877,1475296
1878,1106208
1879,1943616
1880,1606880
1881,1519280
1882,1404096
1883,1413584
1884,1018144
1885,1668288
1886,2674448
1887,1369632
1888,2418544
1889,1295520
1890,1332640
1891,1343008
1892,1513856
1893,1376640
1894,1012592
1895,1565632
1896,1344208
1897,2355120
1898,2795904
1899,3871824
1900,1440992
1901,1453696
1902,1384688
1903,1709888
1904,1542592
1905,1766064
1906,1491328
1907,1265328
1908,1332800
1909,1463424
1910,1362544
1911,1625744
1912,1838720
1913,1599744
1914,2564128
1915,1310080
1916,1685040
1917,795232
1918,1466032
1919,1526464
1920,1200288
1921,1379136
1922,1460448
1923,984880
1924,1521232
1925,1443328
1926,1672256
1927,1347456
1928,2117952
1929,1544960
1930,1328672
1931,914944
1932,1435328
1933,1347392
1934,1526608
1935,1389632
1936,2195632
1937,1255696
1938,1319952
1939,1426992
1940,1398400
1941,1463824
1942,1295808
1943,1414992
1944,3564608
1945,1510720
1946,1460864
1947,1490512
1948,2400000
1949,1275104
1950,1500640
1951,1271088
1952,1581184
1953,2233824
1954,1386176
1955,1372224
1956,1559760
1957,1619584
1958,2677152
1959,1560400
1960,1640800
1961,1453632
1962,1530784
1963,1880608
1964,1420384
1965,1879424
1966,1398560
1967,1592672
1968,2059584
1969,1187616
1970,1595920
1971,1748896
1972,2075056
1973,1463408
1974,1571376
1975,1457920
1976,1305056
1977,1215632
1978,1260752
1979,1502112
1980,1449808
1981,909040
1982,1527664
1983,1447984
1984,2016848
1985,1298944
1986,1550384
1987,1479584
1988,3682432
1989,1163536
1990,1386880
1991,1573824
1992,1608944
1993,935248
1994,1408064
1995,1526528
1996,1765184
1997,1562704
1998,1534544
1999,1408944
2000,1514720
===CSV_END===
===VMSTAT_START===
procs -----------memory---------- ---swap-- -----io---- -system-- ------cpu-----
 r  b   swpd   free   buff  cache   si   so    bi    bo   in   cs us sy id wa st
 0  0      0 151020   4940  28524    0    0   147    15  200  172 14 28 57  0  0
 0  0      0 151020   4940  28528    0    0     0     0  745 1287  6 15 79  0  0
 1  0      0 151020   4940  28524    0    0     0     0  750 1247  6 17 77  0  0
 1  0      0 151020   4940  28524    0    0     0     0  748 1254  6 18 75  0  0
 0  0      0 150960   4940  28524    0    0     0   120  217  290  4  7 88  2  0
 0  0      0 150960   4940  28524    0    0     0     0   18   19  0  0 100  0  0
 1  0      0 150960   4940  28524    0    0     0     0   22   22  0  1 99  0  0
===VMSTAT_END===
