========================================
Signal Sender Workload (Synchronized)
========================================
Initializing shared memory...
Waiting for speedometer to register...
Found speedometer in shared memory!
Sending START command to speedometer: START: 15;5;20

Running workload signal period for 15 seconds...

Workload signal period completed.
Sending STOP command to speedometer...
Waiting for statistics from speedometer...

Stress workload terminated.
===VMSTAT_START===
procs -----------memory---------- ---swap-- -----io---- -system-- ------cpu-----
 r  b   swpd   free   buff  cache   si   so    bi    bo   in   cs us sy id wa st
 8  0      0 131184   3772  33300    0    0    28     8  254  232 88 10  2  0  0
 8  0      0 131004   3772  33300    0    0     0     0  505  493 100  0  0  0  0
 8  0      0 131004   3772  33300    0    0     0     0  508  511 100  0  0  0  0
 8  0      0 131004   3772  33300    0    0     0    48  508  511 100  0  0  0  0
 8  0      0 131004   3780  33292    0    0     0   124  511  503 99  1  0  0  0
 9  0      0 131004   3780  33300    0    0     0     0  504  508 100  0  0  0  0
 8  0      0 131004   3780  33300    0    0     0     0  505  508 100  0  0  0  0
 8  0      0 131004   3780  33300    0    0     0     0  506  510 100  0  0  0  0
 8  0      0 131004   3780  33300    0    0     0     0  508  512 100  0  0  0  0
 8  0      0 131004   3780  33300    0    0     0     0  497  500 99  1  0  0  0
 8  0      0 131004   3780  33300    0    0     0     0  504  510 100  0  0  0  0
 8  0      0 131004   3780  33300    0    0     0     0  496  484 99  1  0  0  0
 8  0      0 131004   3780  33300    0    0     0     0  505  512 100  0  0  0  0
 8  0      0 131004   3780  33300    0    0     0     0  498  498 99  1  0  0  0
 8  0      0 131004   3780  33300    0    0     0     0  507  511 100  0  0  0  0
 8  0      0 131004   3780  33300    0    0     0     0  505  496 100  0  0  0  0
 9  0      0 131004   3780  33300    0    0     0     0  519  447 98  2  0  0  0
===VMSTAT_END===
========== SPEEDOMETER RT APPLICATION RESULTS ==========
Test Configuration:
Period: 50.000 ms
Deadline: 5.000 ms
RT Priority: 99 (SCHED_FIFO)
Execution Statistics:
Total cycles: 300
Deadline misses: 1 (0.333%)
Execution Time (μs):
Mean: 277.653
Min: 149.472
Max: 1995.152
50th percentile: 192.608
95th percentile: 1176.096
99th percentile: 1679.920
99.9th percentile: 1995.152
Jitter (μs):
Mean: 2353.204
Min: 1406.704
Max: 5853.440
Response Time (μs):
Mean: 2630.857
Min: 1597.568
Max: 6030.656
50th percentile: 2795.616
95th percentile: 3263.632
99th percentile: 4170.160
99.9th percentile: 6030.656
========================================================
===VMSTAT_START===
(no vmstat data captured)
===VMSTAT_END===
===CSV_START===
cycle,timestamp_s,execution_time_us,jitter_us,response_time_us,deadline_miss
1,0.052130,246.944,2130.192,2377.136,0
2,0.101690,183.408,1689.664,1873.072,0
3,0.151873,1197.024,1873.392,3070.416,0
4,0.201568,248.896,1567.680,1816.576,0
5,0.252864,185.696,2863.584,3049.280,0
6,0.302662,218.736,2661.872,2880.608,0
7,0.351875,1238.992,1875.296,3114.288,0
8,0.401644,167.632,1643.872,1811.504,0
9,0.451918,1071.408,1918.240,2989.648,0
10,0.502577,211.776,2576.720,2788.496,0
11,0.551887,1245.552,1886.688,3132.240,0
12,0.601613,166.112,1613.232,1779.344,0
13,0.652745,154.576,2744.912,2899.488,0
14,0.702817,256.960,2816.688,3073.648,0
15,0.752742,153.712,2742.000,2895.712,0
16,0.802624,180.752,2623.744,2804.496,0
17,0.851855,152.944,1855.488,2008.432,0
18,0.902622,156.368,2622.192,2778.560,0
19,0.952036,274.576,2035.600,2310.176,0
20,1.001671,211.136,1671.280,1882.416,0
21,1.051866,1176.096,1866.224,3042.320,0
22,1.101729,164.272,1729.488,1893.760,0
23,1.152674,157.296,2674.464,2831.760,0
24,1.202722,201.712,2721.632,2923.344,0
25,1.252864,220.288,2863.648,3083.936,0
26,1.302670,194.432,2669.648,2864.080,0
27,1.352773,155.472,2772.752,2928.224,0
28,1.401683,150.768,1683.328,1834.096,0
29,1.452711,212.720,2711.248,2923.968,0
30,1.501821,163.088,1820.640,1983.728,0
31,1.551758,835.344,1757.856,2593.200,0
32,1.602761,198.336,2761.360,2959.696,0
33,1.651870,1233.168,1870.240,3103.408,0
34,1.702628,167.984,2627.632,2795.616,0
35,1.752638,153.680,2638.320,2792.000,0
36,1.801625,175.328,1624.592,1799.920,0
37,1.851981,1195.968,1981.312,3177.280,0
38,1.901656,225.680,1655.824,1881.504,0
39,1.952888,239.712,2887.760,3127.472,0
40,2.001765,164.256,1765.392,1929.648,0
41,2.051816,154.592,1816.224,1970.816,0
42,2.101640,226.592,1640.144,1866.736,0
43,2.152871,176.928,2870.608,3047.536,0
44,2.201657,209.456,1656.912,1866.368,0
45,2.252765,154.592,2765.248,2919.840,0
46,2.301860,185.232,1859.568,2044.800,0
47,2.352698,187.984,2698.144,2886.128,0
48,2.401625,195.552,1624.784,1820.336,0
49,2.452877,210.704,2877.168,3087.872,0
50,2.502678,152.128,2678.032,2830.160,0
51,2.553044,170.880,3043.824,3214.704,0
52,2.601765,206.800,1764.576,1971.376,0
53,2.652821,219.328,2821.328,3040.656,0
54,2.702716,223.424,2716.048,2939.472,0
55,2.752888,178.288,2887.824,3066.112,0
56,2.801683,151.776,1682.800,1834.576,0
57,2.851917,1995.152,1916.800,3911.952,0
58,2.902695,204.176,2694.912,2899.088,0
59,2.952626,187.792,2626.048,2813.840,0
60,3.002651,228.800,2650.896,2879.696,0
61,3.052736,169.936,2735.856,2905.792,0
62,3.102536,190.864,2535.760,2726.624,0
63,3.152577,266.272,2576.832,2843.104,0
64,3.202555,242.608,2554.560,2797.168,0
65,3.252694,190.448,2694.272,2884.720,0
66,3.301668,222.272,1667.920,1890.192,0
67,3.352872,231.648,2872.208,3103.856,0
68,3.401710,258.912,1709.840,1968.752,0
69,3.451859,1200.464,1859.424,3059.888,0
70,3.501694,188.352,1693.696,1882.048,0
71,3.552906,237.280,2905.888,3143.168,0
72,3.602653,154.880,2653.424,2808.304,0
73,3.652811,169.600,2811.472,2981.072,0
74,3.701673,180.992,1673.360,1854.352,0
75,3.752882,224.160,2881.632,3105.792,0
76,3.801717,171.344,1716.672,1888.016,0
77,3.852664,234.176,2664.320,2898.496,0
78,3.902574,225.568,2573.824,2799.392,0
79,3.952736,183.728,2735.824,2919.552,0
80,4.002731,228.880,2731.424,2960.304,0
81,4.052745,181.440,2744.688,2926.128,0
82,4.102667,287.936,2666.912,2954.848,0
83,4.152711,188.656,2711.376,2900.032,0
84,4.202548,186.656,2548.000,2734.656,0
85,4.252630,167.632,2630.336,2797.968,0
86,4.302624,188.000,2624.352,2812.352,0
87,4.352721,213.680,2721.040,2934.720,0
88,4.401600,251.040,1599.776,1850.816,0
89,4.452719,249.280,2719.296,2968.576,0
90,4.501572,249.056,1571.648,1820.704,0
91,4.551906,1339.712,1905.808,3245.520,0
92,4.602522,229.136,2522.288,2751.424,0
93,4.652628,160.032,2628.016,2788.048,0
94,4.702574,234.608,2574.336,2808.944,0
95,4.752696,194.416,2696.192,2890.608,0
96,4.801723,202.928,1723.072,1926.000,0
97,4.851861,152.768,1860.672,2013.440,0
98,4.901696,197.488,1696.000,1893.488,0
99,4.952713,187.168,2712.896,2900.064,0
100,5.002650,164.096,2649.808,2813.904,0
101,5.052777,162.736,2776.880,2939.616,0
102,5.102704,228.912,2703.664,2932.576,0
103,5.152707,216.656,2707.056,2923.712,0
104,5.201677,151.456,1677.344,1828.800,0
105,5.252701,187.264,2701.008,2888.272,0
106,5.302625,157.280,2624.992,2782.272,0
107,5.352740,178.272,2739.808,2918.080,0
108,5.402675,149.904,2674.976,2824.880,0
109,5.451909,1580.960,1909.024,3489.984,0
110,5.502638,154.224,2638.400,2792.624,0
111,5.552828,152.848,2827.888,2980.736,0
112,5.602628,155.584,2628.288,2783.872,0
113,5.652820,185.248,2820.368,3005.616,0
114,5.702589,192.944,2589.424,2782.368,0
115,5.751849,162.704,1849.360,2012.064,0
116,5.802577,224.608,2576.512,2801.120,0
117,5.853028,246.192,3027.808,3274.000,0
118,5.902661,264.096,2661.296,2925.392,0
119,5.951835,1064.000,1834.560,2898.560,0
120,6.002877,198.288,2876.816,3075.104,0
121,6.052883,151.296,2883.440,3034.736,0
122,6.102664,251.824,2664.432,2916.256,0
123,6.152796,180.128,2795.952,2976.080,0
124,6.202514,247.456,2513.520,2760.976,0
125,6.252719,180.032,2718.560,2898.592,0
126,6.302571,173.728,2571.088,2744.816,0
127,6.352716,172.720,2716.464,2889.184,0
128,6.402709,217.696,2709.024,2926.720,0
129,6.451996,1024.848,1996.288,3021.136,0
130,6.502593,220.640,2592.896,2813.536,0
131,6.552862,268.448,2862.064,3130.512,0
132,6.601666,220.608,1666.096,1886.704,0
133,6.652005,1291.440,2004.752,3296.192,0
134,6.702687,203.552,2687.136,2890.688,0
135,6.752730,173.216,2730.432,2903.648,0
136,6.802590,176.384,2589.616,2766.000,0
137,6.851769,203.280,1769.296,1972.576,0
138,6.901670,163.200,1669.696,1832.896,0
139,6.952878,159.808,2878.272,3038.080,0
140,7.002553,192.608,2552.912,2745.520,0
141,7.052703,187.712,2702.656,2890.368,0
142,7.102666,240.464,2666.192,2906.656,0
143,7.152707,188.352,2706.736,2895.088,0
144,7.201565,238.560,1564.608,1803.168,0
145,7.252844,149.472,2844.480,2993.952,0
146,7.301685,181.488,1684.608,1866.096,0
147,7.352774,150.576,2773.776,2924.352,0
148,7.402512,202.000,2511.968,2713.968,0
149,7.453025,238.736,3024.896,3263.632,0
150,7.501694,186.768,1693.664,1880.432,0
151,7.552687,185.280,2686.896,2872.176,0
152,7.602803,188.352,2802.528,2990.880,0
153,7.651889,1130.752,1888.640,3019.392,0
154,7.702568,249.920,2568.368,2818.288,0
155,7.752735,163.936,2734.800,2898.736,0
156,7.802577,171.792,2577.168,2748.960,0
157,7.851959,1165.488,1958.640,3124.128,0
158,7.902569,171.488,2569.072,2740.560,0
159,7.953017,215.904,3016.656,3232.560,0
160,8.001879,191.312,1879.264,2070.576,0
161,8.052861,253.248,2860.592,3113.840,0
162,8.101717,193.168,1716.784,1909.952,0
163,8.152949,193.744,2949.456,3143.200,0
164,8.202710,283.344,2709.712,2993.056,0
165,8.252832,192.992,2831.856,3024.848,0
166,8.302987,189.024,2986.848,3175.872,0
167,8.352949,189.600,2949.136,3138.736,0
168,8.402564,176.160,2563.856,2740.016,0
169,8.452716,164.160,2716.192,2880.352,0
170,8.502560,190.544,2560.080,2750.624,0
171,8.552823,230.560,2823.264,3053.824,0
172,8.602563,152.576,2563.280,2715.856,0
173,8.652695,154.032,2695.488,2849.520,0
174,8.703436,328.896,3436.272,3765.168,0
175,8.751847,184.960,1847.008,2031.968,0
176,8.802649,152.240,2649.424,2801.664,0
177,8.852697,187.424,2696.912,2884.336,0
178,8.901671,151.712,1671.104,1822.816,0
179,8.951887,1854.192,1886.704,3740.896,0
180,9.002548,188.640,2547.744,2736.384,0
181,9.051841,1588.576,1841.296,3429.872,0
182,9.101649,156.208,1648.800,1805.008,0
183,9.151973,1654.976,1973.200,3628.176,0
184,9.201554,188.032,1554.272,1742.304,0
185,9.252714,150.624,2714.272,2864.896,0
186,9.302563,152.672,2563.424,2716.096,0
187,9.352722,191.296,2721.648,2912.944,0
188,9.402492,257.264,2492.288,2749.552,0
189,9.452993,279.056,2992.736,3271.792,0
190,9.501632,182.432,1632.496,1814.928,0
191,9.552658,238.192,2657.904,2896.096,0
192,9.602621,193.248,2621.488,2814.736,0
193,9.652712,184.432,2712.256,2896.688,0
194,9.702553,168.320,2552.688,2721.008,0
195,9.752678,198.080,2678.352,2876.432,0
196,9.802538,156.848,2538.448,2695.296,0
197,9.851705,156.592,1704.768,1861.360,0
198,9.902516,201.200,2515.504,2716.704,0
199,9.952718,186.544,2717.552,2904.096,0
200,10.002470,187.552,2470.000,2657.552,0
201,10.052682,189.152,2682.192,2871.344,0
202,10.102398,209.728,2398.432,2608.160,0
203,10.152797,166.848,2797.040,2963.888,0
204,10.202501,183.600,2501.376,2684.976,0
205,10.251496,158.784,1496.368,1655.152,0
206,10.301525,199.520,1525.232,1724.752,0
207,10.352840,233.408,2840.416,3073.824,0
208,10.401521,179.088,1521.056,1700.144,0
209,10.451545,206.032,1545.152,1751.184,0
210,10.501493,188.304,1493.360,1681.664,0
211,10.552727,186.000,2726.928,2912.928,0
212,10.605853,177.216,5853.440,6030.656,1
213,10.653992,177.856,3992.304,4170.160,0
214,10.701879,156.896,1879.040,2035.936,0
215,10.751496,225.472,1495.584,1721.056,0
216,10.801521,200.352,1521.344,1721.696,0
217,10.852673,159.104,2673.008,2832.112,0
218,10.902359,202.160,2358.640,2560.800,0
219,10.951556,220.320,1556.448,1776.768,0
220,11.001485,178.464,1485.488,1663.952,0
221,11.051502,213.232,1502.496,1715.728,0
222,11.101421,199.360,1420.928,1620.288,0
223,11.151426,239.808,1426.304,1666.112,0
224,11.201407,214.672,1406.704,1621.376,0
225,11.251857,1679.920,1856.688,3536.608,0
226,11.301556,184.448,1555.712,1740.160,0
227,11.352573,174.288,2573.168,2747.456,0
228,11.402484,190.336,2483.536,2673.872,0
229,11.452662,181.344,2662.224,2843.568,0
230,11.502453,181.792,2452.880,2634.672,0
231,11.552554,152.512,2553.920,2706.432,0
232,11.602396,211.392,2395.696,2607.088,0
233,11.651473,188.784,1473.232,1662.016,0
234,11.702363,263.744,2363.104,2626.848,0
235,11.751506,285.392,1505.600,1790.992,0
236,11.801418,179.712,1417.856,1597.568,0
237,11.851608,249.856,1608.096,1857.952,0
238,11.902596,172.176,2595.584,2767.760,0
239,11.952574,214.000,2574.144,2788.144,0
240,12.002466,178.176,2465.856,2644.032,0
241,12.052653,184.928,2652.848,2837.776,0
242,12.102389,227.168,2389.296,2616.464,0
243,12.152684,199.520,2684.448,2883.968,0
244,12.202517,177.488,2516.560,2694.048,0
245,12.252575,192.752,2574.992,2767.744,0
246,12.301432,217.008,1432.064,1649.072,0
247,12.351558,247.264,1558.160,1805.424,0
248,12.404156,180.832,4156.016,4336.848,0
249,12.452675,162.608,2674.928,2837.536,0
250,12.502372,256.848,2371.616,2628.464,0
251,12.552523,178.336,2523.440,2701.776,0
252,12.601421,177.232,1421.488,1598.720,0
253,12.651432,287.408,1431.824,1719.232,0
254,12.701426,213.872,1425.808,1639.680,0
255,12.751482,249.088,1482.352,1731.440,0
256,12.801478,180.640,1477.712,1658.352,0
257,12.851757,153.568,1756.736,1910.304,0
258,12.902390,249.824,2390.368,2640.192,0
259,12.952649,174.816,2648.704,2823.520,0
260,13.002372,254.592,2372.480,2627.072,0
261,13.052496,187.168,2495.712,2682.880,0
262,13.101487,272.224,1487.360,1759.584,0
263,13.151491,176.464,1491.328,1667.792,0
264,13.202493,178.432,2492.544,2670.976,0
265,13.252549,187.072,2549.216,2736.288,0
266,13.302407,189.312,2407.168,2596.480,0
267,13.351587,203.440,1587.328,1790.768,0
268,13.402491,275.008,2491.104,2766.112,0
269,13.452834,239.936,2834.096,3074.032,0
270,13.502456,202.992,2456.304,2659.296,0
271,13.552680,152.432,2680.496,2832.928,0
272,13.602403,256.320,2402.560,2658.880,0
273,13.652673,200.576,2672.976,2873.552,0
274,13.702493,182.464,2492.640,2675.104,0
275,13.752562,176.528,2562.304,2738.832,0
276,13.802351,260.944,2350.560,2611.504,0
277,13.851575,179.200,1575.200,1754.400,0
278,13.902418,205.808,2417.600,2623.408,0
279,13.952662,151.648,2661.632,2813.280,0
280,14.002424,250.336,2424.144,2674.480,0
281,14.052857,231.056,2857.024,3088.080,0
282,14.102399,224.800,2398.768,2623.568,0
283,14.152681,284.080,2681.408,2965.488,0
284,14.202531,160.416,2530.784,2691.200,0
285,14.252662,179.952,2661.664,2841.616,0
286,14.302376,250.224,2376.304,2626.528,0
287,14.351496,246.928,1496.320,1743.248,0
288,14.401555,188.256,1554.656,1742.912,0
289,14.452890,259.104,2889.904,3149.008,0
290,14.501561,188.160,1560.896,1749.056,0
291,14.552816,212.528,2816.496,3029.024,0
292,14.602398,180.256,2397.776,2578.032,0
293,14.653881,163.424,3880.624,4044.048,0
294,14.702441,211.632,2440.768,2652.400,0
295,14.752786,210.096,2785.792,2995.888,0
296,14.802402,252.320,2401.936,2654.256,0
297,14.851523,261.520,1522.784,1784.304,0
298,14.902410,257.120,2409.520,2666.640,0
299,14.952906,186.256,2906.016,3092.272,0
300,15.002501,204.496,2500.720,2705.216,0
===CSV_END===
Run #12 completed. Waiting for next START command...
Waiting for START command from li VM...
