========================================
Stress-NG Workload (Synchronized)
========================================
Initializing shared memory...
Waiting for speedometer to register...
Found speedometer in shared memory!
Sending START command to speedometer...

Baseline mode (no stressors) for 60 seconds...

Baseline period completed.
Sending STOP command to speedometer...
Waiting for statistics from speedometer...

========== RECEIVED SPEEDOMETER STATISTICS ==========
Total cycles: 120
Deadline misses: 0 (0.00%)
Execution time:
  Mean: 187.634 us
  Min: 150.944 us
  Max: 355.568 us
Jitter:
  Mean: 2217.291 us
  Max: 5515.120 us
Response time:
  Mean: 2404.925 us
  Min: 1241.984 us
  Max: 5681.504 us
====================================================

Stress workload terminated.
===VMSTAT_START===
procs -----------memory---------- ---swap-- -----io---- -system-- ------cpu-----
 r  b   swpd   free   buff  cache   si   so    bi    bo   in   cs us sy id wa st
 0  0      0 404708   7988  28456    0    0    31     4   38   23  3  5 91  0  0
 0  0      0 404708   7988  28452    0    0     0     0   13   17  0  0 100  0  0
 1  0      0 404708   7988  28452    0    0     0     0   12   15  0  0 100  0  0
 0  0      0 404708   7988  28452    0    0     0    76   24   24  0  1 99  0  0
 0  0      0 404708   7988  28452    0    0     0     0   19   18  0  0 100  0  0
 0  0      0 404708   7996  28452    0    0     0    96   27   33  0  1 98  2  0
 0  0      0 404708   7996  28452    0    0     0     0   15   13  0  0 100  0  0
 1  0      0 404708   7996  28452    0    0     0     0   17   15  0  0 99  0  0
 0  0      0 404708   7996  28452    0    0     0     0   14   16  0  0 100  0  0
 0  0      0 404708   7996  28452    0    0     0     0   16   19  0  0 100  0  0
 0  0      0 404708   7996  28452    0    0     0    88   22   21  0  1 100  0  0
 1  0      0 404708   7996  28452    0    0     0     0   19   17  0  0 100  0  0
 0  0      0 404708   7996  28452    0    0     0     0   12   16  0  0 100  0  0
 0  0      0 404708   7996  28452    0    0     0     0   18   22  0  0 100  0  0
 0  0      0 404708   7996  28452    0    0     0     0   11   16  0  0 100  0  0
 1  0      0 404708   7996  28452    0    0     0     0   12   12  0  0 100  0  0
 0  0      0 404708   7996  28452    0    0     0     0   15   21  0  0 100  0  0
 0  0      0 404708   7996  28452    0    0     0     0   15   18  0  0 100  0  0
 2  0      0 404708   7996  28452    0    0     0     0   11   12  0  0 100  0  0
 0  0      0 404708   7996  28452    0    0     0     0   10   15  0  0 100  0  0
 0  0      0 404708   7996  28452    0    0     0     0   13   17  0  0 100  0  0
 0  0      0 404708   7996  28452    0    0     0     0   13   17  0  0 99  0  0
 1  0      0 404708   7996  28452    0    0     0     0   13   15  0  0 100  0  0
 0  0      0 404708   7996  28452    0    0     0     0   11   15  0  0 100  0  0
 1  0      0 404708   7996  28452    0    0     0     0   20   19  0  0 100  0  0
 0  0      0 404708   7996  28452    0    0     0     0   15   19  0  0 100  0  0
 0  0      0 404708   7996  28452    0    0     0     0   13   13  0  0 100  0  0
 0  0      0 404708   7996  28452    0    0     0     0   12   16  0  0 100  0  0
 0  0      0 404708   7996  28452    0    0     0     0   11   18  0  0 100  0  0
 0  0      0 404708   7996  28452    0    0     0     0   11   13  0  0 100  0  0
 0  0      0 404708   7996  28452    0    0     0     0   13   16  0  0 99  0  0
 0  0      0 404708   7996  28452    0    0     0     0   15   18  0  0 100  0  0
 0  0      0 404708   7996  28452    0    0     0     0   14   20  0  0 100  0  0
 0  0      0 404708   7996  28452    0    0     0     0    9   10  0  0 100  0  0
 0  0      0 404708   7996  28452    0    0     0     0   18   19  0  0 100  0  0
 0  0      0 404708   7996  28452    0    0     0     0   13   14  0  0 100  0  0
 0  0      0 404708   7996  28452    0    0     0     0   14   21  0  0 100  0  0
 0  0      0 404708   7996  28452    0    0     0     0   12   12  0  0 100  0  0
 0  0      0 404708   7996  28452    0    0     0     0   11   15  0  0 100  0  0
 0  0      0 404708   7996  28452    0    0     0     0   18   16  0  1 99  0  0
 0  0      0 404708   7996  28452    0    0     0     0   16   21  0  0 100  0  0
 0  0      0 404708   7996  28452    0    0     0     0   11   12  0  0 100  0  0
 0  0      0 404708   7996  28452    0    0     0     0   14   15  0  0 100  0  0
 0  0      0 404708   7996  28452    0    0     0     0   16   17  0  0 100  0  0
 0  0      0 404708   7996  28452    0    0     0     0   15   21  0  0 100  0  0
 0  0      0 404708   7996  28452    0    0     0     0    9   13  0  0 100  0  0
 0  0      0 404708   7996  28452    0    0     0     0   14   17  0  0 100  0  0
 0  0      0 404708   7996  28452    0    0     0     0   18   17  0  0 99  0  0
 0  0      0 404708   7996  28452    0    0     0     0   11   19  0  0 100  0  0
 0  0      0 404708   7996  28456    0    0     0     0   11   16  0  0 100  0  0
 0  0      0 404708   7996  28456    0    0     0     0   15   18  0  0 100  0  0
 0  0      0 404708   7996  28456    0    0     0     0   13   13  0  0 100  0  0
 0  0      0 404708   7996  28456    0    0     0     0   19   22  0  0 99  0  0
 0  0      0 404708   7996  28456    0    0     0     0   10   13  0  0 100  0  0
 0  0      0 404708   7996  28456    0    0     0     0   11   14  0  0 100  0  0
 0  0      0 404708   7996  28456    0    0     0     0   14   17  0  0 100  0  0
 0  0      0 404708   7996  28456    0    0     0     0   12   16  0  0 100  0  0
 0  0      0 404708   7996  28456    0    0     0     0   13   15  0  0 100  0  0
 0  0      0 404708   7996  28456    0    0     0     0   12   14  0  0 100  0  0
 1  0      0 404708   7996  28456    0    0     0     0   13   16  0  0 100  0  0
 0  0      0 404708   7996  28456    0    0     0     0   23   29  1  1 99  0  0
 0  0      0 404708   7996  28456    0    0     0     0   38   38  0  2 98  0  0
===VMSTAT_END===
