stress-ng: info:  [287] setting to a 60 second run per stressor
stress-ng: info:  [287] dispatching hogs: 2 cpu
stress-ng: info:  [287] successful run completed in 61.02s (1 min, 1.02 secs)
stress-ng: info:  [287] stressor       bogo ops real time  usr time  sys time   bogo ops/s     bogo ops/s
stress-ng: info:  [287]                           (secs)    (secs)    (secs)   (real time) (usr+sys time)
stress-ng: info:  [287] cpu                2127     60.89    120.34      0.51        34.93          17.60
========================================
Stress-NG Workload (Synchronized)
========================================
Initializing shared memory...
Waiting for speedometer to register...
Found speedometer in shared memory!
Sending START command to speedometer...

Starting stress-ng workload for 60 seconds...
Command: stress-ng --cpu 0 --cpu-method all --timeout 60s --metrics-brief


Stress-ng completed with exit code: 0
Sending STOP command to speedometer...
Waiting for statistics from speedometer...

========== RECEIVED SPEEDOMETER STATISTICS ==========
Total cycles: 1200
Deadline misses: 2 (0.17%)
Execution time:
  Mean: 408.076 us
  Min: 151.440 us
  Max: 12586.512 us
Jitter:
  Mean: 2960.968 us
  Max: 18021.104 us
Response time:
  Mean: 3369.044 us
  Min: 1504.288 us
  Max: 18648.720 us
====================================================

Stress workload terminated.
===VMSTAT_START===
procs -----------memory---------- ---swap-- -----io---- -system-- ------cpu----- -----timestamp-----
 r  b   swpd   free   buff  cache   si   so    bi    bo   in   cs us sy id wa st                 UTC
 1  0      0 404668   5308  30860    0    0    44     5  216   35 71  9 20  0  0 1970-01-01 00:04:37
 3  0      0 401940   5308  32988    0    0     0     0  441   80 58 21 21  0  0 1970-01-01 00:04:38
 2  0      0 400204   5308  33016    0    0     0     0  510   34 96  4  0  0  0 1970-01-01 00:04:39
 2  0      0 400204   5308  33016    0    0     0     0  510   26 100  0  0  0  0 1970-01-01 00:04:40
 2  0      0 398592   5308  33016    0    0     0     0  507   20 95  5  0  0  0 1970-01-01 00:04:41
 2  0      0 398592   5316  33016    0    0     0   132  518   36 98  2  0  0  0 1970-01-01 00:04:42
 2  0      0 398592   5316  33016    0    0     0     0  513   26 100  0  0  0  0 1970-01-01 00:04:43
 2  0      0 398592   5316  33016    0    0     0     0  510   28 100  0  0  0  0 1970-01-01 00:04:44
 2  0      0 398592   5316  33016    0    0     0     0  510   18 100  0  0  0  0 1970-01-01 00:04:45
 2  0      0 398592   5316  33016    0    0     0     0  512   22 100  0  0  0  0 1970-01-01 00:04:46
 2  0      0 398592   5316  33016    0    0     0     0  511   19 100  0  0  0  0 1970-01-01 00:04:47
 2  0      0 398592   5324  33016    0    0     0    12  515   39 100  0  0  0  0 1970-01-01 00:04:48
 2  0      0 398592   5324  33016    0    0     0     0  507   20 100  0  0  0  0 1970-01-01 00:04:49
 3  0      0 398592   5324  33016    0    0     0     0  508   20 100  0  0  0  0 1970-01-01 00:04:50
 2  0      0 398592   5324  33016    0    0     0     0  512   20 100  0  0  0  0 1970-01-01 00:04:51
 3  0      0 398592   5324  33016    0    0     0     0  515   26 99  1  0  0  0 1970-01-01 00:04:52
 2  0      0 398592   5324  33016    0    0     0     0  511   21 100  0  0  0  0 1970-01-01 00:04:53
 3  0      0 398592   5332  33016    0    0     0    28  517   41 99  1  0  0  0 1970-01-01 00:04:54
 3  0      0 398592   5332  33016    0    0     0     0  504   16 100  0  0  0  0 1970-01-01 00:04:55
 2  0      0 398592   5332  33016    0    0     0     0  510   25 100  0  0  0  0 1970-01-01 00:04:56
 2  0      0 398592   5332  33016    0    0     0     0  509   16 100  0  0  0  0 1970-01-01 00:04:57
 3  0      0 398592   5332  33016    0    0     0     0  512   25 100  0  0  0  0 1970-01-01 00:04:58
 2  0      0 398592   5332  33016    0    0     0     0  515   22 100  0  0  0  0 1970-01-01 00:04:59
 2  0      0 398592   5340  33016    0    0     0    12  517   41 100  0  0  0  0 1970-01-01 00:05:00
 2  0      0 398592   5340  33016    0    0     0     0  510   18 100  0  0  0  0 1970-01-01 00:05:01
 2  0      0 398592   5340  33016    0    0     0     0  513   22 100  0  0  0  0 1970-01-01 00:05:02
 3  0      0 398592   5340  33016    0    0     0     0  500   17 99  1  0  0  0 1970-01-01 00:05:03
 2  0      0 398592   5340  33016    0    0     0     0  512   29 100  0  0  0  0 1970-01-01 00:05:04
 2  0      0 398592   5340  33016    0    0     0     0  510   18 100  0  0  0  0 1970-01-01 00:05:06
 2  0      0 398592   5348  33016    0    0     0    12  519   34 99  1  0  0  0 1970-01-01 00:05:07
 2  0      0 398592   5348  33016    0    0     0     0  511   20 100  0  0  0  0 1970-01-01 00:05:08
 2  0      0 398592   5348  33016    0    0     0     0  513   28 100  0  0  0  0 1970-01-01 00:05:09
 2  0      0 398592   5348  33016    0    0     0     0  514   22 100  0  0  0  0 1970-01-01 00:05:10
 2  0      0 398592   5348  33016    0    0     0     0  509   20 100  0  0  0  0 1970-01-01 00:05:11
 3  0      0 398592   5348  33016    0    0     0     0  510   16 100  0  0  0  0 1970-01-01 00:05:12
 2  0      0 398592   5356  33016    0    0     0    12  516   42 100  0  0  0  0 1970-01-01 00:05:13
 2  0      0 398592   5356  33016    0    0     0     0  513   20 100  0  0  0  0 1970-01-01 00:05:14
 2  0      0 398592   5356  33016    0    0     0     0  513   26 100  0  0  0  0 1970-01-01 00:05:15
 2  0      0 398592   5356  33016    0    0     0     0  506   20 100  0  0  0  0 1970-01-01 00:05:16
 2  0      0 398592   5356  33020    0    0     0     0  511   38 100  0  0  0  0 1970-01-01 00:05:17
 2  0      0 398592   5356  33020    0    0     0     0  508   18 100  0  0  0  0 1970-01-01 00:05:18
 2  0      0 398592   5364  33020    0    0     0    12  518   35 99  1  0  0  0 1970-01-01 00:05:19
 3  0      0 398592   5364  33020    0    0     0     0  512   29 100  0  0  0  0 1970-01-01 00:05:20
 2  0      0 398592   5364  33020    0    0     0     0  513   26 100  0  0  0  0 1970-01-01 00:05:21
 2  0      0 398592   5364  33020    0    0     0     0  512   19 100  0  0  0  0 1970-01-01 00:05:22
 3  0      0 398592   5364  33020    0    0     0     0  509   21 100  0  0  0  0 1970-01-01 00:05:23
 2  0      0 398592   5364  33020    0    0     0     0  511   25 100  0  0  0  0 1970-01-01 00:05:24
 3  0      0 398592   5372  33020    0    0     0   168  518   40 100  0  0  0  0 1970-01-01 00:05:25
 2  0      0 398592   5372  33020    0    0     0     0  512   21 100  0  0  0  0 1970-01-01 00:05:26
 2  0      0 398592   5372  33020    0    0     0     0  507   22 100  0  0  0  0 1970-01-01 00:05:27
 2  0      0 398592   5372  33020    0    0     0     0  511   26 100  0  0  0  0 1970-01-01 00:05:28
 2  0      0 398592   5372  33020    0    0     0     0  507   17 100  0  0  0  0 1970-01-01 00:05:29
 2  0      0 398592   5372  33020    0    0     0     0  517   28 100  0  0  0  0 1970-01-01 00:05:30
 2  0      0 398592   5380  33020    0    0     0    12  519   33 100  0  0  0  0 1970-01-01 00:05:31
 2  0      0 398592   5380  33020    0    0     0     0  512   26 100  0  0  0  0 1970-01-01 00:05:32
 3  0      0 398592   5380  33020    0    0     0     0  511   21 100  0  0  0  0 1970-01-01 00:05:33
 2  0      0 398592   5380  33020    0    0     0     0  507   18 100  0  0  0  0 1970-01-01 00:05:34
 2  0      0 398592   5380  33020    0    0     0     0  509   20 100  0  0  0  0 1970-01-01 00:05:35
 2  0      0 398592   5380  33020    0    0     0     0  507   26 100  0  0  0  0 1970-01-01 00:05:36
 3  0      0 398592   5388  33020    0    0     0    12  511   32 100  0  0  0  0 1970-01-01 00:05:37
 2  0      0 398468   5388  33020    0    0     0     0  472   40 93  7  0  0  0 1970-01-01 00:05:38
 0  0      0 403012   5388  30860    0    0     0     0  384  104 51 23 26  0  0 1970-01-01 00:05:39
 1  0      0 403012   5388  30860    0    0     0     0   50   49  1  2 98  0  0 1970-01-01 00:05:40
 0  0      0 403012   5388  30860    0    0     0     0   55   46  1  3 96  0  0 1970-01-01 00:05:41
 0  0      0 403012   5388  30860    0    0     0     0   44   41  1  1 98  0  0 1970-01-01 00:05:42
===VMSTAT_END===
