HI_NET_PING_START run=18
Probes: 2000  |  Protocol: UDP  |  Period: 1 ms  |  Msg: 64 B
hi_net_ping: sending HELLO to 127.0.0.1:5002 (protocol=UDP)...
[echo] HELLO — protocol=UDP  n_probes=2000
[echo] HELLO_ACK sent
[echo] run #18 — echoing probes
hi_net_ping: HELLO_ACK received
hi_net_ping: starting ping-echo loop (2000 probes at 1 ms)...
========== HI_NET_PING RESULTS ==========
Probes sent:        2000
Echoes received:    2000
Lost (no echo):        6 (0.300%)
RTL (us):
Mean: 4015.598    Std dev: 881.225
Min:  2369.248    Max:     17905.968
P50:  3812.320    P95:     5243.712
P99:  7509.584    P99.9:   17035.344
IAJ (us):
Mean: 3454.683    Std dev: 773.385
Min:  1835.264    Max:     9382.128
P50:  3259.696    P95:     4758.016
P99:  6358.736    P99.9:   9002.352
===CSV_START===
index,rtl_ns,iaj_ns
0,4409104,3283968
1,3883360,4003184
2,4660448,3333376
3,3955936,4265824
4,4055168,3515488
5,3962928,4220816
6,4815760,6975600
7,10146176,4381616
8,7560080,2011024
9,4625040,8300816
10,2693440,6986480
11,8857840,7860400
12,5998416,7980960
13,8383056,5767456
14,7529520,5389856
15,6278192,6487280
16,5164720,8342688
17,7009088,2996592
18,8827504,3459840
19,3632848,4174960
20,4117168,3400112
21,4591360,4397664
22,4072464,3482416
23,4978912,3469616
24,4085952,4427792
25,4071376,3544800
26,5069248,4624528
27,4156688,3941056
28,5224032,4653584
29,4520800,3996112
30,4200688,3747920
31,4574864,5104304
32,4499728,4758128
33,5767824,3633872
34,5143088,4483360
35,4299824,4104064
36,4290960,3594672
37,4693280,3604624
38,4160048,4483408
39,4258240,4282032
40,5142032,3460240
41,4765040,3593584
42,4052112,4255920
43,4201088,3910896
44,4823376,4382784
45,4295904,3644112
46,5028128,4642720
47,4277648,4325504
48,5229136,3490624
49,4806816,4567136
50,4037200,3560624
51,4945520,4051168
52,4205952,4659632
53,4710336,5399936
54,5328416,4762832
55,4971488,4755920
56,5415088,4869680
57,4262128,4699888
58,5420928,2532544
59,4215952,3714608
60,3147104,4127888
61,4282432,3628784
62,4754240,4450688
63,4349008,4955920
64,5103248,2450912
65,5643088,3544832
66,3050272,4168080
67,3900208,4047904
68,4606944,4944288
69,3655376,3798544
70,5385456,4847616
71,4259232,4271984
72,4605120,2462256
73,4863536,3775760
74,2994496,5802896
75,4348384,4418528
76,6418928,4783904
77,4978592,3355792
78,5324784,4436304
79,3843296,2412160
80,4960304,2343568
81,2963968,3988944
82,2799568,2518400
83,4478896,2282240
84,3023664,4317152
85,2691232,2563856
86,4820464,3341424
87,3091056,2681712
88,3900752,3462512
89,3226752,2544416
90,3952752,3768256
91,3052128,5961456
92,4115088,3528064
93,6418592,4185808
94,4034624,4471216
95,4825328,4287200
96,4105840,2439296
97,4774960,3899952
98,3012832,4057232
99,4326480,4213824
100,4650128,4466512
101,3991952,4114560
102,4894240,4996992
103,4654560,4162784
104,4676768,4976224
105,4740976,3815680
106,5525376,4204752
107,4355392,4715152
108,4752736,3850560
109,5276480,4166448
110,4410320,4269600
111,4710160,5067648
112,4806240,3983456
113,4639888,2701216
114,4532960,3625968
115,3131824,4614352
116,4144992,3509808
117,5169264,4483504
118,4089008,2384528
119,4989984,3712192
120,2966704,5270752
121,4081792,3813040
122,5721600,3820192
123,4327664,5000256
124,4165392,4060192
125,5536240,4050224
126,4596016,4905616
127,4367696,4612272
128,5279648,2828320
129,5044352,4277248
130,3347248,5014816
131,4719216,4971872
132,4350112,4738448
133,5341968,3345648
134,5344464,4485168
135,3785184,4694848
136,5027552,4100976
137,5162880,3493760
138,4576544,3698640
139,3876128,5052080
140,4247008,4379360
141,5429904,3459840
142,4862912,4923456
143,4068160,3914672
144,5205776,4272128
145,4508336,4462288
146,4630976,3888624
147,4891568,4182448
148,4372544,3954672
149,4711744,4798368
150,4440032,3687392
151,4290656,3504384
152,4278048,3419072
153,4045296,3827808
154,4063744,4565936
155,4427216,3688496
156,4202896,3842896
157,4233936,4975152
158,4239856,3732816
159,5529280,3893248
160,4251408,3499584
161,4480288,4936368
162,4127936,3902480
163,5365216,3982672
164,4411264,5179200
165,4458000,3416192
166,5627728,4452576
167,3965296,5177200
168,4986960,3259056
169,5781824,4447568
170,3784064,3686512
171,4901840,4211584
172,4329104,3995680
173,3763328,4208960
174,4440192,3581104
175,4669872,4760720
176,4081488,4051360
177,5327840,2312704
178,4578224,4431664
179,2699184,5381504
180,4875056,4358832
181,5829664,2115808
182,4948416,3979744
183,2811904,2509472
184,4478720,3079744
185,3080464,3659392
186,3731712,3883632
187,4251168,4279744
188,4346624,4361280
189,3923440,3645520
190,4824864,4999376
191,4259664,3912528
192,5555968,3028336
193,4485952,3648752
194,3594480,3450656
195,4200688,4755360
196,3998896,4337936
197,5234864,2227872
198,4607040,3342352
199,2816608,3475024
200,3592960,3259296
201,3900608,3549648
202,3828736,4424080
203,4158400,8424656
204,5016128,4465472
205,8932448,8787104
206,4882304,6846032
207,8305040,9382128
208,7405168,6992208
209,9817696,8523296
210,6328208,5183424
211,9099008,4698688
212,5768416,4726992
213,5151504,4040352
214,5190928,4189568
215,4631296,2078352
216,4085312,4279856
217,2669680,4459984
218,4096048,3197248
219,5023168,3405248
220,3726640,4162512
221,3931792,3659232
222,4661664,4508272
223,4073488,3570880
224,4991680,5823760
225,4201616,3425728
226,6428112,5345424
227,3937936,2920592
228,5764032,2932608
229,3567424,3079376
230,3459792,2946224
231,3716000,2852496
232,3489488,3289776
233,3327920,3316672
234,4015328,3855152
235,3843424,3470384
236,4333776,2859392
237,4125520,2510880
238,3599696,3217200
239,3125088,2998912
240,3880720,3566528
241,3453584,2894544
242,4251744,2309520
243,3562432,3672880
244,2803600,2852640
245,4154464,2673664
246,3389792,3758896
247,3299904,2722368
248,4409072,3000128
249,3400208,2844256
250,3629344,3016544
251,3541840,2819696
252,3583824,3060784
253,3415664,2960320
254,3648816,3997456
255,3594608,3290736
256,4627184,5025904
257,3945008,2606080
258,5634656,3336176
259,3349888,3790848
260,3969360,2938928
261,4441488,3527680
262,3537088,3137648
263,4215440,2196864
264,3661952,3754304
265,2859632,3415104
266,4346032,4427264
267,3997280,3964800
268,4999088,3404848
269,4639008,3055008
270,3949552,3551600
271,3701312,3090256
272,4155088,3449968
273,3682272,3651168
274,4018080,3753024
275,4197648,2857472
276,3600912,3173040
277,3537136,3222848
278,3804640,2811344
279,3792928,3213808
280,3360592,2812768
281,3750192,2823888
282,3363040,3483968
283,3468400,2511136
284,4153440,3384256
285,3212000,2690992
286,4021184,3171760
287,3341888,2970688
288,3703584,3158672
289,3464416,3283632
290,3637552,2764272
291,3646496,3336688
292,3402768,2829712
293,3900048,3160640
294,3377152,2638560
295,3502784,2959344
296,3160688,2717088
297,3619888,3047744
298,3150368,2934160
299,3708592,2902336
300,3511920,2428448
301,3589200,3800256
302,3076576,3014112
303,3553392,2950144
304,3640416,2699616
305,3575744,2567424
306,3319280,4113472
307,3222256,3102624
308,3892256,3347600
309,3752256,3356944
310,3960720,3784624
311,3959280,3190704
312,4377776,2840400
313,3855232,2761632
314,3486592,2789520
315,3428672,3594160
316,3505152,2706080
317,4303216,3100304
318,3269600,2760816
319,3753632,2816688
320,3504960,3777680
321,3466272,3037616
322,4397072,4492656
323,3562896,3358080
324,4936992,2793232
325,4067712,3686912
326,3305216,2748064
327,4366176,3040432
328,3434496,3678720
329,3513856,3701648
330,4291920,3129664
331,4318608,2800288
332,3870832,3112752
333,3466480,3378688
334,3824496,3291696
335,4023360,3051792
336,3973904,3425824
337,3640912,3079472
338,4003888,4897824
339,3060736,3736640
340,4920368,2711040
341,4358896,3611712
342,3371008,3143424
343,4276816,3464976
344,3806608,4434208
345,4021200,2837808
346,5048608,2855056
347,3393728,2885808
348,3299232,3200880
349,3493120,2960752
350,3789488,4102000
351,3549104,3437728
352,4713312,3649760
353,4059904,3289712
354,4202240,2821872
355,3926976,3272928
356,3430880,3785712
357,3856672,3961312
358,4293248,2867984
359,3674448,2828144
360,3373968,3259696
361,3529104,3232048
362,3920640,3382944
363,3794736,3093504
364,3873632,3734496
365,3582272,4233008
366,4357328,4509408
367,4950880,2791856
368,5150368,3070592
369,3446528,2942128
370,3556672,2670064
371,3395968,3232384
372,3394176,3011984
373,3728144,2718752
374,3620016,3271760
375,3411520,3098240
376,3959760,2739200
377,3722512,3397648
378,3255536,2579744
379,3896240,3353008
380,3185344,3116784
381,4002384,3944704
382,3698832,3785344
383,4354080,3291056
384,4342544,2992864
385,3980720,3405088
386,3640272,3317104
387,3889968,4324720
388,3940880,3232224
389,4229760,3135424
390,3803328,4057616
391,3719056,3202304
392,4787072,2972480
393,3861456,2877360
394,3432656,3071008
395,3459488,3189984
396,3654080,3341888
397,3878832,3274400
398,4085088,4683488
399,3860672,3331008
400,5336656,3720688
401,4003760,3677456
402,4362224,3255504
403,4302672,2937536
404,3842464,3171600
405,3591952,5102048
406,3766096,2986608
407,5591104,2836464
408,3697280,3315200
409,3481040,3235152
410,3748032,3335904
411,3817168,2924848
412,3807632,3973008
413,3614256,2896032
414,4616128,2983888
415,3505920,3440224
416,3690784,4471792
417,4035280,3388512
418,4957904,2960512
419,3928816,2691920
420,3484416,2854800
421,3212704,2937120
422,3592208,4196512
423,3557616,2776336
424,4878256,3078752
425,3468512,3657376
426,3729520,3437072
427,4339056,3284400
428,3990304,3774176
429,3883248,4025808
430,4371024,2970416
431,3723584,2785504
432,3487632,3719904
433,3427664,2819360
434,4310576,2928016
435,3379584,3286784
436,3511648,2853552
437,3703584,2806960
438,3435520,2933888
439,3397984,3257792
440,3606496,3032720
441,3680096,2877040
442,3645168,3227616
443,3421504,3975248
444,3950608,3924768
445,4554224,3676752
446,4590144,3644848
447,4286624,3466608
448,3512032,3076656
449,4081360,2895488
450,3541792,3144432
451,3416944,2898784
452,3785424,3240672
453,3532592,2672704
454,3868832,2971424
455,3266720,2996000
456,3442128,2850928
457,3532336,3407312
458,3523552,3112432
459,4069408,3242352
460,3683488,3835024
461,3776256,3114688
462,4422368,2899952
463,3590896,2897648
464,3494192,3194944
465,3512992,3066528
466,3828016,3043552
467,3658128,2840176
468,3784912,2925664
469,3522208,3190928
470,3448928,2584256
471,3616064,3332592
472,3294336,3248880
473,3866496,3263392
474,3776096,4074032
475,3933856,3630336
476,4257200,2951776
477,3282416,3752784
478,3519248,3159888
479,4385728,2885248
480,3784896,3934224
481,3492624,3153600
482,4458464,3225904
483,3780304,3074880
484,3815136,2986576
485,3654960,3273232
486,3658656,3305728
487,3947120,3401552
488,3903600,4271072
489,4041360,3237024
490,4113712,4229280
491,3808784,3362176
492,4608640,3032512
493,3866656,2992992
494,3643664,3425360
495,3529024,5160128
496,3961584,3167888
497,5769392,3548304
498,3789184,3167840
499,4237840,3282624
500,3733328,3678160
501,3941504,4675088
502,4364336,3302112
503,5231232,2858256
504,3996512,3138816
505,3427072,3378240
506,3705536,3912336
507,3898336,2888912
508,4603152,3025904
509,3566960,2457376
510,3535376,3382928
511,3175232,2828032
512,3991504,3584128
513,3502848,3103728
514,4254800,3316960
515,3632352,2828208
516,3765152,3442208
517,3517968,3513536
518,3975168,3875488
519,4080640,2813120
520,3811744,3529504
521,3426064,2689856
522,4142608,3095696
523,3401792,3287280
524,3661120,3504464
525,3771664,4178272
526,4081600,3385568
527,4585008,4687632
528,3730800,3020896
529,5256256,2898288
530,3602704,2775824
531,3429712,3020736
532,3364192,3455360
533,3704160,3168528
534,4025936,2673904
535,3786656,4403808
536,3282016,2878576
537,4835552,3407568
538,3531152,2902976
539,3982528,3313904
540,3391712,3669248
541,3944144,4550672
542,4196048,3298336
543,5219584,3666576
544,3894560,3184192
545,4186864,3030576
546,3829296,2980896
547,3683792,2420656
548,3512688,3626608
549,3012048,2961216
550,4285280,2897792
551,3475200,3309248
552,3559472,4260256
553,3959696,3977168
554,4992720,2843952
555,3784720,3305360
556,3439152,3596992
557,3968912,3993664
558,4160384,2850288
559,4575632,3670512
560,3564528,3308656
561,4245712,3554992
562,3768160,3876976
563,4166848,3018320
564,3617776,3175728
565,3555472,3043120
566,3690448,2986800
567,3630144,2814560
568,3664656,3410912
569,3381488,3354416
570,3937792,4258240
571,3906464,3364992
572,4753872,3415600
573,4028560,4389680
574,4047632,3555968
575,4126944,3761968
576,3922672,3420288
577,4342576,2903200
578,4073264,3235056
579,3486944,2764128
580,3801808,2980368
581,3330928,3164816
582,3610704,2556112
583,3865120,3259456
584,3202032,3330064
585,3954464,3053952
586,3833744,3028944
587,3617152,3109120
588,3582672,3136880
589,3641024,3539008
590,3760448,4130224
591,4112192,2989680
592,3966864,2731328
593,3534848,3576256
594,3341792,4060576
595,4086400,4042608
596,4672096,4788896
597,4667328,4170160
598,5325584,2743520
599,4578896,3679040
600,3409872,2053696
601,4151952,3686416
602,2662400,3119664
603,4279376,2771104
604,3784816,3006912
605,3302928,2988880
606,3579712,3103072
607,3578208,3512928
608,3785392,3358992
609,4229616,3612912
610,3959840,3927872
611,4149056,3148352
612,3614064,3031232
613,3555552,3921936
614,3589376,4218432
615,4373392,4920320
616,4871168,3536800
617,5474128,3976096
618,4078816,3102640
619,4420112,3169584
620,3726128,3062224
621,3861152,2940944
622,3619104,3148272
623,3539248,3345392
624,3761184,4767392
625,3793824,3090304
626,5387056,3221200
627,3776800,3098288
628,3756432,4232848
629,3710000,3001440
630,4803120,2962784
631,3657728,3118224
632,3418128,3097168
633,3714352,3095616
634,3682400,3210176
635,3718976,4624304
636,3805632,2890336
637,5271296,3067088
638,3473728,2943776
639,3702256,3123616
640,3567632,3062400
641,3680400,3178160
642,3648960,3119840
643,3710784,4181424
644,3686800,3067296
645,4516176,2846848
646,3584192,3246080
647,3571872,3327584
648,3876992,2958992
649,4040896,3423744
650,3574816,3688000
651,3969696,3668048
652,4360992,3684448
653,3657248,2982064
654,4389472,2839904
655,3598480,2792240
656,3447136,3065776
657,3357104,3682096
658,3563232,3458384
659,4164560,3487712
660,4043952,2656768
661,4186576,3532944
662,3326448,3316208
663,4209392,2786416
664,4022784,2938576
665,3491824,2883520
666,3419344,3633792
667,3462048,3475216
668,4112016,3721616
669,4116688,9002352
670,3717584,3162672
671,9513088,3180960
672,3780912,3849104
673,3840112,4906288
674,4477968,4057184
675,4222592,3808208
676,4438496,5649728
677,4340880,8532992
678,6291856,5529888
679,17035344,4339296
680,6654048,3324896
681,5812768,4092416
682,5060688,3722048
683,3827888,3319184
684,4458752,3484736
685,4407648,4188384
686,3975424,2773024
687,4137232,2993424
688,3791360,3051232
689,3428064,3046416
690,3611696,3103264
691,3437280,3043792
692,3498640,3286624
693,3450528,3256576
694,3561360,3760400
695,3888384,2937680
696,3893936,2850928
697,4416496,3963168
698,3509312,2790224
699,3474640,3123280
700,4480544,3368352
701,3399696,3489344
702,3748336,3771648
703,3926752,3422640
704,4155904,2976976
705,3633648,2797328
706,3871312,2667488
707,3597168,3095392
708,3468320,3177472
709,3265664,3094096
710,3724656,3125024
711,3779232,2857232
712,3627200,2666400
713,3635616,3309072
714,3480864,3026960
715,3225168,3145168
716,3937440,4033328
717,3410208,3399888
718,3494896,3116080
719,4663872,2883296
720,4038576,2410400
721,3736592,3528688
722,3527136,2653312
723,3075808,3098592
724,4171936,3598896
725,3291264,3108480
726,3653392,3086224
727,4198560,3035024
728,3713952,3244704
729,3675424,3413312
730,3522992,4535808
731,3681072,3074224
732,4077856,2945680
733,4394784,2971632
734,3582128,2895424
735,3505536,3166864
736,3588336,2940160
737,3400032,3675040
738,3632976,3952960
739,3518528,3306048
740,4177920,3766672
741,4397088,4190896
742,3891616,3673872
743,4357264,4035456
744,4132000,2012528
745,4225696,3823408
746,4645056,3164432
747,2699760,3607600
748,4412864,5344864
749,3557568,4039056
750,4138736,3416880
751,5926224,4755392
752,4605200,2890144
753,3989424,3010768
754,5334832,2950352
755,3402816,2651760
756,3604912,3117392
757,3602240,2900912
758,3216784,3247888
759,3855728,3114944
760,3540928,2862208
761,3819280,2952144
762,3787696,2888736
763,3331488,3755632
764,3445984,2980816
765,3460352,3367552
766,4418272,3899856
767,3587392,2712096
768,3882752,3171040
769,4608944,2837120
770,3379360,3064736
771,3805024,3158864
772,3378640,2853760
773,3657920,2901952
774,3786368,3113072
775,3488352,3167632
776,3491472,3033008
777,3692096,2745184
778,3741584,3581104
779,3625120,2677280
780,3409760,3168432
781,4047792,2781536
782,3307872,2925248
783,3709216,2778688
784,3451664,3029744
785,3490704,3028080
786,3393488,3788064
787,3700544,3873584
788,3644528,4348592
789,4355952,3063536
790,4373536,4143168
791,4018928,2614272
792,3670400,4120576
793,4627408,3478368
794,3283904,4331664
795,4805344,3536544
796,4044464,2798592
797,3995600,2817248
798,4166320,3434816
799,3441600,3761504
800,3499152,2910240
801,3978400,3071184
802,4309168,3219344
803,3601712,3324560
804,3719008,2387152
805,3692064,2976832
806,3824832,3856960
807,3033504,2797184
808,3570256,2729888
809,4545200,3053760
810,3496224,3151776
811,3397808,3952736
812,3639216,4160064
813,3844384,3269456
814,4336432,3935024
815,4054544,3237792
816,3790640,3365168
817,4543280,2652800
818,3901408,3062128
819,3658944,2726640
820,3334848,3003328
821,3619488,3638528
822,3309952,3398688
823,3676864,3125376
824,4306912,4510496
825,3899184,2975824
826,3757392,3070304
827,5058928,3020896
828,3437600,3290176
829,3705296,4213552
830,3596928,3198944
831,3726192,3123216
832,4684944,3209632
833,3750560,2885904
834,3721024,3536000
835,3830544,3360112
836,3488208,3805136
837,4147264,4143984
838,4049824,4090944
839,3736192,3060992
840,4774176,3058528
841,4732016,3222368
842,3737632,3572688
843,3638752,4042656
844,3741136,3544528
845,4136256,3911456
846,3831008,3112304
847,4054384,3051632
848,4445728,3114240
849,3775120,3288688
850,3561328,3711056
851,3809024,4742976
852,3938768,3958224
853,4237664,3656736
854,5389568,2867904
855,4561040,3205792
856,4030976,3297280
857,3470656,4583488
858,3833120,3071520
859,3843488,3442976
860,5173840,4172064
861,3671776,3213744
862,3834784,3096432
863,4655888,1970000
864,3925488,4068832
865,3700048,3179792
866,2541072,3718848
867,4472144,4390032
868,3700976,2974624
869,4225648,2674960
870,4112992,2870496
871,3588784,3057440
872,3296336,2937920
873,3363056,3460448
874,3792928,4182016
875,3447136,3214592
876,3893664,3359792
877,4642480,3322080
878,3779120,3835712
879,4050672,3811920
880,3939936,3693248
881,4374448,3810480
882,3567168,2664640
883,4286128,3792752
884,4477600,3141776
885,3310928,2904384
886,4398672,3056464
887,3713760,3759040
888,3445712,5093504
889,3687216,4044208
890,4145952,3621808
891,4932768,4416496
892,4487792,4603040
893,4260800,3774464
894,5141456,4565248
895,5086624,3315440
896,4348112,2964144
897,5089264,3645168
898,3835328,3523392
899,3648176,2918128
900,4292752,4014720
901,4160128,3536416
902,3536032,4365936
903,4698592,2977280
904,4126320,2837248
905,4352592,2678496
906,3637120,3379488
907,3466736,2979232
908,3233328,2784448
909,4091600,2727552
910,3632224,3160256
911,3328448,3495424
912,3364528,3128816
913,3707600,4213088
914,4208208,3384096
915,3667376,3042432
916,4842176,3033152
917,3972192,2703712
918,3608272,2691440
919,3673024,2947008
920,3369664,4010096
921,3404464,4618720
922,3589600,2918656
923,4559744,3010368
924,5117952,3227728
925,3556192,3577184
926,3640048,4336272
927,3941440,5013920
928,4015584,2904560
929,4825120,3560288
930,5396640,3911440
931,3414048,3554496
932,4045008,2773888
933,4535472,3184192
934,4015856,3250064
935,3434864,3625136
936,3925184,4167328
937,3856768,2805008
938,4213008,2230976
939,3826592,3775792
940,3443440,3749088
941,2976576,3645088
942,3543824,3843840
943,3943440,3022528
944,4278384,3278864
945,4369664,4269200
946,3705808,3350624
947,3859392,3091120
948,4827920,3271584
949,3985152,3194192
950,3704608,3670016
951,3758272,3292064
952,3786064,2337888
953,4244416,4066208
954,3733600,2945472
955,2829808,2149856
956,4624752,3699936
957,3424208,2908896
958,2815104,2936720
959,4275584,3511712
960,3589936,3254448
961,3589200,3613776
962,4236320,3711040
963,3888416,3680416
964,4224448,4107360
965,3647872,2589488
966,4335312,3872816
967,3847104,2952992
968,3268160,3488752
969,4496896,3099296
970,3602336,4551136
971,4161120,3015168
972,3708608,2991584
973,5047680,3554704
974,3673936,2329696
975,3611392,3185872
976,4044016,3046480
977,3025264,3516976
978,3833200,3846080
979,3676608,4037968
980,3984176,3811312
981,4491440,3137280
982,4657216,2350976
983,4380256,6358736
984,3778848,2739056
985,3007328,3422880
986,4892704,2839008
987,3344464,3474816
988,3977408,4044896
989,3451088,4050096
990,4004784,3797296
991,4708064,2842224
992,4760720,2976576
993,4458128,3198880
994,3472224,2980352
995,3598528,3110720
996,3847152,2718752
997,3576176,3488560
998,3772432,3232000
999,3367232,3299488
1000,4139056,3532016
1001,3809984,3688464
1002,4029152,3640272
1003,4074320,2993840
1004,3559712,3139440
1005,4312672,3214080
1006,3686240,3586864
1007,3787856,3546544
1008,3595808,2807104
1009,4120624,4339472
1010,4162160,3770960
1011,3546336,3232992
1012,4935808,3540560
1013,3558608,2759312
1014,3811584,3225152
1015,4176352,3802560
1016,3324880,3958912
1017,3762960,3821616
1018,4398096,4252240
1019,4518320,3000720
1020,4286304,3145616
1021,4054272,3823120
1022,3670256,3718864
1023,3625520,2997824
1024,4352784,3217536
1025,4355440,2999264
1026,3576544,3220256
1027,3929488,3689760
1028,3589920,4019392
1029,3772304,3263904
1030,4324048,3082592
1031,3852624,3647760
1032,3803392,3736240
1033,3738880,2863184
1034,4220080,3428768
1035,4297936,3277648
1036,3522016,3484064
1037,4049920,4128560
1038,3756432,3241776
1039,4125552,2941984
1040,3762608,3427760
1041,3782384,3794816
1042,3625696,3674944
1043,3974752,3504784
1044,4415664,3404016
1045,4384016,3693184
1046,3952032,3455504
1047,3981184,2946224
1048,3544016,3159856
1049,3804448,3308336
1050,3443696,4016528
1051,3686464,2844832
1052,3829808,3020224
1053,4601440,3622624
1054,3531520,2792784
1055,3661328,2790976
1056,4287696,3057264
1057,3411552,2826240
1058,3370304,3292832
1059,3520528,2747456
1060,3456912,3007488
1061,3993296,2466256
1062,3413904,3821776
1063,3648864,2498672
1064,3066016,2907568
1065,4326896,3692128
1066,3221936,1870048
1067,3550592,3659936
1068,4357872,3764848
1069,2471776,2787968
1070,4164912,2828896
1071,4392480,3195680
1072,3493072,3576272
1073,3464928,4403408
1074,3659536,3600384
1075,4061312,3617504
1076,5098768,3763248
1077,4060448,3545296
1078,4103936,4460320
1079,4325424,3186048
1080,4167056,2786016
1081,5074128,2702960
1082,3772464,4798496
1083,3318320,3236720
1084,3284976,3247712
1085,5410352,3521952
1086,3938992,4353680
1087,3938832,3123920
1088,3975152,2992512
1089,5039696,3058080
1090,3738688,4791312
1091,3719952,3034768
1092,3590992,2879952
1093,5336320,2962080
1094,3609872,2992896
1095,3490768,3268368
1096,3613408,3060320
1097,3435984,3386640
1098,3926448,3585472
1099,3766864,3901520
1100,3903152,3205136
1101,4139504,2547280
1102,3690592,3278528
1103,3753168,3774432
1104,3216864,4149680
1105,3958576,3386704
1106,4384496,2962720
1107,4583136,3313952
1108,3984736,3348880
1109,3627184,4232896
1110,3858880,3068688
1111,4043888,2961456
1112,4122544,2997408
1113,3604896,5089072
1114,3473008,3141712
1115,3586288,3790784
1116,5700752,3876240
1117,3787856,2883936
1118,4303120,2993728
1119,3468832,3462128
1120,3475520,2988080
1121,3504160,3285632
1122,3933184,4095856
1123,3622192,2799360
1124,3869280,2906464
1125,4775248,3337360
1126,3452704,4280240
1127,3502416,3939120
1128,3910016,3047648
1129,4977216,2987424
1130,3718592,3011600
1131,3626608,2981744
1132,3531552,2796960
1133,3442496,2762576
1134,3423152,3337216
1135,3439232,3683792
1136,3448480,4380544
1137,4076496,7373376
1138,4231696,3714384
1139,4718832,6121392
1140,7825952,4758016
1141,4259072,3633824
1142,5822272,4000656
1143,5269552,4272752
1144,4217168,4513056
1145,4711696,5995088
1146,4936320,4331344
1147,4315936,3223648
1148,17905968,3254384
1149,6560016,5542096
1150,10172208,3817104
1151,4916848,3136608
1152,3843568,2731184
1153,3804048,3261472
1154,6133376,3013680
1155,4419840,3164352
1156,3717136,3911184
1157,3399536,4666176
1158,3904944,3986016
1159,3591248,3165792
1160,3771120,2692560
1161,4260720,2912000
1162,4612976,2954400
1163,4650096,2926992
1164,3793632,3177824
1165,3342656,3909264
1166,3570720,2860880
1167,3565056,2820080
1168,3485456,2729472
1169,3774560,2935856
1170,4047744,3063856
1171,3538800,3199008
1172,3511744,3177840
1173,3298512,2829744
1174,3624096,2715584
1175,3766016,3133824
1176,3866496,2993568
1177,3776464,2974784
1178,3480464,2670896
1179,3350720,4028416
1180,3725120,4466144
1181,3612320,3334224
1182,3601984,3035728
1183,3329104,3047568
1184,4729840,3978768
1185,4998544,2919392
1186,3961856,4256720
1187,3621040,5231280
1188,3537680,3780912
1189,4385936,3367040
1190,3530384,1911536
1191,4889008,3440160
1192,5878256,3521264
1193,4360160,2936448
1194,3960128,2879152
1195,2369248,3086880
1196,4059552,3138880
1197,4165104,3141024
1198,3591616,2635600
1199,3523856,3370288
1200,3722416,3173104
1201,3792256,3177232
1202,3608960,4635008
1203,3257824,2997856
1204,3964016,2576848
1205,3838816,3018208
1206,3849376,3415968
1207,5243712,2987856
1208,3474400,2940784
1209,3156320,3003520
1210,3612272,3052816
1211,3966656,3756640
1212,3626320,4469456
1213,3535968,3525088
1214,3520864,4430208
1215,3475072,3029584
1216,4091984,3180192
1217,4865936,3166240
1218,4215440,3466016
1219,5076000,3437648
1220,3650160,2955792
1221,3745760,3677216
1222,3676592,4954848
1223,4075584,3015264
1224,3980816,3042816
1225,3489472,2688224
1226,4308032,2973392
1227,5374800,3341984
1228,3688608,3766368
1229,3647440,3513760
1230,3165712,3047392
1231,3676096,3208112
1232,4051264,2760400
1233,4224464,3265184
1234,3994720,2089168
1235,3581360,3845840
1236,3807232,3017904
1237,3443360,3082272
1238,3942336,2892240
1239,2782080,3143904
1240,4448400,2667920
1241,3668528,3462336
1242,3747776,2776272
1243,3607792,2876944
1244,3749184,3678816
1245,3343872,3254720
1246,4089856,4862784
1247,3434288,3515472
1248,3491488,3599680
1249,4397168,3288752
1250,3782256,2973840
1251,5476736,3240688
1252,4042096,2967232
1253,4156608,3779856
1254,3925744,3365664
1255,3591776,3640800
1256,3874688,3119456
1257,3512912,3032208
1258,4374352,3043408
1259,4011504,2724640
1260,3334816,3036656
1261,3752960,4085376
1262,3699120,3620544
1263,3571328,3452800
1264,3265056,3107408
1265,3712912,2885888
1266,4659888,2361136
1267,4347856,3273792
1268,4046512,3116800
1269,3665168,3323584
1270,3547616,3190480
1271,3043120,2986848
1272,3892640,2901296
1273,3748432,4012336
1274,3893456,4250368
1275,3790912,2814512
1276,3605952,3790576
1277,3522768,3281088
1278,4572640,3479136
1279,4172672,3250832
1280,3416512,3222704
1281,4075168,2887712
1282,3822720,3001264
1283,4087136,2760304
1284,3889888,2779856
1285,3870096,2940064
1286,3422048,3500112
1287,3529040,3014080
1288,3483264,2869504
1289,3488480,3182960
1290,3580784,2926080
1291,3933408,2954256
1292,3686064,3094048
1293,3490336,1991392
1294,3898384,3562144
1295,3569680,2913760
1296,3569584,2933840
1297,3746272,3548144
1298,2544240,3412784
1299,4130016,3013248
1300,3391056,3452000
1301,3558048,4313776
1302,4146368,3229584
1303,4035104,3132976
1304,3655440,3791952
1305,4051824,3257712
1306,5007968,3008192
1307,3818032,2961920
1308,3655840,3070656
1309,4356496,4151072
1310,3864544,4001680
1311,3666272,3223312
1312,3646512,3130016
1313,3721760,2809600
1314,4749856,3069056
1315,4599760,3124752
1316,3866880,2891088
1317,3554656,3033520
1318,3468736,3274352
1319,3650592,3085440
1320,3731072,2679184
1321,3542272,2999824
1322,3517584,3390848
1323,3858912,3960752
1324,3756416,3035536
1325,3301632,2585760
1326,3355968,4574320
1327,3832960,4237488
1328,4496496,2985264
1329,3607744,3157136
1330,3168960,2685936
1331,5096288,3023936
1332,4897200,2988080
1333,3590736,3417168
1334,3719216,2620048
1335,3274768,2965104
1336,3669712,3151632
1337,3548896,3406848
1338,3896624,3012288
1339,3175600,3165920
1340,3628704,2746384
1341,3809984,3091936
1342,3985312,3005968
1343,3606048,3259792
1344,3730528,2769168
1345,3376688,3282080
1346,3571184,4156592
1347,3602624,3112112
1348,3840976,2843856
1349,3474512,2843552
1350,3877056,3877952
1351,4752432,3649072
1352,3726704,4246976
1353,3496656,3793520
1354,3507296,3881104
1355,4578272,4852336
1356,4186608,3500656
1357,4134480,2923408
1358,4404544,2897696
1359,4498288,2880640
1360,5558928,2724288
1361,4070752,3788912
1362,3586864,4205072
1363,3432480,3259856
1364,3556512,3166096
1365,3316400,2773248
1366,4481536,2889856
1367,4792368,2860512
1368,3901696,3321904
1369,3713232,2719952
1370,3389744,3120304
1371,3624528,3024624
1372,3422784,2959712
1373,3920128,3261040
1374,3280624,3745888
1375,3805312,4244352
1376,3636960,2914256
1377,3564560,3079792
1378,3852672,3871440
1379,4262528,3637248
1380,4105600,2681168
1381,3554592,3627424
1382,3640112,2879648
1383,4458592,3326736
1384,4247600,3573744
1385,3285632,3333696
1386,4227952,3972912
1387,3485360,3031920
1388,3945264,2728672
1389,3987104,3802288
1390,4000064,3130032
1391,3587232,3774960
1392,3643424,4113584
1393,3391360,3470976
1394,4381952,4347536
1395,3792784,2835376
1396,4346720,2799008
1397,4782432,3332848
1398,4039200,3163104
1399,4344240,2551552
1400,3529424,3038464
1401,3424528,2951616
1402,3786640,3395136
1403,3778912,3012144
1404,3177712,3459184
1405,3641328,3764928
1406,3636736,2733648
1407,3991104,3164880
1408,3583328,2969200
1409,4044432,2847280
1410,4210528,2958288
1411,3250864,3710992
1412,3849344,2875744
1413,3680000,2159136
1414,3550064,4783088
1415,3409872,5483168
1416,4321184,5843696
1417,3521888,3310720
1418,2854048,3705104
1419,11068592,3695472
1420,5152368,3337920
1421,5929152,3438016
1422,6594304,3065600
1423,4018448,4695808
1424,4050560,3482816
1425,4343248,3468672
1426,3997216,3784704
1427,4151024,3203888
1428,3681920,3272192
1429,5129584,3105760
1430,4030640,3312544
1431,4077456,4260640
1432,4417008,3331824
1433,3815936,4572624
1434,3900176,3142000
1435,3732192,3053360
1436,3866288,3062608
1437,4803808,3080080
1438,3889504,2172048
1439,5164928,3141648
1440,3781344,3909056
1441,3629232,5377152
1442,3497216,4012864
1443,3655008,3013152
1444,2730656,3087952
1445,3435136,2952848
1446,4570944,3172384
1447,5945040,3072592
1448,4415232,3040352
1449,3690912,3196768
1450,3754960,3342304
1451,3638608,4075664
1452,3874304,3272048
1453,3795232,3276656
1454,3637648,2675648
1455,3810560,3069792
1456,3961344,3060320
1457,4704368,2970512
1458,3999968,3281136
1459,3872384,3339584
1460,3180656,3519200
1461,3643712,3599696
1462,3514064,2660160
1463,3596480,4025760
1464,3851776,4651056
1465,3705792,3077216
1466,4082960,2614064
1467,4108736,3094320
1468,3394896,3204592
1469,4642608,3785120
1470,5207456,4056512
1471,3689632,3131120
1472,3228976,1835264
1473,3819024,3506368
1474,3769008,3654864
1475,4295984,3364224
1476,4615520,5394928
1477,3806352,3636752
1478,2461472,3339424
1479,4207888,3255376
1480,4297696,3169184
1481,3972000,3453104
1482,5897296,4432992
1483,4378480,2934320
1484,3927696,3450512
1485,3926672,2850944
1486,3711632,4285568
1487,4067472,3605024
1488,5068656,2771584
1489,3441488,2817712
1490,3764480,2820752
1491,3446576,3336400
1492,4750000,3059120
1493,4206432,2957616
1494,3415760,3116480
1495,3534448,3675088
1496,3492880,4392224
1497,3984320,2874384
1498,3740032,2974064
1499,3619888,2975184
1500,3812320,3094960
1501,4251584,3197968
1502,4996848,4028480
1503,3472112,3423936
1504,3534432,2544032
1505,3630816,3765888
1506,3657456,2797648
1507,3843248,3217504
1508,4356416,2895856
1509,4012032,3734688
1510,3187168,3350720
1511,4361360,4019200
1512,3414848,2952800
1513,3934096,3129840
1514,3500080,2834720
1515,4366080,3165168
1516,3945952,2923504
1517,3926976,3619904
1518,3591504,2590208
1519,3836800,2789104
1520,3437648,3007488
1521,3663088,3120592
1522,3432160,2937824
1523,4035584,3469280
1524,3291952,3175168
1525,3390256,4098672
1526,3544960,3033968
1527,3700208,3127440
1528,3372224,3173648
1529,3858784,3378144
1530,3775904,3277248
1531,4810176,3035200
1532,3674400,4044944
1533,3809184,2982192
1534,3758480,3016640
1535,4028880,2995744
1536,3941744,4396400
1537,3050528,4052752
1538,3805840,4683952
1539,3598336,2992288
1540,3409440,3114416
1541,3594848,2924176
1542,4884592,2723264
1543,4587792,2907632
1544,5163712,3326160
1545,3613280,2818672
1546,3767248,3395056
1547,3496992,3285552
1548,3097520,2697920
1549,3617872,3225664
1550,4024880,4137472
1551,3441856,3125232
1552,3981840,3072784
1553,3731184,3122992
1554,3283280,3104192
1555,3769856,3081216
1556,4521312,2129360
1557,3782384,3895776
1558,3669824,3492896
1559,3704160,3439408
1560,3746576,3848544
1561,3695296,3128768
1562,2691680,2956368
1563,4296816,3114608
1564,4182096,2905008
1565,4013104,2881472
1566,3658448,2653520
1567,3798416,2283520
1568,3548144,2864272
1569,3726464,3896944
1570,3400512,4423168
1571,3445648,4090784
1572,3331584,3593408
1573,2956944,3996464
1574,2877280,3289328
1575,4585008,3217792
1576,5141888,3026160
1577,4757440,3230832
1578,4196464,3049440
1579,4598672,2748576
1580,3983040,3088192
1581,3805408,2964080
1582,3666864,4355120
1583,3727808,3092480
1584,3680880,3109360
1585,3316368,2867696
1586,3619664,2779360
1587,3465648,3733712
1588,4667056,2672256
1589,3740528,4099648
1590,3741856,3726896
1591,3465328,2922128
1592,3346096,3316160
1593,4092016,3105312
1594,3201792,3095984
1595,4774912,3229968
1596,3672448,2539920
1597,3634144,2807568
1598,3954272,2176976
1599,3671392,4818624
1600,3737488,4120032
1601,3746960,3918096
1602,3219056,3792752
1603,3213872,3515520
1604,2853168,2767376
1605,4800960,3142064
1606,4747504,3096256
1607,4454864,3163648
1608,4471792,8298720
1609,4114192,3554800
1610,3417792,4588880
1611,3743968,4807984
1612,3725536,3213072
1613,3545456,3457920
1614,8936240,5160576
1615,4247488,5454768
1616,5213216,5807408
1617,5316048,3602576
1618,3901920,3111968
1619,11167168,3129760
1620,3566512,4089376
1621,5750848,3899088
1622,5960032,3179376
1623,5263856,3269792
1624,3999472,2943952
1625,3750464,4004416
1626,3784928,3480112
1627,4816896,3162256
1628,3591824,1854912
1629,3534752,3116000
1630,3556896,2843376
1631,3535120,3766720
1632,4405136,2900400
1633,4120432,2865472
1634,3658928,4767680
1635,2489296,3869616
1636,3743232,2709280
1637,3567024,3244688
1638,4413536,3060000
1639,3436400,4046608
1640,3550080,3344672
1641,5438416,3169200
1642,3264496,3956816
1643,3333872,4221840
1644,3956640,3514256
1645,3694000,2970144
1646,4529584,2992256
1647,4021024,2847168
1648,3727488,3208176
1649,4677968,3118400
1650,4677808,3035248
1651,4174928,4402480
1652,3647152,3155056
1653,3493952,4142560
1654,3444512,4657808
1655,3580512,3950864
1656,3682608,3177200
1657,3631504,2958048
1658,4769520,3059152
1659,3670352,3360864
1660,4788992,3134368
1661,4106224,2961248
1662,4330592,3438352
1663,3849856,3843520
1664,3648704,3156784
1665,3674720,3322544
1666,3757648,2859888
1667,3766832,3050960
1668,3579744,3333280
1669,3996208,3562896
1670,3873024,2890480
1671,3792320,3879632
1672,3984656,2834368
1673,3504880,4506928
1674,3683264,4016208
1675,3958560,2919552
1676,4022624,3083104
1677,3399744,3005984
1678,4525216,2590208
1679,3562752,2258064
1680,5212176,4061856
1681,3718832,3045376
1682,3483200,2992336
1683,3555232,3104272
1684,3502080,2698768
1685,3293920,3004928
1686,2936672,3884656
1687,3984480,3566256
1688,3610768,3396944
1689,3442576,3405472
1690,3530272,3442816
1691,3278032,4657600
1692,3625936,3198464
1693,3990944,3293744
1694,4214912,3560992
1695,4001552,4721376
1696,3687792,5140000
1697,4124960,3368960
1698,5216176,3305312
1699,3836688,2726864
1700,3909872,2655936
1701,4050000,3482768
1702,5291776,2736864
1703,5037360,3118944
1704,3915232,3201568
1705,4017568,2932992
1706,3340320,2762256
1707,3343936,3884720
1708,4107440,3126736
1709,3375008,3532448
1710,3700272,4228240
1711,3914048,2988320
1712,3589616,3656192
1713,3454912,3527968
1714,4573200,3653680
1715,3677488,3084368
1716,4156976,3194208
1717,3857504,3830672
1718,3638384,4114048
1719,4294864,2850944
1720,3964112,2995328
1721,4310480,3285424
1722,3681120,2857952
1723,3796000,2775728
1724,4472128,3259440
1725,4131952,3455216
1726,3503424,4026432
1727,3659600,2751296
1728,3813488,2746352
1729,3522272,3376528
1730,3415408,2998480
1731,3818992,3347776
1732,4074672,3526720
1733,4480016,4660944
1734,3407696,3096304
1735,3397568,2905376
1736,4039760,2812816
1737,3739408,2610848
1738,3962736,3565856
1739,4002272,2867072
1740,5294432,2734432
1741,3540096,3428048
1742,3398224,2700736
1743,3393536,3313152
1744,3209344,2829472
1745,4268672,7418768
1746,3384000,4608496
1747,3326400,5041680
1748,4127024,4782272
1749,3211120,2549360
1750,3806336,5957824
1751,3390320,3199824
1752,8158592,4123296
1753,5048432,7183472
1754,4068544,5164672
1755,4734608,5019024
1756,3067920,3919152
1757,6543104,4415696
1758,3878240,2543296
1759,4696928,3249744
1760,7509584,3079552
1761,3679984,2822032
1762,5674496,3043184
1763,4461680,2847200
1764,4250768,3445664
1765,3114336,2798016
1766,3795408,2931264
1767,3535248,3330432
1768,3423744,3084800
1769,3633776,2758176
1770,3529104,2823008
1771,3932896,3033904
1772,3436592,2872416
1773,3585024,3107840
1774,3806544,2704768
1775,3681008,3307296
1776,3455296,3279440
1777,3417952,3648720
1778,3637872,4713328
1779,3424688,4281120
1780,3722368,3052784
1781,3384624,3096016
1782,3975264,2736240
1783,3924176,3387776
1784,3948128,4363360
1785,5299088,4192224
1786,3775424,4643328
1787,3569632,4818704
1788,3674592,4526176
1789,3240880,3040368
1790,3810976,3360736
1791,5003040,3705312
1792,4852752,3876320
1793,4181728,5538752
1794,5339824,4067808
1795,5057792,3422672
1796,3652624,3099664
1797,3901920,1987376
1798,4384336,4031968
1799,3663264,2108096
1800,5718240,3478912
1801,4700400,2999392
1802,4078896,2805520
1803,3798176,2963936
1804,2565984,4388912
1805,4546944,3278752
1806,2720224,4222544
1807,3988352,2791888
1808,3650144,3268848
1809,3458928,3771840
1810,3526032,3444704
1811,5038032,3056640
1812,3150448,3367888
1813,3960672,2718400
1814,3270256,2017744
1815,3851888,3504944
1816,4257808,3697008
1817,4019680,2925120
1818,3692336,2583248
1819,3944960,3341264
1820,3445296,2786416
1821,2670432,3316128
1822,4188400,2916512
1823,4295696,2938912
1824,3594672,3134768
1825,3256064,3103376
1826,3925952,2835296
1827,3488576,2942576
1828,3871568,3452832
1829,3426976,3524160
1830,3639088,4523392
1831,3853744,2833824
1832,3838928,2991552
1833,3420032,2967792
1834,3671776,3066432
1835,4020000,3591120
1836,4061264,2941504
1837,5266080,4246736
1838,3453856,2777616
1839,3554640,2828368
1840,3372048,3036160
1841,3569248,2866112
1842,4154256,3602656
1843,3621952,3089376
1844,4825408,3894672
1845,3431744,4235136
1846,3519696,4150032
1847,3585344,3448368
1848,3533696,3424832
1849,4267648,3094608
1850,3663920,4755520
1851,4300880,2692352
1852,3550848,3249536
1853,4423312,2635360
1854,4021984,3274304
1855,4046784,3142640
1856,3620736,2804304
1857,5360192,3095072
1858,3376352,2668528
1859,3941584,3346272
1860,3189184,2653072
1861,3875632,3011296
1862,3762768,3257952
1863,3412304,3164128
1864,3751840,2891712
1865,3296384,3074032
1866,4043776,2574464
1867,3284528,3659632
1868,3669008,3814368
1869,3928208,3905872
1870,3862496,2852000
1871,3477312,2832704
1872,3647600,2999168
1873,3183632,3341696
1874,4369584,3227872
1875,4375360,2987456
1876,4457904,3789024
1877,3470160,3757136
1878,3512832,3207088
1879,3708320,3084672
1880,4007296,2990000
1881,3550592,3239744
1882,3553744,2998496
1883,4197200,4184480
1884,3715904,3732848
1885,3706752,4852672
1886,3562400,2840768
1887,3526208,3149504
1888,3675120,2914512
1889,3526944,3190544
1890,4499936,3239440
1891,4435552,4234832
1892,5387088,3289120
1893,3480960,3050160
1894,3661104,2863744
1895,3472256,2776864
1896,3733424,3041936
1897,3759312,3714672
1898,4755104,3375872
1899,3927440,3248752
1900,3771952,3673104
1901,3462976,2986704
1902,3349120,3323504
1903,3633376,3192032
1904,4449328,2892944
1905,3985760,4145536
1906,3931328,3605808
1907,3609312,3132224
1908,3599648,2675584
1909,3906112,2964400
1910,3753536,2827552
1911,3518880,3494688
1912,4795328,2754864
1913,3862016,3241168
1914,3792912,3274656
1915,3412736,1947856
1916,3643616,4603104
1917,3424160,4474224
1918,4159312,2923840
1919,3436992,2916368
1920,3828336,2855232
1921,3975152,2754832
1922,2574416,3296304
1923,5067600,2951488
1924,5128656,3043120
1925,3438944,3022608
1926,3532112,3018832
1927,3411216,2918928
1928,3429136,2892736
1929,3982704,3370480
1930,3551312,2904288
1931,3730416,3270624
1932,3610528,2404576
1933,3440544,2961856
1934,3414448,2810400
1935,3500832,3679312
1936,3955088,4280016
1937,3545856,2761936
1938,3845456,3690976
1939,3070192,2853088
1940,3527456,2898656
1941,3526816,3064672
1942,4370224,3262448
1943,4651440,3239040
1944,3472016,4832208
1945,4260720,3310400
1946,3523968,2983712
1947,3261392,3013472
1948,3809376,3092032
1949,3997296,2920672
1950,3650880,3295408
1951,5225120,3948016
1952,3895088,3348784
1953,3552256,2847664
1954,3565472,2687200
1955,3643424,2848336
1956,3505120,3646400
1957,3746416,2984592
1958,4459376,3756400
1959,4060704,4340832
1960,3357920,2706336
1961,3326816,4023280
1962,3551008,2961744
1963,4281888,3841408
1964,3488944,2984816
1965,4174368,2979024
1966,4142176,2987584
1967,3207232,3049952
1968,4576640,3038320
1969,3671648,2788608
1970,4479008,5563248
1971,3476176,2767696
1972,3595568,3251264
1973,3605456,2910784
1974,3663584,2951104
1975,3746528,4034272
1976,3497680,3850912
1977,6224240,2770672
1978,3429024,3127792
1979,3874048,2939872
1980,3437728,3287216
1981,3571440,2604176
1982,4739072,3660096
1983,4393120,3064272
1984,3353568,3872512
1985,3826384,3851600
1986,3689904,2818416
1987,3977328,3356352
1988,3284128,4633584
1989,4327968,3086224
1990,3560064,3289968
1991,4229776,3650912
1992,3717360,3938848
1993,3412688,4228064
1994,4063312,3092272
1995,5029536,3559584
1996,3723056,5421232
1997,3793968,4210192
1998,4145056,3490352
1999,3614672,0
===CSV_END===
=========================================
HI_NET_PING_DONE run=18
