HI_NET_PING_START run=6
Probes: 2000  |  Protocol: UDP  |  Period: 1 ms  |  Msg: 64 B
hi_net_ping: sending HELLO to 127.0.0.1:5002 (protocol=UDP)...
[echo] HELLO — protocol=UDP  n_probes=2000
[echo] HELLO_ACK sent
hi_net_ping: HELLO_ACK received
[echo] run #6 — echoing probes
hi_net_ping: starting ping-echo loop (2000 probes at 1 ms)...
========== HI_NET_PING RESULTS ==========
Probes sent:        2000
Echoes received:    2000
Lost (no echo):        8 (0.400%)
RTL (us):
Mean: 4336.005    Std dev: 942.454
Min:  2413.520    Max:     18182.048
P50:  4163.344    P95:     5695.792
P99:  7094.688    P99.9:   14580.736
IAJ (us):
Mean: 3794.726    Std dev: 832.271
Min:  1807.344    Max:     8782.032
P50:  3653.776    P95:     5214.288
P99:  6715.888    P99.9:   8679.760
===CSV_START===
index,rtl_ns,iaj_ns
0,5446192,5433744
1,6179504,3385520
2,4089920,4082576
3,4603664,3048240
4,3683280,8317472
5,14580736,3976944
6,10503456,7981392
7,8927168,4465520
8,4101536,3106224
9,7334624,2689216
10,5031888,3007664
11,3738992,3176928
12,3330640,3091024
13,3656144,3510720
14,3829440,3056512
15,3711728,3000144
16,4147120,1959472
17,3684176,3324832
18,3622832,3575056
19,2584576,3064256
20,3901024,3227792
21,4230032,3501120
22,3633168,3405200
23,3794304,4077248
24,4086320,2655984
25,3130496,3486624
26,3863920,2669808
27,3268944,2972432
28,4097296,3243008
29,3305872,2857456
30,3582176,2726512
31,3835712,3251744
32,3430304,2561296
33,3278928,2495824
34,3910048,3476176
35,3177280,3369664
36,3151792,2777792
37,3367728,2954608
38,3999520,3194576
39,3357104,3480288
40,3618256,2649552
41,3855536,3503824
42,4042864,2926064
43,3311120,2932080
44,4102368,2826896
45,3489152,3689632
46,3501536,4202000
47,3416480,3588384
48,4320064,6014448
49,4556768,3329904
50,4162064,3921920
51,6589824,4452720
52,3944128,4334048
53,4451664,3962832
54,4009696,4483472
55,4800656,3615888
56,4416784,5068224
57,5046960,4156304
58,4139920,3768656
59,5501184,4394752
60,3761232,3870320
61,4307904,4141648
62,4831376,3458432
63,4364928,4389488
64,3764176,3232480
65,4042160,4791200
66,4928272,3621504
67,3846896,4278240
68,5359328,3408480
69,4162880,5883296
70,4774416,3368960
71,3959760,3401360
72,6401664,5239568
73,3799184,3558848
74,4001888,4363216
75,5691136,3421008
76,4090240,4450752
77,4938128,3659296
78,3989072,4228208
79,5093888,2476064
80,4161120,3524768
81,4634272,3410944
82,3046208,5019888
83,4130336,3221968
84,4005376,3212192
85,5557296,4114560
86,3879776,3400048
87,3828016,5748560
88,4688800,3500704
89,4071648,3699488
90,6289264,5118976
91,4057824,3244432
92,4288144,4191584
93,5618528,2136480
94,3765920,3537680
95,4794976,3478592
96,2767968,3383024
97,4098480,4621216
98,4040208,3422080
99,3934000,4076224
100,5169008,3370048
101,3887904,3561328
102,4575376,4871280
103,3860176,2920720
104,4191456,3546480
105,5428320,3778848
106,3564208,3446640
107,4189008,2335744
108,4148496,3019296
109,4007056,3315568
110,2927376,3358480
111,3665824,3863872
112,3922592,4752816
113,3946096,3905120
114,4462976,3492032
115,4249424,5535072
116,4523744,3871264
117,3959696,3798048
118,6060624,4591952
119,4427168,3673152
120,4363952,4187824
121,5103712,3286832
122,4258016,2392704
123,4754864,3426464
124,3931392,3886512
125,3014272,4011280
126,4022848,3694928
127,4354864,3348512
128,4627504,4349136
129,4183152,4965168
130,3996368,3978272
131,4884880,4052272
132,5217216,3334416
133,4438448,5122032
134,4518880,3499136
135,3899024,4282864
136,5717344,4496000
137,4075360,3182480
138,4906384,3800672
139,5029248,4043776
140,3682688,2124224
141,4230592,3864144
142,4580320,3194128
143,2590128,3618240
144,4392320,4694128
145,3788160,3955728
146,4204224,3146976
147,5302192,4504848
148,4461184,4252528
149,3629744,3528960
150,5072800,4138784
151,3911424,3996432
152,4104032,5117728
153,4664768,4217824
154,4461696,4791648
155,4936624,3355984
156,4819328,3490048
157,5290128,3540080
158,3936496,3620608
159,4002208,5369280
160,3969888,3443040
161,4263280,4021456
162,5821648,2423056
163,3971136,4319040
164,4449760,4474016
165,2901888,3801520
166,4896800,3837808
167,5048512,3764576
168,4293504,4988256
169,4242336,4301312
170,4419056,3341632
171,5462144,3446416
172,4900672,5130944
173,3903504,3841808
174,3977808,3472864
175,5742928,2201248
176,4502048,3562272
177,4035872,3254464
178,2764768,4083104
179,4076992,4666368
180,3897648,4486320
181,4445808,3739360
182,4384800,3873232
183,4993472,3169088
184,4383392,4488960
185,3757680,2917392
186,3641504,3402160
187,4994608,2412512
188,3552208,4623184
189,3894720,4131792
190,2824960,3327872
191,5122368,4080336
192,3744640,3455120
193,3888752,3513760
194,4679072,4284064
195,4041680,3577760
196,4020064,3429648
197,4712640,4372704
198,4132960,3519728
199,4082240,4427216
200,4927056,3242432
201,3938272,3725504
202,4990496,3667568
203,3860576,2924256
204,4118672,3489216
205,4267008,2209344
206,3493872,4019456
207,4073392,5158656
208,2788304,3286592
209,4433856,4518432
210,5615104,3900544
211,3837824,4461872
212,4985984,3836800
213,4445024,3212496
214,3943536,3551632
215,4371248,3303888
216,3628416,4514384
217,4216112,3048240
218,3862000,3845888
219,5111696,4515792
220,3638640,4565632
221,4049648,3796768
222,5144240,4219712
223,5090528,3731968
224,4307280,4437072
225,4903376,3986128
226,4291648,3483328
227,5117792,3154896
228,4473312,3510992
229,3874976,4404192
230,3885328,3460080
231,4164048,3389312
232,4832496,4219520
233,4117872,2850256
234,3813888,3118688
235,4759344,3351360
236,3602800,3655504
237,3834944,4295344
238,4019088,3329712
239,4192976,3894672
240,4014304,4502608
241,3951696,3975056
242,4414192,3527504
243,5124304,4532320
244,4687344,2943200
245,4192160,3587680
246,5073616,4367168
247,3610192,3511936
248,4231024,4052416
249,4886480,3919744
250,3997504,3683856
251,4597136,4218592
252,4435376,4116752
253,4205584,4788384
254,4193776,4359520
255,4584928,3304992
256,5363712,3623792
257,4128096,3644288
258,3917312,3226592
259,4299104,4511504
260,4094208,3006112
261,3890256,3583136
262,5024896,4330464
263,3645216,2971840
264,4250736,3493920
265,4898656,3710096
266,3703136,4199344
267,4018496,3293872
268,4117616,4482288
269,4844320,3467888
270,4011616,3510224
271,5071520,4677232
272,4076976,2953408
273,4033536,4659920
274,4475280,3721024
275,3590800,4277040
276,5159952,3979152
277,4412432,3607888
278,4886432,3159472
279,4289216,3163632
280,4078032,3863984
281,3862944,4255184
282,3836560,3635744
283,4123136,4199536
284,4954464,3831440
285,4341248,4125840
286,4838304,3264176
287,4515360,3061280
288,4756208,3599200
289,3861600,3969072
290,3554976,3293904
291,4152288,3244128
292,4705840,4912752
293,3957296,4261840
294,3885456,3450144
295,5432944,3128192
296,4794784,3753696
297,3973984,3982976
298,3758272,3611056
299,4285744,4683488
300,4690704,3238432
301,4229744,4482752
302,5292880,3243792
303,3666784,4638112
304,4907328,3481248
305,3906816,3643744
306,5056640,4394176
307,4226160,3771920
308,4301584,3717664
309,5086624,3398448
310,4200176,3715120
311,4406832,4138576
312,4144832,3339472
313,4337920,3441664
314,4840752,4643776
315,3983072,4418512
316,3978864,3199568
317,5326576,3242784
318,4821280,4186544
319,3923248,3432320
320,3767504,3776016
321,4726544,4487936
322,3947008,3923136
323,4350768,4025424
324,5034688,3835360
325,4577232,4297504
326,4312400,4336720
327,4456800,3631456
328,3864416,3895248
329,4920544,4490016
330,4235328,3926096
331,4345408,4644160
332,4171904,4009456
333,4537712,4261664
334,5311264,3261552
335,3848672,3752400
336,4765200,4361104
337,3846768,3444976
338,4371072,3092576
339,4922672,4036544
340,4109248,4196736
341,3493936,4537328
342,4563152,4585808
343,4751776,3437072
344,5024864,3644000
345,5192000,4379792
346,4020736,4695872
347,4260912,3642320
348,4987920,4275952
349,5220112,3401360
350,4130704,3625392
351,4876416,4051968
352,4086240,3280992
353,4109760,3604992
354,4743664,4398048
355,4023152,3193552
356,4011856,4386688
357,5047392,3352224
358,3726400,3474992
359,4933152,3620880
360,3974720,4370752
361,4112096,3350256
362,4238176,4063376
363,3927312,2360944
364,3982416,3587696
365,4613184,2207664
366,2973248,3295040
367,4118704,3399040
368,2785760,3126176
369,3765904,2004688
370,3890096,4008400
371,3627296,2118816
372,2631872,4215776
373,4621984,3347328
374,2731472,5836816
375,4774224,3634720
376,3965488,4062272
377,6378208,4574640
378,4276992,4037872
379,4511232,2322032
380,4298720,4969904
381,4646624,3930624
382,2907696,3434144
383,5400736,3322352
384,3685488,4315088
385,3926800,3763696
386,3947248,4743728
387,4877152,4466752
388,4313696,3469344
389,4505104,4833424
390,5078160,3425552
391,4107920,4035472
392,5386304,3634560
393,3989168,4534560
394,4599376,3380256
395,4148816,3222320
396,4960928,4224304
397,3889280,3518576
398,3832592,4978560
399,4758400,3637648
400,4006608,4414656
401,5534016,4576848
402,4191104,3610960
403,4859328,4344624
404,5161024,3377184
405,4103280,5381616
406,4792976,4009136
407,3930176,3401968
408,5646128,3590928
409,4578352,4537744
410,3985584,3258400
411,4110176,3228304
412,5051776,3952688
413,3814544,3388960
414,3736752,2092080
415,4492448,3649584
416,3924208,2302512
417,2686240,3489440
418,4116320,3623712
419,2899872,5308368
420,3990896,4035040
421,4102000,3544720
422,5816672,3864912
423,4627168,4490160
424,4092672,3342336
425,4396384,4404688
426,3978544,3607264
427,3967264,4345104
428,5005632,6550464
429,10402384,4949712
430,4155952,4449760
431,4825680,2568416
432,6346624,4281712
433,5381088,6964800
434,5008704,6528896
435,3145488,6119456
436,4781136,4497376
437,13438608,3926160
438,7439104,3249504
439,7132544,3116848
440,6517200,3286720
441,3825296,4575184
442,4378992,3249616
443,3741280,3386144
444,3581936,4169056
445,3905712,3588640
446,5073328,5054240
447,3829552,3437456
448,3913104,3853168
449,4721664,3311280
450,4230512,2566032
451,5664832,3855152
452,3964448,4982160
453,4418272,4526800
454,3891712,3206016
455,3053616,3452640
456,4396176,4661424
457,5532672,3660304
458,4877584,4103200
459,3848448,3876640
460,3998832,4322976
461,5256672,3384848
462,4206352,4019088
463,4758080,3911632
464,4310304,4324256
465,4949824,3729088
466,3934480,4489200
467,4499184,3537392
468,4391216,5389712
469,4812400,4213456
470,4160640,5360592
471,4954224,3275040
472,4077376,4037664
473,5860720,3624208
474,4836752,5052864
475,5884592,4008880
476,3809312,3461024
477,4624160,3814320
478,4262032,4015072
479,5597184,3558288
480,4472496,3558368
481,4129664,4234016
482,4268384,5256704
483,4580688,3064240
484,3981920,4332848
485,4093440,3347008
486,4827760,5756352
487,5633072,4153760
488,3661200,3266272
489,4904400,5229264
490,3970368,4003344
491,6172672,3412896
492,4770816,3673744
493,3836416,4715120
494,5745072,3434864
495,4529120,4256496
496,4006928,3542096
497,4201376,5495152
498,5190736,3735520
499,3880864,3880160
500,4851184,4365776
501,4145632,3536288
502,6011760,4526288
503,4354608,3916368
504,4471632,4481248
505,4861296,4291376
506,4127472,3778016
507,5051120,4480672
508,4392016,3117616
509,4081520,3258464
510,4894400,3381824
511,4383760,3197456
512,4917552,4963216
513,3700832,5538304
514,3714480,3422672
515,4005392,3501984
516,3749088,5041920
517,5478288,4152464
518,5031168,3527424
519,4004160,3476304
520,4116224,4359072
521,5532960,3582144
522,4753136,3879072
523,4140336,3227376
524,4063728,3779552
525,4893536,5067904
526,4178208,4366176
527,4412000,1841584
528,3868048,4309696
529,4380080,3198560
530,5564704,3799968
531,4945888,4126096
532,2413520,3717152
533,4896288,4910256
534,3786528,4821584
535,4441472,3980640
536,3894720,3501200
537,4227808,3337616
538,5355536,3726480
539,4469040,4723600
540,4664352,4422992
541,4078208,4551232
542,3953504,3518688
543,4299888,4062288
544,4301344,3328592
545,4920784,2327648
546,5158464,3375232
547,4087808,2954320
548,4638576,3369040
549,3934464,3616784
550,2776256,5022048
551,3755632,3339808
552,3498720,4115648
553,3984832,3516000
554,4241840,5058832
555,5576592,3618016
556,3974736,5071360
557,4652576,4277856
558,4118304,3178064
559,5590544,4215744
560,4117648,3452096
561,5528288,5345248
562,3948256,4098688
563,3691312,3903040
564,4790832,4434720
565,3967280,3051600
566,5869824,3762336
567,4695680,3885760
568,4504544,3360224
569,4939120,5351920
570,3639296,3622576
571,4126304,4395072
572,4459856,4436048
573,3983280,3869680
574,5958336,4289888
575,4150096,3976064
576,4985248,4525872
577,4903104,4025296
578,4333872,3675312
579,4636064,5046992
580,4554960,3369568
581,4192272,4075168
582,4513392,3307360
583,4280128,2335200
584,5615920,3320656
585,3865840,3544032
586,4672400,5243776
587,3956960,3945776
588,2960864,3255936
589,3933904,2914928
590,4071136,3226752
591,5769056,2218672
592,4536656,3832272
593,3836560,3168368
594,3520576,3377344
595,3769328,4859200
596,2904144,3623056
597,4432512,4108224
598,3750432,3738848
599,3852928,3978080
600,5395792,3508048
601,4166352,4202000
602,4420720,3823104
603,4331616,4496000
604,4591712,3143408
605,4129104,3645328
606,4834816,4064960
607,4267152,3605456
608,5032960,4507168
609,3684000,3402448
610,4152016,3688752
611,4630528,4209120
612,4112784,3327328
613,5022016,5412928
614,4021488,4692240
615,4119680,4754672
616,4750032,3314784
617,3790624,3373952
618,6023552,4782736
619,5235136,5564624
620,5228704,3762512
621,3933632,3696112
622,3905664,4162208
623,5208672,3040032
624,6147920,3296032
625,4419872,3680800
626,4268528,3806320
627,4757408,3570288
628,3654400,4877024
629,3834640,3899440
630,4193664,3746768
631,4228912,3653936
632,4167584,4986704
633,5442128,4183920
634,4352112,3403344
635,4185792,2364496
636,4205008,3261920
637,5533136,3571056
638,4616800,5670976
639,4044176,4349072
640,2961440,3794320
641,3682304,4026720
642,4180496,3692272
643,6202304,4366336
644,4900976,5130960
645,4294032,3474896
646,3956288,3563632
647,4280352,4337248
648,4799824,4127632
649,5397824,3762672
650,4054128,3143360
651,4049152,4208768
652,4801280,3225216
653,4570096,5274912
654,4257680,3061536
655,3697584,4139168
656,4778576,3706704
657,3819184,5098016
658,5677904,3345280
659,3706944,4715776
660,4686336,3682416
661,4227920,4456672
662,5640784,3813968
663,3969296,3209424
664,5326768,3467936
665,4203600,5225488
666,3989696,3286672
667,4417024,4967856
668,3827408,5493552
669,4116448,3488448
670,5639792,3742624
671,3814560,3865520
672,5356384,4625696
673,5961040,4468448
674,4060448,5252768
675,4292336,3957056
676,4237280,3264192
677,4190320,2302384
678,5020160,4135264
679,5813152,5556944
680,4441584,4068416
681,3802256,2513568
682,2905840,3564528
683,4688192,3279776
684,6085488,3783824
685,4715952,4502896
686,2813568,3973328
687,4157504,2459216
688,3920880,3877952
689,4320960,3375360
690,4203632,4016576
691,4559696,4283984
692,2987056,3192928
693,4438736,4100944
694,4005600,3840144
695,4424112,4371952
696,3583264,3535008
697,3758576,4301712
698,4637200,2239920
699,4467904,4148064
700,4850928,3470256
701,3997424,5174160
702,4850704,4185760
703,2730672,2198736
704,4548176,3426128
705,4018928,3425984
706,5639072,2247648
707,4834048,3450176
708,2782864,3355872
709,3895648,3419472
710,4022464,4408272
711,2729568,3528016
712,3991312,3170000
713,3876784,3664208
714,4021216,3853856
715,4939040,5300544
716,4138224,3464960
717,3834000,4330032
718,4261536,4886080
719,4428256,4466272
720,5811600,3164064
721,3971968,3356976
722,4941056,2012960
723,5413280,3440192
724,5011744,3679760
725,3708992,5226000
726,3972576,3959952
727,2564112,3710704
728,3774128,4979968
729,4200176,3694480
730,5692064,4119952
731,4529584,2560976
732,4137328,3556896
733,5404560,3442368
734,4231872,5018992
735,4719408,3210560
736,3020512,4296720
737,4103968,3655664
738,3937360,4423648
739,5546448,3845696
740,3720048,3745408
741,4947952,3686288
742,4203632,5672944
743,4957392,4079840
744,4284176,5315904
745,4203664,3473920
746,4308208,3712960
747,6245136,4068592
748,4638304,4917776
749,5671024,4292400
750,4126800,3712016
751,4331456,4164480
752,4569040,3264352
753,5529936,3414432
754,4810768,3037712
755,4260912,4584656
756,4774560,3715024
757,3784928,4122176
758,3807760,3880224
759,3619744,3880320
760,5106704,5111520
761,4210016,5162176
762,3992224,3704208
763,4192416,4735456
764,4398000,2997968
765,5695792,3346176
766,5861648,3747600
767,4247936,2253376
768,5348704,3763776
769,3612496,3414352
770,3932352,2146704
771,4326944,4062752
772,2688176,3510800
773,4342688,5204224
774,3879472,4212288
775,2778624,3383712
776,4619024,5182560
777,4063984,2870032
778,5707920,4244784
779,4791312,3575440
780,3955408,5119584
781,5691840,4323408
782,3552320,2490304
783,4699968,3344864
784,4178816,3486640
785,5618368,3499216
786,4973392,4266704
787,3133680,2945136
788,3840464,3778192
789,4098464,3305312
790,4077808,4390720
791,4748064,4941600
792,3535488,3648064
793,4345712,3706640
794,3864816,3040272
795,4853424,3454464
796,5558032,2099328
797,4088288,3500944
798,4389136,3507984
799,3684240,3587696
800,3928272,4116752
801,2558992,3413040
802,3958960,3228592
803,4079920,3398848
804,4076064,3970624
805,4748064,2358160
806,3817712,3873184
807,3762464,3991520
808,3995808,4482848
809,4361872,3739472
810,3046704,3161696
811,4391984,2267296
812,4518864,3794512
813,4121760,3977376
814,4342800,4622800
815,3761616,3459440
816,2868224,4018608
817,4431504,3408656
818,4617232,3098464
819,5038032,5129952
820,4102384,3679584
821,4590896,4354736
822,4008272,5374832
823,3717792,4020016
824,5411792,3695968
825,4197840,4397760
826,4889920,3188304
827,5759328,3487568
828,4619152,3931952
829,4326272,3464000
830,4990416,3637696
831,3734384,5127824
832,3998192,4103376
833,4471360,3853648
834,4102176,4934256
835,4246624,3994608
836,5625584,3491152
837,4642000,2328848
838,4463648,4311392
839,5469712,4448800
840,4591104,3514480
841,3973152,4017248
842,2915008,3505104
843,4906992,3935440
844,5034048,4533520
845,3969584,5422128
846,4613456,7024832
847,4131296,7011056
848,4276064,8239088
849,4294512,5628528
850,5981696,6715888
851,6452272,7279472
852,6572752,8374832
853,6800256,6572592
854,6119488,3026496
855,6395456,3483792
856,7772784,4343040
857,7985456,3416080
858,7094688,3644448
859,3721184,4287856
860,4071008,3847968
861,4915904,4037888
862,4045616,3563184
863,4090304,6214288
864,4945280,3393888
865,4392464,3398352
866,4658832,4595344
867,4178448,3290480
868,4001952,4186976
869,4063168,3400432
870,4032704,3013712
871,5182368,3485632
872,3906640,5101312
873,4808800,4067968
874,3969920,3172528
875,3667168,4081104
876,4168000,4444352
877,5542720,4256208
878,4754896,3463280
879,3769024,3299616
880,4762192,4714064
881,4256624,3479152
882,4855104,3966608
883,4016864,3268848
884,3918592,3242880
885,5368576,3361792
886,4093136,5342896
887,4650864,4198272
888,3854800,3551120
889,3979216,4220976
890,4027472,5461680
891,5733520,3629232
892,4874144,4341792
893,4201696,3527280
894,4807136,4370608
895,6093584,3463568
896,4224736,5446416
897,4989888,4078032
898,4021264,4108992
899,4997712,4177152
900,4109584,4438128
901,6051072,3529104
902,4736816,3456944
903,4489424,4288784
904,4175936,3742912
905,5067840,4531408
906,4189680,3195728
907,4109520,4365728
908,4934016,3265392
909,4060992,3576352
910,5094080,3792144
911,3767312,3415136
912,4912448,3675440
913,3833344,5485616
914,3996432,3805376
915,4440048,3264336
916,4055040,3765072
917,4141168,4127552
918,6119616,2993088
919,4404432,3405280
920,3872784,3951840
921,4238064,3983280
922,3853392,3085168
923,3676192,4682384
924,3975664,3215520
925,4597504,4592432
926,4594192,3207056
927,3729584,3953824
928,5194640,4670832
929,3725088,4526080
930,5208208,3189792
931,3890496,4673776
932,4225392,4161120
933,4336384,3198736
934,5135600,3327792
935,3811344,3418928
936,5205696,3913504
937,4678208,4260864
938,3708800,4198352
939,4000592,3439872
940,4118768,3300080
941,4417968,5547360
942,3967504,4070528
943,4775104,3165040
944,4107584,3620384
945,3795232,4080336
946,6127216,3322240
947,4689616,3286960
948,3852016,4314992
949,4140976,3608416
950,4748496,4905520
951,3989792,4242304
952,3967952,3380976
953,4823184,3463824
954,4288016,4465424
955,5407440,3143184
956,4803664,3477968
957,3982016,4132752
958,3978672,3525552
959,5114800,5593344
960,3717072,4537712
961,4092624,5660512
962,4680960,4581056
963,4042432,4461104
964,6265488,3066368
965,5292784,3675168
966,6141600,3028176
967,5294256,3740432
968,5030704,3765632
969,3651568,5186160
970,4153440,4593856
971,3609600,1961104
972,4353904,3783840
973,4226976,3355040
974,5709136,2152160
975,5004112,2841088
976,2584512,4004560
977,4425120,3278560
978,3930528,4891088
979,2690912,4004784
980,3396112,4504496
981,4533872,4443696
982,3885456,4229088
983,5491040,3293072
984,4398048,3382976
985,4988256,3242560
986,5120256,4254848
987,4787216,3644192
988,3861776,3213888
989,4057104,4102880
990,3774192,4027408
991,4744992,4086688
992,4233168,3264384
993,3827728,3979408
994,4766192,3632896
995,4648416,3464848
996,4738688,3425824
997,3825424,4514832
998,4662720,3736768
999,3947936,4344720
1000,4055792,3771104
1001,4012352,4429504
1002,5079184,4977248
1003,4261712,5060048
1004,4955728,3304576
1005,4399936,4556272
1006,4237808,4912144
1007,5477280,3605616
1008,5604480,3960528
1009,3957168,3273568
1010,5266816,3232560
1011,5351712,3742272
1012,4293888,4141840
1013,4597232,3110000
1014,3927792,3319392
1015,3917920,3972560
1016,4282496,3698240
1017,3982368,3765440
1018,3755680,4144448
1019,3970688,3492880
1020,4571648,4284016
1021,4347712,8154992
1022,4282320,4575904
1023,4018240,4250640
1024,4084384,3448384
1025,4955440,3284480
1026,8729552,4769808
1027,3854320,3578208
1028,4891840,4375200
1029,4133040,3116960
1030,3812240,4460080
1031,5248992,3313184
1032,4136208,4102288
1033,4981056,4135040
1034,3744864,3586704
1035,5044064,4136000
1036,3913296,4358288
1037,4528704,3254592
1038,4683328,3047120
1039,4129696,3335808
1040,3915344,3521472
1041,4875008,4337584
1042,3937280,3394048
1043,3633008,4085760
1044,3886880,3798160
1045,4129616,4585888
1046,4961872,3063632
1047,3957120,3216768
1048,4454672,4182272
1049,4495568,3492000
1050,5115728,3331632
1051,3663024,3342560
1052,3917920,4309152
1053,4723280,3110448
1054,4037392,3178032
1055,4007168,3732400
1056,4010624,4001504
1057,4885488,3819088
1058,3765104,4394560
1059,3808224,3000992
1060,4255360,3154416
1061,4734192,3309664
1062,4487152,3581648
1063,3977840,4192896
1064,3573200,4767312
1065,3859072,3518528
1066,3610512,4096304
1067,4228960,3637776
1068,4807888,3225184
1069,5274640,4238256
1070,4138752,3651216
1071,4742512,4149840
1072,4375856,3500576
1073,3786096,3536736
1074,4812768,4338864
1075,4282080,3100480
1076,4775152,4484000
1077,4137952,2965536
1078,4094816,3384432
1079,4964208,3577152
1080,3784272,5034656
1081,4965808,4610032
1082,3533856,3463584
1083,3999152,4199920
1084,4195968,3711232
1085,5620224,3291104
1086,5171568,4688512
1087,4126368,4351600
1088,4804144,3141680
1089,4330208,3371824
1090,3893088,4224736
1091,5304176,3466992
1092,4995760,3483936
1093,3863136,4566576
1094,3934368,3706384
1095,4798528,4113008
1096,4120896,3440432
1097,4096560,4784416
1098,5222752,3376048
1099,4314128,4348544
1100,4662960,5268896
1101,4151760,3359280
1102,5320256,4342896
1103,3991792,3501856
1104,4969168,4641824
1105,5992688,3707680
1106,3986224,3968304
1107,4863488,3306144
1108,4129936,3255728
1109,5176256,3555488
1110,4398128,4045280
1111,4572976,3372832
1112,3975120,3298608
1113,3927328,4445888
1114,4160848,3588880
1115,4645200,3515776
1116,3889376,4273232
1117,3947968,3769344
1118,5027552,3748560
1119,4242960,3489200
1120,4133440,3364464
1121,4123840,4419088
1122,4241232,4431296
1123,4281968,3073968
1124,4028368,3515888
1125,3939344,3429024
1126,5012848,4588208
1127,4879728,3201936
1128,3694384,4468384
1129,3951472,3328768
1130,3941552,3592848
1131,5158112,4755408
1132,3821424,4480608
1133,4996672,3371568
1134,3987104,4442848
1135,4174528,3742368
1136,5322480,4377344
1137,4838528,3443792
1138,4064816,3392880
1139,4933392,4764656
1140,4371776,4361728
1141,5069088,3636128
1142,4128208,4321520
1143,3940832,3540640
1144,5408592,4181552
1145,4939840,3434688
1146,4310624,3344704
1147,4761520,3457104
1148,4259920,4142160
1149,4745584,3391440
1150,4022064,3857504
1151,3946960,4028976
1152,4029760,3162256
1153,4782752,5650992
1154,3944512,3974368
1155,4443424,3176800
1156,4537888,3645424
1157,3790576,4550160
1158,6071520,4349520
1159,4625248,3265216
1160,3840048,3596112
1161,4262720,4793376
1162,4182368,3791936
1163,4930000,4375280
1164,3987824,5186336
1165,4246768,3796448
1166,5338192,4478048
1167,4344384,4175296
1168,4977968,3439664
1169,5743376,3901168
1170,4510720,3041360
1171,4974928,3181840
1172,3977280,3461792
1173,4061376,3458240
1174,4486208,4861488
1175,3649808,3902160
1176,3714256,3622800
1177,4040080,2811152
1178,3977120,3259024
1179,5523504,3565504
1180,4433440,5063568
1181,4172240,4196464
1182,3476336,3416848
1183,3998032,4922320
1184,4282816,4275072
1185,5635520,4559568
1186,4917072,4380064
1187,4015776,3726656
1188,5507360,3566800
1189,4864848,3048528
1190,5127664,3388800
1191,4179632,3765008
1192,4272032,4320288
1193,4164080,4653120
1194,3704192,4034352
1195,4098128,3994864
1196,4285824,3790704
1197,3983824,4049312
1198,5310320,3555632
1199,4519712,3638160
1200,3916176,4476496
1201,4476832,3713216
1202,4660288,4124048
1203,4144960,3214352
1204,4152336,4750048
1205,4275440,3447856
1206,4393632,3779440
1207,4756512,3580464
1208,3751472,3187744
1209,5363696,3087120
1210,3937952,4425152
1211,4239968,4099888
1212,4238592,3881920
1213,3836560,3334656
1214,3653664,3414736
1215,4960800,5571200
1216,4729600,3808080
1217,4447824,3720992
1218,3970720,3552752
1219,3680880,5803360
1220,6120432,3486320
1221,4262608,4515648
1222,4256384,4521136
1223,4099072,3186784
1224,5652336,3775600
1225,4012256,4655632
1226,5099584,3371312
1227,5178880,4245456
1228,3848224,3300224
1229,4508896,3671584
1230,5234400,4882960
1231,3892048,4217936
1232,4673760,3326960
1233,3969424,3415728
1234,4323280,4147984
1235,5442320,3208176
1236,4827280,3900832
1237,3959728,5060784
1238,3794896,4200848
1239,4718096,3675264
1240,3951296,3765760
1241,4443952,3425392
1242,5633680,3246576
1243,3789792,4976464
1244,4244048,3573136
1245,4410800,3800496
1246,4020128,3134096
1247,3839776,3155808
1248,5418976,3478560
1249,4213936,3374976
1250,4485664,4163360
1251,3765088,2992768
1252,3766832,3185888
1253,4062240,3048768
1254,3985808,2940656
1255,4762784,3461376
1256,3702448,3304256
1257,3869616,4585120
1258,3764400,5253488
1259,3545536,5388288
1260,4127680,7348016
1261,3989616,7275696
1262,5058960,6974976
1263,5863408,7015360
1264,10989488,8679760
1265,5951984,5330656
1266,6742032,6939824
1267,7836144,7049264
1268,6356416,4785504
1269,6671600,4623216
1270,8411440,3133984
1271,5948768,4439632
1272,6716704,3884272
1273,6863888,4051248
1274,12493536,3659008
1275,5075120,3708672
1276,4184608,3770912
1277,3647600,5225904
1278,4942880,3474560
1279,4474800,5334064
1280,3778016,5106304
1281,4157056,3843232
1282,4243344,3842944
1283,4281488,4209280
1284,5633376,3797760
1285,3975168,4413952
1286,5812960,4451712
1287,4498512,3391616
1288,4321184,4132448
1289,4387120,3433440
1290,3857872,3373152
1291,4166960,3261840
1292,4952480,4590752
1293,4996928,3782544
1294,4033424,4296112
1295,4591728,2255296
1296,3862672,3725744
1297,3987904,5149280
1298,3784048,4634832
1299,5043664,4087792
1300,4306336,4820128
1301,4806704,3651024
1302,2802352,3649792
1303,4086608,3703888
1304,5368944,4513104
1305,5109600,3277104
1306,4635584,4350816
1307,4289200,2006128
1308,4261600,3746896
1309,4112032,3461776
1310,4237584,4021168
1311,5058224,3844096
1312,3730736,3325840
1313,4861712,3477168
1314,2607008,4353424
1315,4320416,5517376
1316,4069776,3434144
1317,4509152,4065552
1318,3509104,3614864
1319,3845184,4947024
1320,3969248,4062272
1321,4882176,3553264
1322,5849920,4579200
1323,3998080,3555184
1324,4598304,4674848
1325,4174320,3681136
1326,5519424,4329024
1327,4714816,3656432
1328,4019456,4038352
1329,5070352,3504720
1330,4193152,5179632
1331,5096368,4011632
1332,4283648,3557536
1333,4023568,2365360
1334,4176912,3293232
1335,4699328,3613520
1336,4013376,5437504
1337,5620096,3552224
1338,4584320,3418144
1339,4067296,3132144
1340,2932800,3267584
1341,3738080,3748352
1342,4225552,4250608
1343,5850000,3512272
1344,4163344,3752608
1345,3956768,3460832
1346,3742208,2298864
1347,3807600,3305600
1348,4281856,2635296
1349,4873328,3795568
1350,3938464,3320448
1351,4242272,4852544
1352,4098544,3536624
1353,2945024,4271888
1354,3736032,2243792
1355,3115696,3891808
1356,4098544,2405632
1357,3935408,3694560
1358,5140016,2007584
1359,4008432,4134592
1360,4811920,4899680
1361,2839104,3610208
1362,4402144,4099712
1363,2936992,2285424
1364,4179936,3988384
1365,2522560,5019072
1366,4648032,3186384
1367,5352528,3653776
1368,4054112,3906720
1369,4721248,2031696
1370,2731184,4201488
1371,4395776,3997312
1372,5584656,4352976
1373,3665488,3919040
1374,4050656,3677520
1375,4588896,2403504
1376,2624400,3457776
1377,4673424,4099504
1378,4403392,4538560
1379,3874288,4458960
1380,4356704,3714544
1381,4273968,4507232
1382,2897120,3567296
1383,4020640,4137408
1384,4555712,2290912
1385,4112272,3492832
1386,4968944,4149264
1387,4280464,4274848
1388,5112768,4349920
1389,4005808,3357808
1390,4681280,3161456
1391,2931936,3661424
1392,3983824,4052704
1393,4752400,3233808
1394,4246880,3616512
1395,4856576,4040432
1396,3999520,3171040
1397,3889872,2991312
1398,4204160,3667232
1399,4652608,4969376
1400,3915808,4270160
1401,4169568,3115712
1402,4711696,2932624
1403,3854720,3388112
1404,3505632,3090144
1405,4325408,3234000
1406,5529536,5012064
1407,4848912,3621264
1408,3754352,4009808
1409,3642384,3252720
1410,3996832,3782688
1411,3664464,4371520
1412,3840912,4537904
1413,5531312,3422736
1414,4205440,4535968
1415,4617568,3084416
1416,3879280,4290080
1417,4499776,3631968
1418,4239264,5066352
1419,5239696,3216416
1420,4030144,2425664
1421,5219344,3317872
1422,3739520,3748592
1423,4629184,3941248
1424,4385312,3579888
1425,5451376,3883632
1426,3796352,5540368
1427,3101696,2552832
1428,3893968,3827248
1429,4342880,4010256
1430,4445952,5664320
1431,4241440,2265072
1432,4399200,4026928
1433,5340128,4897984
1434,3085392,4902256
1435,4281328,4296560
1436,4516736,6084192
1437,5326400,4609696
1438,2926416,3840752
1439,4451024,3560736
1440,5284608,3639824
1441,5328960,3003408
1442,4701152,3869024
1443,5493552,4488688
1444,5137472,3620848
1445,4407440,4344064
1446,4062240,6016800
1447,4156848,3710848
1448,3620416,2751184
1449,4503568,2972992
1450,4079264,3270864
1451,4045216,2322832
1452,4762736,4260800
1453,6154064,5184320
1454,4262928,4007328
1455,3387296,3157136
1456,3590896,4019792
1457,3914320,4371504
1458,2982816,3708896
1459,4777296,3588272
1460,5634240,3552672
1461,4658432,3336672
1462,3827408,3608528
1463,4493056,4656016
1464,4036352,3979648
1465,4167648,3364032
1466,4181696,3938608
1467,4158336,4238512
1468,3873152,3549056
1469,4038352,4035792
1470,4241216,3399296
1471,4594192,5453808
1472,3952192,3209360
1473,4304560,4127696
1474,3966800,2203872
1475,3975872,3731616
1476,4500064,3605952
1477,3982704,4421056
1478,5979824,3144448
1479,3814016,3293680
1480,4731904,4138720
1481,2752320,3656768
1482,4265664,5712176
1483,4159264,4016160
1484,4957376,2081568
1485,3765712,4176576
1486,3731232,4761440
1487,4608224,4452256
1488,4296992,3838528
1489,6317408,5012576
1490,4563808,4620896
1491,2639904,5035776
1492,4751088,3372320
1493,5123824,4411600
1494,4983296,4165648
1495,4227504,4815008
1496,5264416,4301872
1497,4757312,5448960
1498,5448560,3245584
1499,3894512,3920800
1500,4884704,2308864
1501,4685936,3552480
1502,4582336,3824912
1503,4886272,3770992
1504,6035440,4123808
1505,3769040,3468576
1506,4508400,3109168
1507,2859648,3898832
1508,4093424,3443648
1509,4339184,2887632
1510,4241504,4141488
1511,3989952,4142880
1512,3744816,2900272
1513,3667392,3590656
1514,4540256,3341776
1515,4100960,4330880
1516,3433904,5004320
1517,4759808,3625200
1518,3595824,3798656
1519,3477024,2730400
1520,4200576,2796256
1521,3923776,3364416
1522,4908528,3893984
1523,5461040,4125360
1524,4230112,3449856
1525,4215600,2882672
1526,3358128,3109408
1527,3419232,3533616
1528,3941968,3715520
1529,4404896,3543808
1530,4744576,2405872
1531,3965792,3322304
1532,3236112,2382784
1533,3559504,3532384
1534,4076656,3469440
1535,4349168,2404976
1536,4110800,3191104
1537,3014336,3290320
1538,3800304,2250256
1539,3024064,3554544
1540,3949824,2070224
1541,4123536,4241216
1542,2962288,4015664
1543,3746432,4954368
1544,3963600,3854544
1545,2863488,2437056
1546,3927040,4577568
1547,2612976,4902416
1548,4721024,4182688
1549,4387056,5214288
1550,4807856,3207264
1551,4194784,4536640
1552,2987376,3752064
1553,5099168,4427696
1554,4522640,4363312
1555,4625376,3197120
1556,5588864,2365872
1557,3734176,4118528
1558,5010560,4612976
1559,4342736,4255728
1560,5023040,3630608
1561,4785888,6656912
1562,3782096,4487520
1563,2843440,8782032
1564,4507216,4007648
1565,5107888,2551552
1566,4822752,6533648
1567,4156608,4992384
1568,6385344,6274400
1569,4806336,2696688
1570,5778480,4992000
1571,4567184,3533328
1572,3001456,3610864
1573,6707872,4177280
1574,5655632,3543808
1575,5795888,4703872
1576,3259424,4008368
1577,5274160,3799552
1578,4134176,4008624
1579,4070240,4745744
1580,4345680,3636384
1581,4124560,2553504
1582,5239376,5040528
1583,4522768,3907088
1584,4338272,3034240
1585,4373984,3442080
1586,4133264,3306656
1587,4267632,6797616
1588,3059664,4893088
1589,5597504,4973856
1590,3701376,4483968
1591,3626560,5496176
1592,3850880,5158736
1593,3771824,6980640
1594,7319888,6317408
1595,5429680,3062304
1596,4339984,5454832
1597,4916624,4188864
1598,5718272,2402880
1599,5492752,3890656
1600,7456016,2854192
1601,6886320,3670240
1602,3670768,4807968
1603,5943216,3522448
1604,4145664,3885168
1605,2868976,3430464
1606,4443952,3935376
1607,3493264,4298256
1608,4327536,3482480
1609,5346480,4229248
1610,4032480,5393600
1611,4521568,3461648
1612,4025840,3722800
1613,4264256,2538672
1614,4011904,3962384
1615,4038736,2132480
1616,4877152,3528400
1617,6077344,3325824
1618,4099056,3855136
1619,4305168,5839184
1620,3067584,4257264
1621,4454048,4561088
1622,2655904,4112592
1623,4036032,2320784
1624,3986064,3683376
1625,4310960,3434288
1626,5452032,5250192
1627,4877888,4479056
1628,4161568,3886880
1629,4697440,4555120
1630,2938816,3697712
1631,4300928,3847472
1632,4072352,2479296
1633,5785760,4554512
1634,4849824,4731024
1635,4484320,4464736
1636,5110672,3630704
1637,4166928,4362560
1638,4357088,3392208
1639,3121536,4419056
1640,4969248,2429888
1641,4508784,3685296
1642,4996144,3944800
1643,4113264,4616480
1644,4952400,3942016
1645,3832992,3113264
1646,4967248,3520256
1647,2992320,3795488
1648,4091552,4969872
1649,4450128,3943776
1650,4288080,2279968
1651,4567776,4166464
1652,3703728,4578896
1653,4037344,3408720
1654,4364272,4633200
1655,4656432,3177760
1656,4443104,4035840
1657,2856880,4718464
1658,4575360,4274192
1659,4979664,5353904
1660,3965200,4291088
1661,4879568,3787920
1662,3804992,4539584
1663,4487824,3463168
1664,4283712,3924352
1665,4820592,6585568
1666,5915424,5403584
1667,4881824,5195744
1668,4410352,5364416
1669,4893664,5103936
1670,3924512,6574400
1671,12074112,2878128
1672,4294224,3830752
1673,6819632,2962768
1674,5958208,4041920
1675,5792000,3510448
1676,5976560,4243024
1677,5414528,2635840
1678,18182048,2977264
1679,6727280,4215984
1680,3489280,4035232
1681,4546720,2799264
1682,3664432,2995344
1683,4694880,2535184
1684,4221056,2860080
1685,3922016,3557296
1686,3244688,3092224
1687,3559968,2966048
1688,4943248,3105440
1689,4660736,2735184
1690,3442080,2985248
1691,3607312,2949296
1692,3242784,3491744
1693,3486400,5103840
1694,4081488,2711648
1695,3834592,3124800
1696,3607456,2704784
1697,3721536,3040720
1698,3274016,3341792
1699,3648064,3046960
1700,3609024,3511952
1701,4129936,3543088
1702,5566880,3233328
1703,3336624,2949824
1704,3542736,3008832
1705,3289168,2810368
1706,3649008,2995216
1707,3944992,3658208
1708,3681312,2856608
1709,4076736,2725312
1710,4167136,3129776
1711,3821696,3101616
1712,3587296,2326320
1713,3705200,3967088
1714,3516736,2593936
1715,3580768,2875648
1716,4255456,3155632
1717,3520320,3074304
1718,3308368,2817824
1719,3768432,2883776
1720,3763872,3430592
1721,3024512,2845424
1722,4509168,2874768
1723,3238704,2930992
1724,3488816,3880416
1725,3790128,3373776
1726,3724576,4106320
1727,3469392,3155168
1728,3455088,3541952
1729,3970080,3437744
1730,3492576,3700992
1731,3579824,2536512
1732,3679856,3366672
1733,4519616,2953840
1734,4033088,3092736
1735,3992368,2947392
1736,3718384,2794544
1737,4169312,3146080
1738,4062672,3024832
1739,4258848,3246448
1740,3258240,2825616
1741,3939840,3056752
1742,3545424,3159328
1743,3671568,2947504
1744,3630976,3049184
1745,3480416,2763600
1746,3830064,3117472
1747,3530896,3312768
1748,3942448,2928240
1749,3548240,2965520
1750,3763712,2118544
1751,3776064,3585888
1752,3533696,2589248
1753,3581104,3341520
1754,3326160,3065216
1755,3712432,2769696
1756,4052320,2824912
1757,3534176,3124160
1758,3641568,2739760
1759,2672144,3530528
1760,4152592,3075120
1761,3245888,2949680
1762,4010928,2554592
1763,3681648,2977616
1764,3461152,3451968
1765,3540832,3382624
1766,3794416,2990704
1767,3418976,3041216
1768,3939616,2968128
1769,3708928,3818880
1770,3643056,3709248
1771,3245952,3656528
1772,3600688,2830880
1773,3993712,2828544
1774,4008880,3046816
1775,3573456,3494816
1776,3645280,3029664
1777,3470736,2766560
1778,4418176,2767072
1779,3406928,2997968
1780,4332160,2980416
1781,3416000,3048512
1782,3468432,3186368
1783,3654720,2910224
1784,4142400,2804048
1785,3730496,2739760
1786,3318304,2469728
1787,3378144,3569536
1788,3620816,3001632
1789,3656160,3022544
1790,3641056,2952848
1791,3809040,3025104
1792,3461568,3595648
1793,3304272,3051264
1794,3399872,3942496
1795,3133776,3102800
1796,3224784,3023584
1797,3671424,3419392
1798,3624240,3169600
1799,3462784,2975808
1800,3759328,3318736
1801,4213552,3559440
1802,3655472,4180192
1803,4443168,3115504
1804,3599232,2852800
1805,3721552,3025952
1806,4121712,3048544
1807,3789200,3986672
1808,3576752,3500192
1809,4047472,3967600
1810,4117552,3521408
1811,4127328,3630064
1812,3733056,2294768
1813,3482848,3655520
1814,3412080,3166160
1815,3504768,3716496
1816,4631392,2672896
1817,4006416,2903440
1818,4571712,2920496
1819,4080160,3022448
1820,3660624,3130096
1821,2975328,2896992
1822,3557280,2814560
1823,3901600,2983040
1824,4343776,3092464
1825,3342480,2613360
1826,3369104,3684432
1827,3466336,2413472
1828,3538192,3144272
1829,3678432,3513168
1830,3416304,3956688
1831,3426304,3608976
1832,3513872,2844832
1833,3787072,3110784
1834,3288592,3056288
1835,4313040,3140880
1836,3079008,3064656
1837,3634352,2886496
1838,4210960,3220896
1839,4171456,3167168
1840,4134448,3656368
1841,3507664,3999888
1842,3799856,3074560
1843,3682400,3056400
1844,3782128,3081936
1845,3560368,2775456
1846,3568800,2723216
1847,3780656,1807344
1848,3735872,4410560
1849,4088160,2852496
1850,4005760,3056048
1851,3599248,2922192
1852,3540736,2840208
1853,3743280,4183824
1854,3421616,3752656
1855,3284128,2847072
1856,2528080,3292432
1857,5024960,2976704
1858,3567280,2943984
1859,3623728,2943120
1860,3574720,2987728
1861,3555328,2816880
1862,4714640,4111744
1863,4304768,3196400
1864,3465008,3311648
1865,3905792,4229328
1866,3641888,3382304
1867,3622928,2840976
1868,3580352,3626800
1869,3707472,3631504
1870,3451760,3108064
1871,4694992,3031632
1872,3709104,3446032
1873,4008592,4880224
1874,4250944,2996576
1875,3971360,2573968
1876,3411536,3293392
1877,4216096,2616432
1878,4140672,3919392
1879,3535200,3473056
1880,3640224,4205024
1881,3982480,3459568
1882,5384912,4670784
1883,3666272,3646592
1884,3105616,3227376
1885,3934144,3756320
1886,3183488,2614464
1887,4535712,3226784
1888,4149168,3486224
1889,4827136,3357776
1890,4053968,3212160
1891,5317552,4371472
1892,4283984,3403472
1893,3817056,3293712
1894,4446976,3465952
1895,3187200,2549392
1896,3845104,2648912
1897,4166656,3081360
1898,4004784,3103264
1899,3788336,3220592
1900,4335184,3834384
1901,4066240,2866160
1902,3931344,2947936
1903,4043168,2989760
1904,3178400,2992864
1905,3249600,3226032
1906,3644688,2941632
1907,3757840,2867264
1908,3628816,3075408
1909,4503168,2804416
1910,3579248,3055040
1911,3574496,2727840
1912,3563296,4358080
1913,3633856,4223520
1914,3802032,3045456
1915,3682256,3420416
1916,3438128,2542800
1917,3683968,3075360
1918,3426320,2849616
1919,3784640,2768896
1920,3324944,4162976
1921,5016608,3533456
1922,4946544,3047024
1923,3713504,3461520
1924,3670176,2860080
1925,3244240,2829600
1926,3768048,3122464
1927,3304992,3432304
1928,3437152,3051024
1929,4771200,4852304
1930,4233968,2883664
1931,3687216,2931200
1932,4129696,2703984
1933,3335280,2300000
1934,3532352,3849728
1935,3808624,3197104
1936,3859760,2852592
1937,3720368,3425296
1938,5263296,3088768
1939,3488880,2881776
1940,3528304,3141904
1941,3440560,3998192
1942,2999984,3830800
1943,3941056,2686496
1944,3651344,2792064
1945,3374256,2626896
1946,4111424,3814240
1947,3582832,2699776
1948,3409712,3300864
1949,3630320,2992384
1950,4320560,3269360
1951,4509328,3079200
1952,3324656,3908848
1953,3479312,3317696
1954,3285248,3585648
1955,4442096,3052384
1956,3253744,2844400
1957,3984288,3015776
1958,3602992,3009104
1959,3833088,2934576
1960,3731856,2864640
1961,4439600,3219056
1962,3179392,3327008
1963,4295616,2814928
1964,3607728,2783248
1965,3411216,3199792
1966,3554752,2838384
1967,3543104,3291424
1968,3502048,3106144
1969,3356128,3823616
1970,3898128,3069968
1971,3744016,3234176
1972,3427696,2949312
1973,3384912,2966336
1974,3645248,3062304
1975,3445088,3896640
1976,3901296,3373488
1977,3746512,4220624
1978,4263104,2776912
1979,3714640,2736688
1980,3885488,3105872
1981,3538608,3066768
1982,3664624,2801680
1983,3774256,3623712
1984,4603792,2548816
1985,3962000,3291936
1986,4032256,2941488
1987,3409504,3120400
1988,3359568,2932128
1989,3835424,2955920
1990,3641856,3272256
1991,3537472,2982000
1992,4366336,2947664
1993,3157856,3088960
1994,3905728,0
1995,3493056,0
1996,3786768,0
1997,3575696,0
1998,3457456,0
1999,3855568,0
===CSV_END===
=========================================
HI_NET_PING_DONE run=6
