HI_NET_PING_START run=8
Probes: 2000  |  Protocol: UDP  |  Period: 1 ms  |  Msg: 64 B
hi_net_ping: sending HELLO to 127.0.0.1:5002 (protocol=UDP)...
[echo] HELLO — protocol=UDP  n_probes=2000
[echo] HELLO_ACK sent
hi_net_ping: HELLO_ACK received
[echo] run #8 — echoing probes
hi_net_ping: starting ping-echo loop (2000 probes at 1 ms)...
========== HI_NET_PING RESULTS ==========
Probes sent:        2000
Echoes received:    2000
Lost (no echo):        6 (0.300%)
RTL (us):
Mean: 4378.982    Std dev: 914.943
Min:  2154.912    Max:     19876.656
P50:  4266.624    P95:     5572.560
P99:  6940.240    P99.9:   13196.416
IAJ (us):
Mean: 3871.544    Std dev: 798.499
Min:  1516.992    Max:     8732.464
P50:  3798.928    P95:     5101.680
P99:  6314.416    P99.9:   8700.560
===CSV_START===
index,rtl_ns,iaj_ns
0,5396992,3297680
1,3325200,3755392
2,3453952,3096512
3,3567552,2202304
4,2920768,3963472
5,3914848,2964736
6,3521744,3060624
7,3477632,2627808
8,3250992,3679968
9,4283168,3495648
10,4133280,2882192
11,3409568,3842208
12,4448352,2731888
13,3316592,3006864
14,3464832,3470816
15,4128048,3242560
16,3894432,2989056
17,3608240,3008224
18,3477408,2677584
19,3215808,2629248
20,3338032,3152560
21,3799584,2912624
22,3445952,3252976
23,3781584,3066016
24,3646656,2940720
25,3609472,2837056
26,3501904,4120144
27,4770832,4312912
28,4968656,3146912
29,3812864,3461184
30,4035408,4058240
31,4580048,3104256
32,3655808,3381184
33,3927632,2952592
34,3412752,3712304
35,4235472,4206032
36,3875648,3172368
37,3667104,3927536
38,4170816,3750304
39,4290336,3024880
40,3502976,3939920
41,4492880,3913616
42,3563968,3569584
43,3950704,3576608
44,4052784,3664896
45,4075024,3025072
46,3575072,2302384
47,2759552,3663264
48,4354256,3408976
49,3965536,3105648
50,3656416,2072176
51,2655696,4980880
52,5509360,5552560
53,4798096,3485552
54,3810512,3987616
55,4405072,5912224
56,5157440,3294320
57,3925088,5021104
58,5509328,3151280
59,3763824,4166096
60,4562704,3519808
61,4061440,3740928
62,4272912,3722512
63,3486400,3896800
64,4400512,4045072
65,4528560,2933040
66,3494240,3486928
67,3969760,2456224
68,2957984,3125120
69,3761936,3209120
70,3742704,1861744
71,2516352,3849616
72,4463216,3124576
73,3649296,3885648
74,4466464,4569616
75,5008464,3641200
76,4204080,4112688
77,4450304,1995888
78,2532080,3879968
79,4440160,2298048
80,2695216,3874448
81,4466000,2570592
82,3108272,3259760
83,3882144,2827696
84,3259424,3485408
85,4070528,3480288
86,4074896,4870832
87,5398704,4354432
88,4861888,3314768
89,3762096,2231728
90,2736832,3769968
91,4394544,1952768
92,2516640,4511424
93,5037344,4918768
94,5429808,3363728
95,3959632,3736304
96,4317088,3320336
97,3814912,3562416
98,4153696,5678736
99,6306816,4916208
100,5359408,4131424
101,3712464,4183808
102,4632112,2365632
103,2905648,4307552
104,4906512,3847792
105,4338912,4730976
106,4522128,3971392
107,4522800,2810432
108,3388992,3345104
109,3697280,2102288
110,2505184,3563376
111,4253952,4086480
112,4684528,4577440
113,5078416,3609952
114,4091648,3564544
115,4186640,3335552
116,3729424,3348624
117,3898720,3224464
118,3796864,2867792
119,3399008,2161008
120,2706512,3696144
121,4263968,2038272
122,2542256,3845984
123,4361584,3271680
124,3867664,3592864
125,4019776,4427696
126,4865152,3321888
127,3846288,3690896
128,4230752,4262880
129,4707072,4808192
130,5302032,3532656
131,4051328,4181728
132,4670048,3624320
133,4107904,4714160
134,5339920,3963024
135,4403840,3856928
136,4269424,3578832
137,4051632,5233504
138,5766560,3237760
139,3746672,3784208
140,4309808,3559392
141,4025792,5699328
142,6205232,3832976
143,4365360,3206560
144,3759968,3460416
145,4054784,4785600
146,5276176,3079440
147,3597856,2926416
148,3549504,3191696
149,3829472,3221232
150,3797616,4250144
151,4601472,4095296
152,4582320,4614016
153,4074976,4398000
154,4612048,3528064
155,4109760,4300960
156,4906288,3575536
157,4032096,4403456
158,4926224,2180176
159,2614144,3919536
160,4314880,2186944
161,2709280,3897424
162,4521440,2342512
163,2882272,2048256
164,2588192,3905200
165,4439824,3030912
166,3575568,3923472
167,4473264,3758560
168,4361024,4427872
169,4021664,4138752
170,4672720,2226400
171,2749680,3609712
172,4060560,3507568
173,4097936,2284288
174,2792896,3396992
175,3903664,2994352
176,3615120,2377072
177,2962592,3460144
178,3984304,3430096
179,3911472,2106624
180,2604768,3898304
181,4442560,3519376
182,3990464,4756448
183,5392064,3043984
184,3601504,3680624
185,4215872,3844960
186,4452992,2726240
187,3079296,3542368
188,4013984,3408560
189,3866160,3642224
190,4117872,4541776
191,4226928,4095328
192,4607472,3317008
193,3835456,3902864
194,4354768,4994416
195,4921456,4088400
196,4630848,3361568
197,3945328,4686832
198,5312576,2953104
199,3499664,3497584
200,4002816,4046432
201,4572672,3364112
202,3938288,2078144
203,2624496,3475424
204,3988832,3484048
205,4074688,2139840
206,2680864,3682688
207,4120928,2147440
208,2671472,3803712
209,4251008,1908032
210,2584560,3815552
211,4413392,4537632
212,4966992,4900832
213,4400928,4025392
214,4517456,3798864
215,4351904,4175488
216,3881376,3458144
217,4058480,3362016
218,3913552,4497376
219,4916256,3506688
220,4211648,4074912
221,4748624,3278752
222,3736720,3377712
223,3852608,4511424
224,4954432,3508352
225,4092016,5112176
226,5678288,4406912
227,5022928,5032480
228,5524944,3779888
229,4339728,4617040
230,5053408,5026288
231,5612944,3967424
232,4497392,3231024
233,3773888,3365376
234,3792224,3683968
235,4240320,4758528
236,5264128,3836048
237,4384528,3784624
238,4380016,3328688
239,3895728,4861168
240,5483072,3386304
241,4039472,4015040
242,4455232,3197984
243,3804432,3076864
244,3599984,2430720
245,2933456,3133216
246,3717120,3139872
247,3727632,3129504
248,3715504,1833024
249,2370176,3886464
250,4252912,3484512
251,4080208,2414848
252,2952912,3175408
253,3730384,3483168
254,4131664,3879728
255,4345264,4113136
256,3745696,3397360
257,3865456,4310240
258,4864176,1998448
259,2515744,4693984
260,5085328,4471488
261,5013408,3640784
262,4194512,4233424
263,4713232,2020144
264,2524704,4601776
265,5048480,4560080
266,5135520,3409344
267,3912272,3392368
268,3952672,4219968
269,4767856,2265136
270,2772544,2704720
271,3150976,4067600
272,4579904,3570944
273,4100496,4451008
274,5010416,3226048
275,3789952,3598880
276,4061024,3515424
277,4140464,3188976
278,3839216,3879200
279,4457776,4420672
280,4923936,3608960
281,4194096,3848448
282,4393264,3614864
283,4088848,3760048
284,4285792,4275136
285,4917632,3815520
286,4222304,4317200
287,4795760,5158864
288,5538384,3635440
289,4104864,3803296
290,4299984,3688976
291,4308032,5000064
292,5526112,3564256
293,4127168,3774352
294,4350048,3469152
295,4028656,4552464
296,5136736,3278448
297,3755280,4389200
298,4653824,4000256
299,4465440,5507104
300,5929104,3811984
301,4303872,1801088
302,2429760,4047904
303,4590432,2975408
304,3524656,3000000
305,3596624,2984352
306,3562320,2048976
307,2664128,3824704
308,4290208,3603872
309,4186256,3829840
310,4378368,3852192
311,3672656,3196256
312,3645072,4324928
313,4963088,2320928
314,2958864,2619536
315,3189136,1516992
316,2154912,2132256
317,2846608,3600528
318,4204608,4500096
319,4963456,3291744
320,3749744,3741264
321,4333744,4518832
322,4849184,4785872
323,5322352,3195536
324,3715680,4126944
325,4622464,3988816
326,4588960,4783232
327,5295408,3606304
328,4206272,4531200
329,5038624,4744432
330,5269328,3535152
331,4023904,3934928
332,4442896,2310992
333,2797024,4022272
334,4602080,2410432
335,2984272,4053152
336,4605952,5101680
337,5572560,3941008
338,4542528,2089840
339,2672512,4075088
340,4647488,3536992
341,4062464,4774704
342,5398096,3336592
343,3856272,3986432
344,4295040,3378064
345,3969280,1868896
346,2545904,3845328
347,4474160,3451888
348,3890320,2092384
349,2579392,4295008
350,4824704,5608400
351,6084224,4042608
352,4497120,2274928
353,2841024,3798928
354,4420096,6314416
355,6676992,3746048
356,4265536,3632048
357,4239120,4469648
358,5034240,4329824
359,4823568,2526032
360,3023664,4909728
361,5469744,4329488
362,4262144,3392000
363,4037488,4056064
364,4509040,2188704
365,2570080,4089248
366,4611456,4010720
367,4556384,4211040
368,3958640,4298656
369,4866160,2217152
370,2738464,3678736
371,4340656,3015776
372,3472928,3937520
373,4558592,3680976
374,4311904,4433216
375,3968688,3076176
376,3618624,3245888
377,3834208,4142464
378,4704080,1872864
379,2450992,4074704
380,4539488,3351824
381,3956352,4405072
382,5018832,3574272
383,4084368,4656256
384,5242064,2477248
385,2948736,3441296
386,3921248,2409936
387,2839952,3834640
388,4390896,4944704
389,5371024,3408048
390,3963072,3542880
391,3970848,3859376
392,4412784,3673424
393,4258256,4914544
394,5408288,4409136
395,4825104,2245952
396,2694896,3717456
397,4197536,2190784
398,2676464,4394272
399,4967888,4580192
400,5024336,3134416
401,3549728,3767760
402,4091184,3668032
403,4140768,3956736
404,4483760,4595008
405,5112160,3941328
406,4385168,4256784
407,4794448,5235376
408,5853792,4262528
409,4706640,2684944
410,3335792,3817392
411,4213200,5179680
412,5842480,3318256
413,3755104,2942112
414,3616752,3272336
415,3767600,3674272
416,4260720,3345392
417,3924256,4084448
418,4573200,5570448
419,5187184,4151472
420,4493984,4559312
421,4053600,5430528
422,6008896,4695584
423,5297440,3992960
424,4465200,3343872
425,3836416,1982032
426,2512560,3838640
427,4357856,4149984
428,4735008,3965568
429,4545360,3210768
430,3780320,3345536
431,3792960,3934288
432,4356912,3823136
433,4334720,3679264
434,4226096,4251328
435,4014400,3907264
436,4382160,4529664
437,5148336,4586752
438,5223776,3380400
439,3936944,4063488
440,4672624,2954240
441,3536096,3570736
442,4082016,3268976
443,3853888,5003264
444,5564512,3168400
445,3826000,3485232
446,3990752,3624160
447,4233008,1965408
448,2507888,3975552
449,4435648,3138688
450,3711056,2602416
451,3027056,3727264
452,4305600,2118752
453,2693808,3431808
454,4003584,3305904
455,3565536,3633872
456,4110016,4562944
457,5074624,3792016
458,4345184,3667056
459,4168528,3381744
460,3793232,2372704
461,2861136,3529504
462,4088864,2260800
463,2711296,3515904
464,4076160,3720768
465,4265824,3421360
466,4082560,5009264
467,4403344,4374752
468,4944976,1916128
469,2513856,3813728
470,4210032,2114144
471,2672528,3881536
472,4308960,1992368
473,2408320,3722560
474,4225344,3115776
475,3685056,2199664
476,2713088,4188016
477,4625136,3446944
478,3941808,4343856
479,4842544,2955760
480,3474592,3251552
481,3751024,3449632
482,3987584,4083152
483,4614384,3712656
484,4247360,5077600
485,5501296,3471824
486,4067040,4564064
487,4907408,3927776
488,4513072,4102992
489,3806464,3538576
490,4021872,3970896
491,4462320,2111184
492,2661408,3912448
493,4196048,3502896
494,4012656,4340208
495,4830528,3306224
496,3779936,3891888
497,4244224,4246640
498,4759808,5036848
499,5542288,4068768
500,4646288,3730848
501,4309488,3986880
502,4576208,3921424
503,3632624,3619088
504,4086656,3940096
505,4481952,3149840
506,3688144,2104176
507,2515120,4022576
508,4538528,3683872
509,4233152,4882592
510,5440976,4127120
511,4648560,2173696
512,2605344,4214768
513,4654832,3728960
514,4213136,4468256
515,5047728,3021104
516,3570720,3862336
517,4418704,3696832
518,4197792,2980016
519,3530848,3451440
520,4001072,5171184
521,5586000,3541280
522,4121712,3807984
523,4386944,2466256
524,3018336,3059072
525,3402432,3485360
526,3690960,3218912
527,3758928,3601344
528,4018528,4963520
529,5429440,4066944
530,4655744,4039184
531,4480000,4637776
532,5188656,3816496
533,4223632,5133168
534,5561776,4661552
535,4340224,4170928
536,4672592,2528832
537,3138176,4544544
538,4977728,3793056
539,3399776,3852144
540,4346512,4147680
541,4655104,3270800
542,3664720,3692800
543,4148208,4895376
544,4574016,5329232
545,5528096,4147600
546,3831280,3872976
547,4241008,4379888
548,4706592,4926640
549,5544528,3168848
550,3708752,3908688
551,4468992,3457408
552,4043824,3719504
553,4293920,4841792
554,5431920,3077248
555,3648048,4285792
556,4813440,3732448
557,4240160,4231024
558,4658432,3277424
559,3625536,4480848
560,4733008,3513440
561,4059040,2294576
562,2875968,3391920
563,3812000,2342688
564,2706240,3990032
565,4482464,3944304
566,4377328,4311536
567,3884064,3769104
568,4292064,4339664
569,4845216,4569632
570,5184224,3339408
571,3930960,4336448
572,4849280,3285728
573,3875232,3537600
574,3959040,5631472
575,6070480,3691328
576,4241392,2221120
577,2751936,3784144
578,4161136,2161408
579,2697840,4156560
580,4709344,3969616
581,4543248,4244848
582,3952800,3351792
583,3897248,3754880
584,4277392,3353824
585,3965488,3256928
586,3717296,3960208
587,4462688,3985920
588,3589872,3620592
589,4134464,4165840
590,4735648,3285024
591,3791824,5317744
592,5725472,4287120
593,4764640,2099712
594,2662960,4171024
595,4669296,3095056
596,3647728,4002800
597,4496848,6235376
598,4867968,5099792
599,5718192,3857536
600,4433920,4389952
601,4883120,4922272
602,5471280,4219088
603,4668400,2564992
604,2956016,3459024
605,4019552,2250560
606,2698480,3987792
607,4487904,2848816
608,3385088,3619136
609,4036272,4793616
610,5241584,3452224
611,4077824,3590608
612,4248912,3467280
613,4079216,3701344
614,4226592,5470720
615,6010256,3548112
616,4042816,2653072
617,3080400,3690624
618,4119840,2429648
619,2917280,3198736
620,3740544,2182048
621,2648864,3959504
622,4358592,3135360
623,3708192,2217408
624,2648928,4198544
625,4725184,3872496
626,4502176,3769072
627,3502704,4096768
628,4465600,4379344
629,4836896,5166224
630,5787184,4041184
631,4499824,3254256
632,3775152,3290576
633,3965104,2371840
634,2925232,3797232
635,4115600,5431280
636,6015424,4086832
637,4655152,3664528
638,4120352,4693904
639,5167184,3181632
640,3742128,4391872
641,4971248,3461776
642,4069008,3338608
643,3730144,4494000
644,5039104,3683536
645,4157488,4362112
646,4970512,5002576
647,5378864,3422624
648,3834736,3065728
649,3661888,3093856
650,3628272,4049744
651,4604960,3675600
652,4287008,3777552
653,4272784,4117136
654,3838304,4086800
655,4327456,3512384
656,4054400,2294784
657,2824496,4354064
658,4850720,3635872
659,4262400,4450528
660,4058976,4135808
661,4592272,3770832
662,4174896,4931664
663,5491680,4114064
664,4572880,3683872
665,4230736,3733536
666,4403104,4370832
667,5054112,3541984
668,4073120,3946928
669,4558304,3181376
670,3584944,2627088
671,3125680,2039776
672,2571264,3851664
673,4467696,3272432
674,3786864,2935600
675,3606576,3829248
676,4282448,4211712
677,4715408,4325120
678,4629008,3549248
679,4084832,2363136
680,2870544,3946736
681,4536688,2133744
682,2627040,3974080
683,4542864,2489024
684,2989792,3509568
685,4033536,2442096
686,3051600,3472816
687,3986656,3473664
688,4000688,4696208
689,5279472,3185760
690,3642928,3508800
691,4085888,4234944
692,4623424,3910944
693,4460944,4486496
694,3990944,3905328
695,4399840,3169552
696,3728384,2980832
697,3556512,2891408
698,3454720,3558976
699,4187504,3476112
700,4009056,4688768
701,5176224,3586208
702,4076176,4141552
703,4568656,2109456
704,2631504,3733872
705,4280672,3612288
706,4180576,3813184
707,4322368,4204064
708,3935152,3701120
709,4237808,4252608
710,4811568,3540576
711,4183424,4746240
712,5327984,4032992
713,4600224,3361904
714,3969664,2047056
715,2560224,4414640
716,4965744,4626416
717,5249504,3462672
718,4000064,3506160
719,3969584,4089168
720,4568320,4124704
721,4674272,4243792
722,4000064,3559536
723,4097568,3398448
724,3878400,3928208
725,4480048,4738192
726,5283904,3171248
727,3730656,3779920
728,4260560,4217984
729,4764352,5016480
730,5637888,3419600
731,4053616,4697776
732,5102080,5286912
733,5834512,3123824
734,3697120,4437776
735,4945312,2295776
736,2921392,2094464
737,2548960,3915264
738,4449104,2272160
739,2795200,4562592
740,5105072,4597760
741,5142944,3701824
742,4265408,4330464
743,4975568,3319168
744,3828496,3569568
745,4201536,4193936
746,4098688,4216416
747,4779072,3537584
748,4150224,3224944
749,3878720,3495248
750,4054464,4179536
751,4803392,3530560
752,4046400,4650128
753,5253104,3158480
754,3690528,3695152
755,4186320,4141904
756,4799168,2830176
757,3501824,3359568
758,3880352,3357248
759,3989184,4094080
760,4632016,3884688
761,4500240,4223856
762,4711712,3657856
763,4279328,3715296
764,4282224,3734480
765,4266144,3010096
766,3596144,3352736
767,3937904,3376080
768,3934336,4573808
769,5078496,3106352
770,3750736,3073792
771,3584704,1699824
772,2402896,3984272
773,3752432,2983312
774,3638432,4379024
775,5082240,3592672
776,4194656,3148304
777,3765808,3528352
778,4123840,4540096
779,5117584,3289376
780,3933312,3945616
781,4436912,3181632
782,3817872,4018768
783,4596352,4683088
784,5299376,3997024
785,4617488,4064640
786,4672560,3538512
787,4213296,3763840
788,3579344,3705840
789,4221824,4107840
790,4624976,3443408
791,4051168,3223088
792,3788480,3682832
793,4301904,4077312
794,4687456,3247840
795,3935504,3359184
796,3937680,3884448
797,4436816,3249760
798,3892480,2949248
799,3524400,4516272
800,5110832,3870288
801,3844032,3151776
802,3767712,3502336
803,4087280,4292096
804,4888784,3263936
805,3948912,3360944
806,3959536,4652768
807,5290864,3883344
808,4483872,4760272
809,5319296,4336912
810,5058112,4180848
811,4819920,3964384
812,4560784,3146672
813,3871472,3506848
814,4097088,4585680
815,4268800,6408304
816,6911968,3919984
817,4466000,4198320
818,4826128,3883760
819,4383776,4748512
820,4206448,4181952
821,4760576,3504704
822,4054512,4212416
823,4739680,3322688
824,3796800,3300176
825,3881728,3588608
826,3987840,4173600
827,4847504,3378816
828,3987680,3333296
829,3953040,4394624
830,5067024,3232848
831,3861600,4017184
832,4495968,4041792
833,4554416,3180752
834,3926816,4112032
835,4715920,3627360
836,4181632,4209664
837,4912224,3065264
838,3534416,3790976
839,4403168,3726352
840,4254784,4485200
841,4538240,4044688
842,3567520,4337216
843,4949216,5355712
844,4993984,6748320
845,6166096,3446480
846,3459248,4008160
847,4497840,4281584
848,10506720,5656160
849,4538224,3411664
850,4951728,3113504
851,3959552,3736960
852,3680256,4211888
853,4255824,4396016
854,4903088,3702736
855,4903408,3325888
856,4253728,4406928
857,3887600,3325824
858,5093920,3930544
859,3862624,3944736
860,4531392,3108512
861,4453456,3300368
862,3717184,3643280
863,3885616,3971488
864,4296448,3395888
865,3839888,4678912
866,4018624,3425216
867,5236256,2783472
868,4079696,3113696
869,3486000,3628832
870,3686048,3995792
871,4297232,3309776
872,3660560,3111280
873,3895520,4446288
874,3722128,3440000
875,4972720,4806192
876,4033408,3927040
877,5407584,4955584
878,4495280,4332880
879,5561584,4368976
880,3993104,3309520
881,4784464,3482784
882,3994528,4912176
883,4044976,3657488
884,5456608,4089696
885,4315664,4908096
886,4624752,4391824
887,5267328,3374192
888,4978160,3486048
889,3891504,3121072
890,4091664,4158880
891,3763888,3808144
892,4793776,3962032
893,4247280,3538208
894,4408624,3526048
895,4079744,4310800
896,4108624,3203232
897,4930352,3994256
898,3637376,4278896
899,4516816,3734992
900,4873104,5461456
901,4367024,3923456
902,5331008,4678384
903,4596352,3549136
904,5184864,4273744
905,4110272,3277520
906,4754112,3505968
907,3975744,4447360
908,4155536,3333040
909,5081456,4416096
910,3861664,3701632
911,4897216,4522400
912,4171680,4351728
913,5018928,3223712
914,4894208,3442224
915,3720464,3818288
916,4062592,4209456
917,4397712,3424912
918,4134400,4396752
919,4021520,3565008
920,4904128,4398160
921,4145216,3461968
922,5035456,4329168
923,4025008,3739952
924,4851296,4387392
925,4345312,4197232
926,4943616,4439584
927,4667408,4555792
928,4717664,3441696
929,5147184,4336336
930,4039136,3378512
931,4912608,3394032
932,4040352,4242096
933,3948576,3023312
934,4711344,3524496
935,3688288,3743600
936,4115392,3879008
937,4278512,3110672
938,4475088,3513392
939,3744736,4531264
940,4071696,3871008
941,5087584,4060896
942,4487248,3941024
943,4699584,4130720
944,4416960,3491184
945,3896832,4300352
946,4076608,3359808
947,4788304,3769376
948,3987552,4046688
949,4300176,3622208
950,3965696,3756192
951,4206624,3461536
952,4427360,3720592
953,4079856,4093104
954,4336832,3717232
955,4698544,4102032
956,4215632,3284912
957,4698768,3253968
958,3882512,3709344
959,3779584,4249600
960,4293824,3169680
961,4934448,5046720
962,3740064,3733648
963,5459456,4834432
964,4379488,4517360
965,4687632,4715264
966,5145152,3306800
967,5368624,4407328
968,3906192,3677088
969,4930864,3646480
970,4334176,4138336
971,4226288,3246592
972,3913600,3893120
973,3918928,3671264
974,4492032,3423456
975,4258800,5482512
976,4029536,4576896
977,6108576,4265504
978,5130064,3230896
979,4824976,3512928
980,3791888,4941648
981,3989280,5533216
982,5371456,4035584
983,6106288,3599056
984,4345184,4310144
985,4182192,4361344
986,4974672,3336560
987,4827296,3367584
988,3799600,3535216
989,3919888,4447712
990,4166640,3273072
991,4977600,4230256
992,3824912,3418592
993,4767232,3176064
994,3971552,3549856
995,3676416,4947776
996,4121264,3845760
997,5652224,3491120
998,4463744,3869648
999,3982944,4311216
1000,4453360,3876032
1001,4974592,3869120
1002,4435104,3441792
1003,4444288,3690384
1004,4044448,4344736
1005,4218448,4515088
1006,4208752,3948560
1007,5058608,4639104
1008,4619456,4101408
1009,4410528,3406720
1010,4702224,3544544
1011,4024720,4428656
1012,4150528,3931664
1013,5023536,4647856
1014,4538640,4950240
1015,5176848,4900048
1016,5594224,4962128
1017,5421472,4592144
1018,5508016,4010928
1019,5183776,4034352
1020,4492768,4509280
1021,4072304,3856576
1022,5028160,3582304
1023,4374336,5166992
1024,4203888,4349264
1025,4892000,4944016
1026,4945424,4096176
1027,5570000,4009440
1028,4658768,5006160
1029,4639216,4531760
1030,5658432,2987552
1031,5083584,3291712
1032,3521584,5010928
1033,3831680,4345984
1034,5521168,3831648
1035,4869216,5047568
1036,4406864,4499376
1037,5540480,3285120
1038,5045744,4787296
1039,3913504,4228608
1040,5276928,3429424
1041,4830704,3182080
1042,3948288,3586736
1043,3801264,4161520
1044,4209408,3218336
1045,4663008,3566464
1046,3877920,4350464
1047,4096240,3530240
1048,4960896,4741072
1049,4224368,4266336
1050,5395984,4509920
1051,4876864,4495744
1052,5070848,3446240
1053,4280320,4140304
1054,4118896,3141712
1055,4683216,3611424
1056,3759440,3373552
1057,4202704,4152576
1058,4098208,3592384
1059,3806384,4215440
1060,4278928,5065616
1061,4696064,8732464
1062,5586512,3203616
1063,9251312,3400080
1064,3797616,4868880
1065,3991168,4036464
1066,5475232,3589104
1067,4520464,3178624
1068,4227168,3428112
1069,3792320,3431392
1070,10930528,3718512
1071,4014704,4053440
1072,4042112,3617936
1073,4447056,4270624
1074,3781232,3188640
1075,4180864,3807632
1076,4936592,4469200
1077,3807616,4091072
1078,4409840,3922608
1079,4365408,4913840
1080,4682512,4161568
1081,4432016,3509264
1082,5424096,3862128
1083,4752368,4000240
1084,4063344,3365344
1085,4407152,3267632
1086,3865936,4282128
1087,3918736,3473072
1088,3935936,3055712
1089,4846096,3626656
1090,4074384,4334080
1091,3775312,2942480
1092,4228416,4049824
1093,4451792,3885600
1094,3579760,3332608
1095,4695520,4343744
1096,4599776,3769152
1097,3979216,4751664
1098,4816512,4758416
1099,4304736,3370240
1100,5036576,4026784
1101,5303424,3322096
1102,3990944,3520880
1103,4635328,4685536
1104,3828720,4604864
1105,4157008,3342720
1106,5253216,3458400
1107,5092576,4644384
1108,3872832,3861392
1109,4088976,4121920
1110,5316592,3852976
1111,4381104,3764848
1112,4713792,3844496
1113,4482320,4523200
1114,3699008,3670224
1115,4472720,4262912
1116,5185968,3689232
1117,4219744,4213184
1118,4987120,3872256
1119,4280624,4321712
1120,4787456,4350672
1121,4291552,5921696
1122,4966336,3118288
1123,4832256,3950720
1124,6548336,3603040
1125,3706384,3335408
1126,4428560,3583744
1127,4109952,4431840
1128,3913280,4240272
1129,4205488,3247040
1130,4249536,3098928
1131,4760528,3401520
1132,3848160,3322176
1133,3770784,4260032
1134,3985920,3493072
1135,3969296,4389680
1136,4963392,3236880
1137,3982288,3250864
1138,4986768,4456432
1139,3825280,3145536
1140,3796064,3558064
1141,5123664,4092208
1142,3652944,5543200
1143,4026624,3664032
1144,4576880,4189184
1145,6041936,3867728
1146,4122960,5468992
1147,4582592,3769056
1148,4371520,3298560
1149,5312496,5309872
1150,4304464,4577104
1151,3884128,5009008
1152,5672896,3386176
1153,5172096,3872560
1154,5603984,3411024
1155,4005776,2020800
1156,4453952,4150560
1157,3989632,3444704
1158,2628160,4467136
1159,4589120,3490192
1160,4052128,4174512
1161,5037648,3220576
1162,4019664,3349776
1163,4456192,5351056
1164,3847168,4279440
1165,3911536,3631168
1166,5918864,4262144
1167,4777376,4196432
1168,4171264,3840960
1169,4770784,3663600
1170,4602784,4325408
1171,4401632,3702016
1172,4178512,4180160
1173,4863888,3342128
1174,4105824,3762400
1175,4600864,4614192
1176,3921728,3712976
1177,4278976,3813488
1178,4305456,3486176
1179,4314240,5023168
1180,4138352,4050224
1181,4042128,3156976
1182,5502976,3880480
1183,4594416,4801920
1184,3705136,3415568
1185,4264640,3999280
1186,5356384,2327200
1187,3930912,3937664
1188,4646832,3476976
1189,2762928,4597104
1190,4322768,3699408
1191,4069136,4272272
1192,5090400,3780496
1193,4124480,4167808
1194,4753152,3436592
1195,4347728,3599616
1196,3904928,4267248
1197,4002144,4724048
1198,4198768,3839840
1199,4805808,3934816
1200,5373024,2282320
1201,4353088,4414432
1202,4495712,5025360
1203,2896016,3544240
1204,4986864,4212304
1205,5566224,3858928
1206,4102048,5320976
1207,4742480,3811616
1208,4505104,5260160
1209,4686224,4102768
1210,4209888,3408112
1211,5747312,3625344
1212,4591824,4662704
1213,3959072,4139472
1214,4206560,3408720
1215,4296480,3547920
1216,4629552,4534400
1217,3929376,3990400
1218,4091648,4562016
1219,5003984,4514592
1220,4486912,3621568
1221,4977024,4402400
1222,5091968,3434544
1223,4143552,5522256
1224,4941744,4164128
1225,3998144,3936784
1226,6053760,4498656
1227,4686656,4173520
1228,4452256,3310880
1229,4226880,3988656
1230,4734464,4299920
1231,3984144,4373088
1232,4545088,3564848
1233,3948736,4995072
1234,4851648,4284784
1235,4217136,3304992
1236,5642752,3324416
1237,4762960,3448160
1238,3844656,4166464
1239,3792384,3423440
1240,4128560,3711280
1241,3786000,3848080
1242,3953680,2395856
1243,4322928,3708272
1244,4420656,3324912
1245,2826592,8629024
1246,4122240,4488960
1247,3932608,3848768
1248,12213248,6288688
1249,8017968,6910032
1250,5050464,4903968
1251,4305856,5560032
1252,6780000,5367552
1253,7171904,3281792
1254,19876656,3492464
1255,11661344,5210272
1256,5379056,3404672
1257,6055328,4128544
1258,4794400,2477488
1259,3852464,4726912
1260,4018880,4323232
1261,5782096,3487424
1262,3965104,4145152
1263,4554560,2977056
1264,2935904,3558144
1265,5160976,4534176
1266,3931760,3086704
1267,4041456,3838784
1268,4613424,3970752
1269,3544640,3420528
1270,4159792,3896880
1271,5036176,4595520
1272,3636320,4255040
1273,4144640,3554016
1274,4621568,4181248
1275,3874880,4132080
1276,4477344,3453632
1277,4163808,3683744
1278,4774704,3443056
1279,4151424,4436336
1280,4751104,3142400
1281,4646304,3278288
1282,4026480,3155584
1283,4281632,2985808
1284,4050592,3974752
1285,4926192,4532784
1286,3663024,4442960
1287,3839312,3447408
1288,3641504,3734736
1289,3477792,3406624
1290,4458752,3591504
1291,5111840,4317760
1292,4150432,3444432
1293,3944848,3859328
1294,4274960,3810768
1295,3998192,5296656
1296,4225504,3155680
1297,4870208,4464064
1298,3924352,3679184
1299,4465744,4380288
1300,4411312,3619520
1301,5790192,4115504
1302,3702336,3130352
1303,4686288,3328016
1304,4213232,4852368
1305,5016352,4360832
1306,4028224,3072400
1307,4487024,3682848
1308,3680736,4022256
1309,3859040,4413952
1310,5568544,4123024
1311,4929728,3733088
1312,3587504,5908928
1313,4201184,4057760
1314,4570496,4525568
1315,3997120,3410912
1316,4640368,4861248
1317,4186432,4877104
1318,6380464,4617840
1319,4643152,3547344
1320,5019808,3763120
1321,3949936,4222912
1322,5386352,3533360
1323,5480224,4077936
1324,5096176,3821664
1325,4008784,4353872
1326,4270560,4514112
1327,3980704,3327008
1328,4094880,3520208
1329,4536720,3607312
1330,4349536,5465616
1331,4063824,3396816
1332,5071936,3446400
1333,3889312,4593408
1334,4000432,4101888
1335,4128192,4318752
1336,4598288,5669536
1337,3938016,3882096
1338,3965472,3674128
1339,5132016,4453312
1340,4643424,3214528
1341,4899296,3677328
1342,6128784,4138352
1343,4338720,3702752
1344,4126400,4610880
1345,5028512,4137600
1346,3838256,3492912
1347,4202752,3622144
1348,4650432,4372688
1349,4276816,3624528
1350,4347840,4740400
1351,4725968,4865728
1352,4049344,3451120
1353,4131312,4210112
1354,4921376,3686352
1355,4147776,5300192
1356,5046096,4333552
1357,5485440,4958912
1358,4088656,4188112
1359,4613824,3349584
1360,4239600,3563744
1361,5842704,4710880
1362,4920544,3502320
1363,5450256,4265488
1364,4741520,3540736
1365,3839520,4974480
1366,4045296,4163184
1367,5279680,3928544
1368,4090336,5338608
1369,4829440,4541152
1370,4098032,4816512
1371,5449504,4379968
1372,4618448,3497136
1373,4431552,3626176
1374,5825664,4758832
1375,4943600,4520960
1376,5302400,2433680
1377,4923920,3538368
1378,3976176,3470384
1379,4136320,4956208
1380,5285584,3645744
1381,4938144,3759296
1382,2931632,3641824
1383,4066240,4774400
1384,4025312,4501856
1385,5528144,3522368
1386,4159472,3887408
1387,4272368,4434000
1388,4245248,3665488
1389,5404736,3914624
1390,4940560,3007168
1391,4097824,3762416
1392,4406144,4525248
1393,3934736,3470160
1394,4163904,4459920
1395,4381408,3386256
1396,3569008,4448496
1397,4323616,3518880
1398,3892112,3378688
1399,4002560,4345088
1400,4843440,4681776
1401,4080640,3271024
1402,4045088,4464320
1403,3996352,3510768
1404,3882928,3831824
1405,4872336,4851120
1406,5279920,3982800
1407,3822656,3496944
1408,5058400,5121088
1409,4019504,4415856
1410,4380448,3453584
1411,4423152,5081568
1412,4526640,4530832
1413,4024752,3451456
1414,5750400,4810688
1415,4892736,3670000
1416,4089616,4124192
1417,5713296,3418656
1418,4994384,4995472
1419,4034672,4029632
1420,5356432,3976896
1421,4290880,4370448
1422,4644480,3935856
1423,3893584,3912288
1424,5524208,3318496
1425,4623648,3929584
1426,4446368,5691296
1427,4902080,4002704
1428,4319424,4409456
1429,4335472,3452336
1430,3752384,4498656
1431,4490352,3768880
1432,4840512,4237872
1433,4489280,3795520
1434,4984736,4437920
1435,4012704,5018832
1436,4940464,3369312
1437,4186160,4160816
1438,3945696,2288160
1439,4042080,3991376
1440,4860880,3180848
1441,5622496,3197616
1442,3890432,4642624
1443,4749200,3504512
1444,2763776,4056720
1445,4473472,3175152
1446,3723424,2686192
1447,3894528,3441136
1448,5202944,3984080
1449,4078032,4731616
1450,4585744,3195744
1451,3817216,3595408
1452,3265584,3438576
1453,3938880,3846304
1454,4290528,4170928
1455,4677904,4126592
1456,3789280,4562928
1457,4150832,5149120
1458,3998064,4615440
1459,4321120,5376752
1460,4830096,3660240
1461,4502016,3836480
1462,5096688,4964096
1463,5683008,3173120
1464,5062048,6985296
1465,5942944,2934512
1466,4129344,3707360
1467,4477168,3756720
1468,5586800,3152512
1469,3852672,2385280
1470,7430304,3724448
1471,3572976,4654384
1472,4315536,3317312
1473,4130976,3467904
1474,3836176,4503824
1475,2993808,1836528
1476,4272464,4283440
1477,5162720,2691136
1478,3682560,3414736
1479,3964624,3289456
1480,5045232,4457856
1481,2398144,3379776
1482,4812688,3175536
1483,3273104,4598256
1484,3942592,2335824
1485,3897792,3060864
1486,5118240,3330656
1487,3947280,2958544
1488,3777536,2866848
1489,4895792,3264928
1490,2962480,2819584
1491,3538816,2992848
1492,3835392,3777216
1493,3508160,4265088
1494,3562656,3434672
1495,3783712,2874704
1496,3416544,3533360
1497,3677088,5005168
1498,4280080,4808592
1499,4793904,4114816
1500,3885024,3227152
1501,3417360,3626368
1502,4020832,4644576
1503,5569664,3576912
1504,5192032,3897328
1505,4658352,3762256
1506,3727520,4707424
1507,4270240,7651008
1508,5264528,4290144
1509,4101424,4177664
1510,4485648,5904800
1511,4300848,3731632
1512,5098000,4525392
1513,8179664,3329664
1514,4710624,4901648
1515,4729120,4401376
1516,5530352,3403552
1517,4288816,4627728
1518,4235296,3565584
1519,3859104,4771440
1520,5404976,3162384
1521,4907232,4107264
1522,3845104,3435136
1523,5124240,3473184
1524,4063616,4806096
1525,5277280,5819056
1526,3681776,3592544
1527,4600768,3779136
1528,3984416,4572720
1529,4021216,3777056
1530,5337376,4235360
1531,6426784,3656992
1532,3369840,4970800
1533,4165552,4502432
1534,5054544,4481984
1535,4311344,3729536
1536,4038336,5076048
1537,4146176,4051072
1538,5326800,2300848
1539,5058096,4449088
1540,5009104,3831904
1541,4347312,3645728
1542,5720512,3658736
1543,4554432,4202704
1544,2798896,3177600
1545,4881520,3680960
1546,4476640,4456896
1547,3426656,3295552
1548,4110352,4586160
1549,4610272,3254960
1550,3706640,2469712
1551,4353792,3492912
1552,5082352,3788784
1553,3919392,4269680
1554,5135424,3591104
1555,3891040,4384624
1556,3036272,5265680
1557,4026640,5342848
1558,4359216,4873536
1559,3744896,4773888
1560,4136112,4742448
1561,4734736,3430176
1562,5806672,4290944
1563,5869520,4024448
1564,4257344,4586176
1565,5236048,3388752
1566,5205344,3738064
1567,3935808,3433408
1568,4649952,3811136
1569,4694000,4040208
1570,5281840,3312512
1571,3996112,4104912
1572,4425264,3819472
1573,3952096,2136096
1574,4424928,3291600
1575,3929952,3209232
1576,3805216,3848336
1577,4657376,4804656
1578,4233584,4530816
1579,2614624,4193232
1580,3814160,4906192
1581,3829072,4385136
1582,4445216,4926112
1583,5213104,4492256
1584,5048432,3642688
1585,4914592,5259376
1586,4108496,6952176
1587,4925728,4048592
1588,5460336,2768096
1589,5055920,6378448
1590,4115248,3969072
1591,5810080,3687264
1592,7069760,6073936
1593,4600688,3720080
1594,3100496,5750064
1595,6870064,4261392
1596,4243616,4540992
1597,4186256,3648240
1598,4862368,3630960
1599,4253504,3971104
1600,6451344,2319904
1601,4780144,3568352
1602,4990544,2556000
1603,4099360,3509648
1604,4247968,3924656
1605,4500944,4136640
1606,2915968,3453008
1607,4107600,4491360
1608,3040464,3908128
1609,4087152,4018336
1610,4501424,3147968
1611,3821248,3018496
1612,4026816,2972128
1613,5046880,3183200
1614,4413184,3371792
1615,3985568,3844112
1616,3663920,3299680
1617,3557424,3203440
1618,3399328,3678208
1619,3747104,3402464
1620,3995216,4017088
1621,4245568,3209360
1622,3851360,2973248
1623,3874896,3224976
1624,4156176,4525680
1625,4051520,3519120
1626,3746048,4961824
1627,3657152,4435232
1628,3582848,3970880
1629,3718272,4528208
1630,5160128,3412672
1631,4051056,4410704
1632,5457440,4992960
1633,4978688,3575712
1634,4490064,4282464
1635,4309824,5808032
1636,4008816,3892384
1637,4964176,3120240
1638,5439744,3738288
1639,4222544,4622176
1640,4824880,5835696
1641,6337744,4964128
1642,4401680,6849552
1643,3668480,4830912
1644,4258896,7159744
1645,5237056,6478192
1646,6326800,5568976
1647,4607504,6538480
1648,7161168,4426208
1649,5314896,3830992
1650,6846992,8671792
1651,5362384,6332384
1652,6160480,4146192
1653,7049200,5664528
1654,5002480,5179040
1655,4348608,5996976
1656,13196416,7712000
1657,9171088,6292208
1658,6940240,5386256
1659,4516128,8700560
1660,4817440,7636128
1661,5210848,5805504
1662,5712416,3308112
1663,8425008,3184576
1664,4714720,3420752
1665,4624208,4409040
1666,9259840,3475264
1667,8026464,4212864
1668,5511248,3759456
1669,4005872,3339952
1670,3841056,3917488
1671,3997584,3188208
1672,5032400,3382272
1673,4030912,4135584
1674,4753456,3409136
1675,4449536,3652608
1676,4074880,4818496
1677,3619888,4502320
1678,3565680,3140320
1679,3979168,3629104
1680,4785920,4102400
1681,4082128,3779680
1682,4080576,3874672
1683,5385536,3613680
1684,4992432,3433424
1685,3729776,4520352
1686,4203904,3406384
1687,4810848,4499248
1688,4174496,3601520
1689,4535744,5185456
1690,4322688,4086864
1691,4062000,3284512
1692,5167024,3564944
1693,3993168,4026928
1694,5001504,3400048
1695,4143584,5006208
1696,5849104,3447952
1697,4718544,4760224
1698,3959952,3134768
1699,4142800,3994592
1700,4622528,3594624
1701,4036704,3446336
1702,5393200,5018592
1703,3952528,4103552
1704,5407744,3964144
1705,3844000,3428560
1706,4572560,4772736
1707,4283808,3757936
1708,3938496,4616160
1709,5692528,4540032
1710,4735280,3782672
1711,4699952,3395840
1712,4148128,3686928
1713,4449904,4592656
1714,4219232,3231248
1715,5172416,4607376
1716,4274304,3577936
1717,4355424,4571136
1718,3998752,3165216
1719,4325136,5204032
1720,5241248,5101248
1721,3750800,4949520
1722,5172224,4436944
1723,4112384,2772496
1724,5247728,3580512
1725,3750496,4476864
1726,5783904,3289296
1727,5780864,3062800
1728,5671248,3221840
1729,5099360,3852896
1730,3416672,4159520
1731,4057504,3728480
1732,5015312,3888720
1733,3759264,3012304
1734,3703408,3714000
1735,3788608,4152592
1736,4444512,3588880
1737,3837568,4345856
1738,4408112,3308080
1739,4486224,3437808
1740,3643504,4957808
1741,4234384,4336832
1742,4871040,3699424
1743,4121088,4584832
1744,4943088,4436912
1745,3983760,3728592
1746,3992960,3314352
1747,5629312,4199200
1748,4817584,3354864
1749,4137680,4190304
1750,5254096,3441232
1751,4859536,3769280
1752,4331216,5369216
1753,3971776,4384288
1754,4738736,4992256
1755,4039648,4010736
1756,4559040,4500368
1757,3937904,4681872
1758,4437600,4149360
1759,6055888,3680704
1760,4775680,4989888
1761,5362560,4215888
1762,4640880,3911264
1763,5095136,5588832
1764,4209392,4346768
1765,4657872,3432928
1766,4242576,3948880
1767,5624112,3037520
1768,4809136,3134992
1769,4469920,3572256
1770,6058064,3998320
1771,4827872,3920000
1772,4129088,4267856
1773,3752080,3345872
1774,3523344,3431568
1775,3637168,4036032
1776,4107984,3430992
1777,4486768,3638832
1778,4542896,4671488
1779,4671696,3311280
1780,3949984,4063152
1781,3899616,3434992
1782,4749552,3053104
1783,3934240,3736336
1784,4178880,4648736
1785,5304544,4546560
1786,3983040,3423472
1787,4495552,4334016
1788,4080832,3334064
1789,3534112,3783504
1790,4386816,4128208
1791,4457840,3386960
1792,5068016,3231856
1793,4044256,4644528
1794,4940736,4093872
1795,3844176,3272832
1796,4266624,3392272
1797,4698080,3480688
1798,3969280,4302944
1799,3980320,3688080
1800,5173968,4519728
1801,4741584,3671024
1802,3949104,4938112
1803,3964480,4279568
1804,4023040,3150240
1805,4894256,3616224
1806,4230176,5646400
1807,5154064,3684448
1808,4281792,2451680
1809,5542720,3298896
1810,4845248,3697280
1811,3802608,4253104
1812,4155936,3745424
1813,6235728,3962496
1814,4292176,3900288
1815,3056112,3436960
1816,3943456,5229040
1817,4367200,3527968
1818,4911136,3375056
1819,4110320,3274224
1820,4587520,3697232
1821,4578144,4242064
1822,4122448,4278048
1823,5053824,3278688
1824,4081488,3741728
1825,4015856,4876784
1826,3822496,4382976
1827,4366432,3163504
1828,4086224,3083968
1829,4742688,3388944
1830,3840800,5137168
1831,4326848,4115040
1832,5539856,3203136
1833,5003600,3721888
1834,3777312,4325920
1835,3691408,3949056
1836,3999984,4530192
1837,5736304,4822432
1838,4717968,3372880
1839,3804272,4055040
1840,4383648,3267504
1841,4724000,3591120
1842,4389120,4485600
1843,4994144,4483440
1844,5423216,4742928
1845,4001136,4132592
1846,4634352,3495776
1847,3807680,3776672
1848,3997088,3655984
1849,4969616,3514032
1850,4742176,4042032
1851,5432528,3734080
1852,3814064,3787600
1853,4075296,4540816
1854,4420960,4105408
1855,4259312,3370832
1856,4071264,4343136
1857,4741552,3087456
1858,4156656,3086192
1859,4441072,3277072
1860,5077376,3330096
1861,3881440,4727760
1862,3966320,4339328
1863,4907040,3776416
1864,3732848,5082624
1865,3746208,3858992
1866,3955616,3285632
1867,3939504,4288240
1868,5372688,4606672
1869,4764128,3445952
1870,4192720,4225424
1871,5716592,3061440
1872,4389872,5154112
1873,3618528,3154944
1874,4815648,4595584
1875,4136464,4083952
1876,3922560,4088112
1877,4755648,3041696
1878,3656304,3735040
1879,5748352,4096224
1880,3745360,3362608
1881,5038304,4811552
1882,4641328,3288528
1883,3914480,4402352
1884,3679232,4020368
1885,4296672,4134960
1886,4632560,3653904
1887,3953456,4019712
1888,5300864,3916016
1889,3897168,4577488
1890,4882592,3040032
1891,4488896,3802656
1892,3805648,4998752
1893,4199824,4608080
1894,4657168,3949536
1895,4551072,3337008
1896,5167936,3990304
1897,3536048,4436048
1898,4311152,3587760
1899,5570304,3971616
1900,4325600,3430720
1901,4567904,5071568
1902,3973600,4004208
1903,4573424,3454192
1904,4000000,4040080
1905,4107952,4270784
1906,4549328,2995008
1907,4103024,3254672
1908,5697728,4419568
1909,4490432,3406416
1910,3958384,5014816
1911,4642512,4290384
1912,3821056,3471456
1913,3633232,3567408
1914,3865808,4644640
1915,4879184,3517840
1916,4017024,4437424
1917,5555424,4788736
1918,4859600,3945792
1919,4054432,4471568
1920,4156000,6520912
1921,5240208,3671424
1922,3896736,4088048
1923,4827728,3771872
1924,5321648,3925040
1925,4448224,4068160
1926,4975488,4816032
1927,7076096,3283936
1928,4257024,4422928
1929,4693840,1989248
1930,4279056,3868368
1931,4427744,2553152
1932,4615696,3544448
1933,5340624,3291296
1934,3711792,3794240
1935,4790880,5757552
1936,2561392,3311840
1937,4458448,3682144
1938,3037888,4611136
1939,3945568,4197744
1940,3875408,3273744
1941,4344048,3165360
1942,5408368,3131360
1943,3842160,3535648
1944,4205168,4717808
1945,5262848,4610720
1946,4829728,3321280
1947,3992320,3669696
1948,3737152,4079040
1949,3738000,4797616
1950,4173600,3527952
1951,5428416,4323568
1952,5279008,3572208
1953,3899072,4138560
1954,4349696,2922144
1955,4010128,3052512
1956,5250160,3289456
1957,4033168,3334928
1958,4964560,3341792
1959,4095616,4669520
1960,4684208,4169184
1961,3570256,3513632
1962,3734192,2938768
1963,3891936,3274144
1964,3985936,3345232
1965,3948448,4669440
1966,5299456,5417760
1967,4763216,5380176
1968,4092800,4229792
1969,3468704,3385248
1970,3922176,5124384
1971,3996032,3938816
1972,5364656,3211744
1973,5890160,3157424
1974,5925728,3221024
1975,4549360,3253040
1976,3985808,4783424
1977,5720256,3433840
1978,4462192,4085456
1979,3858608,3425456
1980,3818544,3630656
1981,3824672,4575280
1982,3784304,4190064
1983,5395920,3358096
1984,3978224,2873296
1985,4634928,3737808
1986,4044560,4953264
1987,4190800,4130288
1988,5255136,3748448
1989,4831968,3606736
1990,3884096,4060416
1991,3550464,2943072
1992,4361280,3672832
1993,5510672,0
1994,4764352,0
1995,4355728,0
1996,4271920,0
1997,3834128,0
1998,3524752,0
1999,4097536,0
===CSV_END===
=========================================
HI_NET_PING_DONE run=8
