========================================
Signal Sender Workload (Synchronized)
========================================
Initializing shared memory...
Waiting for speedometer to register...
Found speedometer in shared memory!
Sending START command to speedometer: START: 30;5;20

Running workload signal period for 30 seconds...

Workload signal period completed.
Sending STOP command to speedometer...
Waiting for statistics from speedometer...

Stress workload terminated.
===VMSTAT_START===
procs -----------memory---------- ---swap-- -----io---- -system-- ------cpu-----
 r  b   swpd   free   buff  cache   si   so    bi    bo   in   cs us sy id wa st
 4  0      0 392672  11768  35320    0    0   113     9  224  155 59 16 24  0  0
 5  0      0 392548  11768  35324    0    0     0     0  353  260 60  3 38  0  0
 5  0      0 392548  11768  35324    0    0     0     0  417  245 75  2 23  0  0
 4  0      0 392548  11768  35324    0    0     0     0  422  252 77  2 21  0  0
 4  0      0 392548  11768  35324    0    0     0     0  419  261 76  1 22  0  0
 4  0      0 392548  11768  35324    0    0     0    88  411  256 74  2 23  1  0
 4  0      0 392548  11768  35324    0    0     0     0  409  269 73  2 26  0  0
 4  0      0 392548  11768  35324    0    0     0     0  406  275 72  2 27  0  0
 4  0      0 392548  11768  35324    0    0     0     0  414  265 76  1 23  0  0
 4  0      0 392548  11768  35324    0    0     0     0  406  247 74  2 24  0  0
 4  0      0 392548  11768  35324    0    0     0     0  408  267 73  2 25  0  0
 4  0      0 392548  11768  35324    0    0     0     0  408  269 74  2 24  0  0
 4  0      0 392548  11768  35324    0    0     0     0  416  268 76  2 23  0  0
 4  0      0 392548  11768  35324    0    0     0     0  416  273 75  2 23  0  0
 5  0      0 392548  11768  35324    0    0     0     0  409  256 73  2 25  0  0
 4  0      0 392548  11768  35324    0    0     0     0  417  257 76  2 23  0  0
 4  0      0 392548  11768  35324    0    0     0     0  408  268 72  3 25  0  0
 4  0      0 392548  11768  35324    0    0     0     0  419  278 76  1 23  0  0
 4  0      0 392548  11768  35324    0    0     0    16  425  274 76  2 23  0  0
 4  0      0 392548  11768  35324    0    0     0     0  393  272 70  2 28  0  0
 4  0      0 392548  11768  35324    0    0     0     0  401  263 72  2 26  0  0
 4  0      0 392548  11768  35324    0    0     0     0  357  267 61  2 37  0  0
 4  0      0 392548  11768  35324    0    0     0     0  389  272 71  1 28  0  0
 4  0      0 392548  11768  35324    0    0     0     0  388  262 69  3 29  0  0
 4  0      0 392548  11768  35324    0    0     0     0  331  280 57  1 41  0  0
 4  0      0 392548  11768  35324    0    0     0     0  400  261 73  1 26  0  0
 4  0      0 392548  11768  35324    0    0     0     0  430  260 76  3 21  0  0
 4  0      0 392548  11768  35324    0    0     0     0  380  262 67  2 31  0  0
 4  0      0 392548  11768  35324    0    0     0     0  365  264 64  1 35  0  0
 4  0      0 392548  11768  35324    0    0     0     0  342  266 60  1 39  0  0
 4  0      0 392548  11768  35324    0    0     0     0  372  263 63  5 32  0  0
 5  0      0 392548  11768  35324    0    0     0     0  329  241 48 11 41  0  0
 5  0      0 392548  11768  35324    0    0     0     0  305  221 38 14 49  0  0
===VMSTAT_END===
========== SPEEDOMETER RT APPLICATION RESULTS ==========
Test Configuration:
Period: 50.000 ms
Deadline: 5.000 ms
RT Priority: 99 (SCHED_FIFO)
Execution Statistics:
Total cycles: 599
Deadline misses: 3 (0.501%)
Execution Time (μs):
Mean: 316.812
Min: 151.552
Max: 2339.120
50th percentile: 197.024
95th percentile: 1238.800
99th percentile: 1567.568
99.9th percentile: 2339.120
Jitter (μs):
Mean: 2379.258
Min: 1185.168
Max: 15704.240
Response Time (μs):
Mean: 2696.069
Min: 1379.920
Max: 15875.632
50th percentile: 2833.168
95th percentile: 3213.056
99th percentile: 3636.864
99.9th percentile: 15875.632
========================================================
[  157.912747] SDK:handler_do_el0_svc_pre: syscall __NR_futex (98) is not allowed
[  158.320225] SDK:handler_do_el0_svc_pre: syscall __NR_munmap (215) is not allowed
[  158.326743] SDK:handler_do_el0_svc_pre: syscall __NR_wait4 (260) is not allowed
[  158.334009] SDK:handler_do_el0_svc_pre: syscall __NR_munmap (215) is not allowed
[  158.340991] SDK:handler_do_el0_svc_pre: syscall __NR_rt_sigprocmask (135) is not allowed
[  158.348296] SDK:handler_do_el0_svc_pre: syscall __NR_futex (98) is not allowed
[  158.354918] SDK:handler_do_el0_svc_pre: syscall __NR_exit (93) is not allowed
[  158.356428] SDK:handler_do_el0_svc_pre: syscall __NR_futex (98) is not allowed
[  158.370121] SDK:handler_do_el0_svc_pre: syscall __NR_munmap (215) is not allowed
===VMSTAT_START===
procs -----------memory---------- ---swap-- -----io---- -system-- ------cpu-----
r  b   swpd   free   buff  cache   si   so    bi    bo   in   cs us sy id wa st
1  0      0  68728    512   9820    0    0     0     0   62   62  0  5 94  1  0
0  0      0  68584    512   9820    0    0     0     0   43   62  0  1 99  0  0
0  0      0  68568    512   9820    0    0     0     0   48   62  1  1 98  0  0
0  0      0  68568    512   9820    0    0     0     0   49   54  1  1 98  0  0
0  0      0  68568    512   9820    0    0     0     0   43   55  1  1 98  0  0
0  0      0  68568    512   9820    0    0     0     0   48   62  0  2 98  0  0
0  0      0  68568    512   9820    0    0     0     0   40   54  0  1 99  0  0
0  0      0  68568    512   9820    0    0     0     0   51   57  1  2 98  0  0
0  0      0  68568    512   9820    0    0     0     0   44   56  0  1 99  0  0
0  0      0  68568    512   9820    0    0     0     0   46   60  1  1 98  0  0
0  0      0  68568    512   9820    0    0     0     0   42   58  0  2 98  0  0
0  0      0  68568    512   9820    0    0     0     0   48   56  0  2 98  0  0
0  0      0  68568    512   9820    0    0     0     0   45   55  0  1 99  0  0
0  0      0  68568    512   9820    0    0     0     0   60   69  0  3 97  0  0
0  0      0  68568    512   9820    0    0     0     0   51   53  0  2 98  0  0
0  0      0  68568    512   9820    0    0     0     0   44   59  1  1 99  0  0
0  0      0  68568    512   9820    0    0     0     0   39   55  0  1 99  0  0
0  0      0  68568    512   9820    0    0     0     0   48   68  1  1 98  0  0
0  0      0  68568    512   9820    0    0     0     0   42   53  0  2 98  0  0
0  0      0  68568    512   9820    0    0     0     0   44   57  1  0 99  0  0
0  0      0  68568    512   9820    0    0     0     0   40   53  1  1 98  0  0
0  0      0  68568    512   9820    0    0     0     0   52   63  0  2 98  0  0
0  0      0  68568    512   9820    0    0     0     0   45   59  0  1 99  0  0
0  0      0  68568    512   9820    0    0     0     0   48   55  0  2 98  0  0
1  0      0  68568    512   9820    0    0     0     0   49   58  1  2 98  0  0
0  0      0  68568    512   9820    0    0     0     0   49   59  1  1 98  0  0
0  0      0  68568    512   9820    0    0     0     0   44   59  0  2 98  0  0
0  0      0  68568    512   9820    0    0     0     0   44   65  0  2 98  0  0
0  0      0  68568    512   9820    0    0     0     0   50   58  0  1 99  0  0
2  0      0  68568    512   9820    0    0     0     0   60   70  1  2 97  0  0
0  0      0  68556    512   9820    0    0     0     0  134   35  1  7 92  0  0
===VMSTAT_END===
===CSV_START===
cycle,timestamp_s,execution_time_us,jitter_us,response_time_us,deadline_miss
1,0.051446,337.296,1445.520,1782.816,0
2,0.101642,1107.840,1641.712,2749.552,0
3,0.152984,215.072,2984.064,3199.136,0
4,0.203022,248.528,3022.480,3271.008,0
5,0.251901,156.912,1901.472,2058.384,0
6,0.302609,284.880,2609.152,2894.032,0
7,0.352672,202.928,2672.064,2874.992,0
8,0.402829,250.928,2828.768,3079.696,0
9,0.452026,156.112,2025.744,2181.856,0
10,0.502699,201.952,2698.704,2900.656,0
11,0.552658,166.928,2657.776,2824.704,0
12,0.602611,162.704,2611.056,2773.760,0
13,0.652668,155.072,2667.632,2822.704,0
14,0.702732,305.968,2731.744,3037.712,0
15,0.751722,154.080,1722.112,1876.192,0
16,0.802603,209.808,2603.424,2813.232,0
17,0.852619,206.592,2619.216,2825.808,0
18,0.901664,1162.784,1664.352,2827.136,0
19,0.951857,152.080,1856.896,2008.976,0
20,1.002698,197.760,2697.968,2895.728,0
21,1.052866,165.056,2866.192,3031.248,0
22,1.101708,315.440,1708.256,2023.696,0
23,1.151915,152.128,1914.912,2067.040,0
24,1.202739,297.152,2739.056,3036.208,0
25,1.251920,152.736,1920.464,2073.200,0
26,1.302726,182.240,2726.256,2908.496,0
27,1.352665,201.264,2665.104,2866.368,0
28,1.402917,218.336,2917.008,3135.344,0
29,1.451684,157.472,1684.272,1841.744,0
30,1.501662,1119.216,1662.480,2781.696,0
31,1.551857,152.688,1856.944,2009.632,0
32,1.602612,254.208,2611.984,2866.192,0
33,1.652655,175.472,2654.944,2830.416,0
34,1.701607,1533.888,1607.008,3140.896,0
35,1.752009,177.728,2009.376,2187.104,0
36,1.802701,226.912,2700.608,2927.520,0
37,1.852854,165.488,2854.096,3019.584,0
38,1.901876,298.928,1876.368,2175.296,0
39,1.952315,248.800,2314.832,2563.632,0
40,2.001679,1195.408,1679.184,2874.592,0
41,2.052674,181.104,2674.064,2855.168,0
42,2.102748,268.496,2748.256,3016.752,0
43,2.151813,153.408,1813.232,1966.640,0
44,2.203248,200.400,3248.112,3448.512,0
45,2.252037,176.672,2036.576,2213.248,0
46,2.302690,230.000,2689.568,2919.568,0
47,2.352715,165.632,2715.312,2880.944,0
48,2.401669,243.968,1669.232,1913.200,0
49,2.452667,170.400,2666.752,2837.152,0
50,2.501663,1195.664,1662.640,2858.304,0
51,2.552613,193.184,2613.376,2806.560,0
52,2.601631,1257.776,1630.720,2888.496,0
53,2.652644,261.744,2643.888,2905.632,0
54,2.701711,227.584,1710.784,1938.368,0
55,2.752598,234.544,2598.496,2833.040,0
56,2.801718,336.720,1717.744,2054.464,0
57,2.852692,155.424,2692.256,2847.680,0
58,2.902664,212.576,2664.032,2876.608,0
59,2.952637,177.616,2636.688,2814.304,0
60,3.002907,194.032,2907.104,3101.136,0
61,3.052665,189.040,2664.816,2853.856,0
62,3.101604,1328.096,1604.048,2932.144,0
63,3.152625,183.472,2624.576,2808.048,0
64,3.201669,256.624,1669.024,1925.648,0
65,3.252665,159.328,2664.528,2823.856,0
66,3.301614,1244.528,1613.584,2858.112,0
67,3.352668,157.264,2667.760,2825.024,0
68,3.402888,278.176,2888.400,3166.576,0
69,3.451719,155.744,1719.408,1875.152,0
70,3.501684,312.976,1684.144,1997.120,0
71,3.552656,203.440,2656.192,2859.632,0
72,3.602885,179.840,2885.008,3064.848,0
73,3.652685,232.928,2684.928,2917.856,0
74,3.702701,176.768,2700.976,2877.744,0
75,3.752617,157.072,2616.896,2773.968,0
76,3.801684,217.536,1684.240,1901.776,0
77,3.852660,158.128,2659.760,2817.888,0
78,3.901886,349.824,1886.368,2236.192,0
79,3.951724,163.232,1724.384,1887.616,0
80,4.002634,243.040,2634.496,2877.536,0
81,4.052674,206.432,2674.176,2880.608,0
82,4.102690,181.408,2690.336,2871.744,0
83,4.152624,203.600,2624.368,2827.968,0
84,4.201672,250.016,1672.080,1922.096,0
85,4.252635,224.912,2634.640,2859.552,0
86,4.302914,204.672,2914.480,3119.152,0
87,4.351997,189.472,1997.024,2186.496,0
88,4.402913,236.704,2912.864,3149.568,0
89,4.452076,196.880,2075.712,2272.592,0
90,4.502650,171.568,2649.776,2821.344,0
91,4.552678,241.088,2677.712,2918.800,0
92,4.601861,266.416,1861.440,2127.856,0
93,4.651995,197.936,1995.008,2192.944,0
94,4.702593,218.496,2593.136,2811.632,0
95,4.752619,207.200,2618.928,2826.128,0
96,4.801672,778.544,1671.600,2450.144,0
97,4.852428,272.240,2427.808,2700.048,0
98,4.902909,248.816,2908.976,3157.792,0
99,4.952616,194.096,2615.984,2810.080,0
100,5.001671,273.376,1670.656,1944.032,0
101,5.052033,152.288,2033.456,2185.744,0
102,5.102615,259.712,2614.672,2874.384,0
103,5.152714,154.496,2714.288,2868.784,0
104,5.201580,1111.840,1579.776,2691.616,0
105,5.252105,171.168,2105.488,2276.656,0
106,5.302707,156.400,2706.672,2863.072,0
107,5.352699,157.040,2698.880,2855.920,0
108,5.401685,278.480,1684.912,1963.392,0
109,5.451869,152.800,1868.672,2021.472,0
110,5.502913,221.488,2912.640,3134.128,0
111,5.551714,154.000,1713.904,1867.904,0
112,5.602954,195.712,2954.048,3149.760,0
113,5.652013,169.280,2013.488,2182.768,0
114,5.702607,249.200,2607.440,2856.640,0
115,5.752597,230.640,2596.528,2827.168,0
116,5.801694,284.496,1694.288,1978.784,0
117,5.852032,168.608,2031.872,2200.480,0
118,5.903034,196.720,3033.984,3230.704,0
119,5.952075,155.712,2074.528,2230.240,0
120,6.002733,214.336,2732.848,2947.184,0
121,6.052717,154.704,2716.736,2871.440,0
122,6.102652,225.760,2651.824,2877.584,0
123,6.152659,197.952,2659.120,2857.072,0
124,6.201615,242.256,1614.912,1857.168,0
125,6.252668,182.000,2668.272,2850.272,0
126,6.302609,201.680,2609.376,2811.056,0
127,6.352803,165.392,2803.120,2968.512,0
128,6.402701,169.280,2701.088,2870.368,0
129,6.452584,254.544,2584.160,2838.704,0
130,6.501687,262.768,1687.024,1949.792,0
131,6.552047,163.936,2047.184,2211.120,0
132,6.602659,176.592,2659.392,2835.984,0
133,6.652672,169.296,2671.712,2841.008,0
134,6.701714,296.384,1713.648,2010.032,0
135,6.752619,217.632,2619.328,2836.960,0
136,6.802748,194.512,2747.888,2942.400,0
137,6.852655,232.064,2655.136,2887.200,0
138,6.901646,1265.280,1646.256,2911.536,0
139,6.951853,152.896,1853.248,2006.144,0
140,7.002694,221.808,2693.680,2915.488,0
141,7.052562,294.848,2562.416,2857.264,0
142,7.101688,1198.672,1687.840,2886.512,0
143,7.152699,156.272,2698.864,2855.136,0
144,7.201618,1217.616,1618.480,2836.096,0
145,7.251730,154.448,1729.968,1884.416,0
146,7.302701,223.200,2700.944,2924.144,0
147,7.352600,275.424,2600.064,2875.488,0
148,7.401601,1318.320,1600.640,2918.960,0
149,7.452560,292.864,2559.808,2852.672,0
150,7.501690,238.928,1689.776,1928.704,0
151,7.551922,151.904,1921.984,2073.888,0
152,7.602741,222.720,2741.104,2963.824,0
153,7.652664,170.192,2664.096,2834.288,0
154,7.702678,259.808,2678.384,2938.192,0
155,7.752617,165.408,2617.328,2782.736,0
156,7.801666,1116.576,1666.128,2782.704,0
157,7.851657,174.944,1657.392,1832.336,0
158,7.901564,1057.008,1563.792,2620.800,0
159,7.952135,159.232,2135.392,2294.624,0
160,8.001659,1366.608,1658.768,3025.376,0
161,8.052661,156.080,2660.928,2817.008,0
162,8.102719,183.904,2718.784,2902.688,0
163,8.152662,158.320,2661.840,2820.160,0
164,8.202722,194.208,2722.304,2916.512,0
165,8.252657,220.400,2657.184,2877.584,0
166,8.302611,225.824,2610.784,2836.608,0
167,8.352668,156.016,2668.384,2824.400,0
168,8.403053,204.544,3053.168,3257.712,0
169,8.451789,165.888,1788.752,1954.640,0
170,8.502601,220.960,2600.880,2821.840,0
171,8.552623,172.224,2623.216,2795.440,0
172,8.601668,1824.880,1668.416,3493.296,0
173,8.651971,152.272,1971.248,2123.520,0
174,8.702707,212.896,2707.440,2920.336,0
175,8.751893,152.176,1892.592,2044.768,0
176,8.802706,208.736,2706.432,2915.168,0
177,8.851921,171.200,1920.800,2092.000,0
178,8.902712,206.544,2711.952,2918.496,0
179,8.952608,212.272,2608.352,2820.624,0
180,9.001611,1228.016,1610.752,2838.768,0
181,9.052725,165.728,2724.560,2890.288,0
182,9.102900,191.568,2899.584,3091.152,0
183,9.152559,273.728,2559.056,2832.784,0
184,9.201608,1316.256,1608.464,2924.720,0
185,9.253018,185.680,3017.744,3203.424,0
186,9.303855,159.200,3855.216,4014.416,0
187,9.352672,161.056,2671.984,2833.040,0
188,9.401728,200.368,1727.520,1927.888,0
189,9.452039,205.424,2038.928,2244.352,0
190,9.502628,194.448,2627.984,2822.432,0
191,9.551885,152.640,1885.472,2038.112,0
192,9.603145,179.136,3145.392,3324.528,0
193,9.652087,327.440,2087.184,2414.624,0
194,9.703213,195.904,3212.944,3408.848,0
195,9.752003,171.520,2003.200,2174.720,0
196,9.802739,188.736,2739.360,2928.096,0
197,9.852869,154.752,2869.152,3023.904,0
198,9.902670,167.184,2670.000,2837.184,0
199,9.952664,171.328,2664.480,2835.808,0
200,10.001891,271.088,1890.816,2161.904,0
201,10.051984,202.464,1983.888,2186.352,0
202,10.103099,177.744,3098.768,3276.512,0
203,10.151981,184.688,1980.624,2165.312,0
204,10.202630,183.008,2630.192,2813.200,0
205,10.252657,203.392,2657.488,2860.880,0
206,10.302720,192.592,2720.336,2912.928,0
207,10.352744,174.560,2744.176,2918.736,0
208,10.401878,208.576,1878.144,2086.720,0
209,10.451685,156.496,1685.040,1841.536,0
210,10.502688,156.288,2687.696,2843.984,0
211,10.552662,226.784,2661.984,2888.768,0
212,10.601624,1334.656,1624.208,2958.864,0
213,10.652663,195.536,2662.928,2858.464,0
214,10.702689,201.648,2689.360,2891.008,0
215,10.752560,270.384,2559.680,2830.064,0
216,10.801616,1606.272,1615.744,3222.016,0
217,10.851959,151.552,1959.040,2110.592,0
218,10.902671,192.144,2670.656,2862.800,0
219,10.952719,154.048,2718.752,2872.800,0
220,11.001621,1523.824,1620.976,3144.800,0
221,11.051920,152.064,1920.080,2072.144,0
222,11.102723,172.608,2723.168,2895.776,0
223,11.152736,154.336,2735.968,2890.304,0
224,11.201723,331.888,1723.008,2054.896,0
225,11.252128,167.840,2128.096,2295.936,0
226,11.301185,194.752,1185.168,1379.920,0
227,11.352602,238.656,2601.712,2840.368,0
228,11.401686,1090.256,1685.696,2775.952,0
229,11.452667,157.296,2667.136,2824.432,0
230,11.503086,210.976,3085.616,3296.592,0
231,11.552070,164.784,2069.680,2234.464,0
232,11.601656,259.888,1655.760,1915.648,0
233,11.651928,163.104,1928.432,2091.536,0
234,11.702882,177.520,2881.552,3059.072,0
235,11.752735,168.736,2734.736,2903.472,0
236,11.801672,403.744,1672.032,2075.776,0
237,11.852736,175.648,2735.664,2911.312,0
238,11.901721,216.464,1721.456,1937.920,0
239,11.951919,152.144,1919.488,2071.632,0
240,12.003033,207.952,3032.944,3240.896,0
241,12.052008,192.752,2008.064,2200.816,0
242,12.102788,156.992,2788.192,2945.184,0
243,12.152666,185.984,2666.048,2852.032,0
244,12.201884,413.520,1884.208,2297.728,0
245,12.252665,156.000,2664.944,2820.944,0
246,12.305123,2339.120,5122.704,7461.824,1
247,12.352710,163.152,2709.648,2872.800,0
248,12.401667,264.656,1667.184,1931.840,0
249,12.452666,158.256,2666.240,2824.496,0
250,12.501680,429.040,1680.112,2109.152,0
251,12.551905,151.696,1904.624,2056.320,0
252,12.602747,186.192,2746.752,2932.944,0
253,12.652727,173.008,2726.896,2899.904,0
254,12.711231,191.776,11230.880,11422.656,1
255,12.752063,170.016,2062.624,2232.640,0
256,12.802903,189.536,2903.264,3092.800,0
257,12.852721,154.608,2721.488,2876.096,0
258,12.901663,264.640,1663.456,1928.096,0
259,12.951877,152.048,1877.328,2029.376,0
260,13.002740,174.288,2739.584,2913.872,0
261,13.052586,256.896,2585.744,2842.640,0
262,13.101656,197.600,1656.096,1853.696,0
263,13.151725,153.776,1725.472,1879.248,0
264,13.202857,226.368,2856.864,3083.232,0
265,13.252895,152.064,2895.200,3047.264,0
266,13.315704,171.392,15704.240,15875.632,1
267,13.351915,152.384,1914.512,2066.896,0
268,13.402928,213.328,2928.336,3141.664,0
269,13.452664,157.360,2664.160,2821.520,0
270,13.501664,1136.960,1663.600,2800.560,0
271,13.551896,153.344,1896.432,2049.776,0
272,13.602568,330.464,2567.792,2898.256,0
273,13.652616,186.208,2615.808,2802.016,0
274,13.701681,245.520,1680.864,1926.384,0
275,13.752657,159.776,2656.624,2816.400,0
276,13.801678,1334.928,1678.208,3013.136,0
277,13.852144,154.816,2144.336,2299.152,0
278,13.901730,294.816,1729.712,2024.528,0
279,13.952704,154.368,2704.144,2858.512,0
280,14.001660,1092.432,1660.240,2752.672,0
281,14.052151,220.416,2150.880,2371.296,0
282,14.101714,293.056,1713.840,2006.896,0
283,14.152681,168.336,2680.848,2849.184,0
284,14.201726,325.824,1725.888,2051.712,0
285,14.252166,207.216,2166.224,2373.440,0
286,14.301727,220.576,1727.040,1947.616,0
287,14.351919,165.200,1918.800,2084.000,0
288,14.402892,210.048,2891.936,3101.984,0
289,14.451861,156.160,1861.408,2017.568,0
290,14.502695,189.920,2694.816,2884.736,0
291,14.552706,154.608,2706.144,2860.752,0
292,14.601704,219.216,1704.352,1923.568,0
293,14.652621,176.832,2621.216,2798.048,0
294,14.701723,231.120,1722.912,1954.032,0
295,14.752166,204.544,2166.000,2370.544,0
296,14.801679,246.720,1678.816,1925.536,0
297,14.852018,192.512,2017.536,2210.048,0
298,14.902993,187.200,2993.008,3180.208,0
299,14.952671,196.272,2671.248,2867.520,0
300,15.002756,164.528,2755.776,2920.304,0
301,15.052625,180.320,2625.392,2805.712,0
302,15.102895,275.520,2894.512,3170.032,0
303,15.152716,154.208,2715.504,2869.712,0
304,15.201743,289.680,1743.392,2033.072,0
305,15.251968,220.512,1967.712,2188.224,0
306,15.302733,171.312,2732.624,2903.936,0
307,15.352582,257.808,2581.792,2839.600,0
308,15.401671,1219.040,1670.736,2889.776,0
309,15.451963,153.152,1962.544,2115.696,0
310,15.502720,267.056,2720.000,2987.056,0
311,15.552696,175.616,2695.872,2871.488,0
312,15.602749,286.384,2749.168,3035.552,0
313,15.651878,152.368,1878.240,2030.608,0
314,15.702887,209.264,2886.656,3095.920,0
315,15.751721,154.368,1721.152,1875.520,0
316,15.802875,175.072,2874.800,3049.872,0
317,15.852669,183.872,2669.344,2853.216,0
318,15.902677,205.856,2676.896,2882.752,0
319,15.953105,164.512,3104.512,3269.024,0
320,16.002737,239.712,2737.168,2976.880,0
321,16.052047,196.096,2047.376,2243.472,0
322,16.102895,305.536,2894.848,3200.384,0
323,16.151747,153.440,1746.928,1900.368,0
324,16.203018,195.344,3017.712,3213.056,0
325,16.251875,152.576,1874.528,2027.104,0
326,16.302829,244.416,2829.344,3073.760,0
327,16.351451,238.976,1451.168,1690.144,0
328,16.402869,249.904,2868.736,3118.640,0
329,16.451968,228.208,1968.176,2196.384,0
330,16.502971,228.384,2971.280,3199.664,0
331,16.551888,151.920,1888.160,2040.080,0
332,16.602904,169.744,2904.160,3073.904,0
333,16.652738,153.168,2737.616,2890.784,0
334,16.701618,1149.280,1618.208,2767.488,0
335,16.752612,184.176,2611.728,2795.904,0
336,16.801663,737.408,1663.056,2400.464,0
337,16.851843,153.392,1843.232,1996.624,0
338,16.902720,203.328,2719.536,2922.864,0
339,16.951986,196.752,1986.336,2183.088,0
340,17.002698,199.440,2698.128,2897.568,0
341,17.052664,196.144,2664.144,2860.288,0
342,17.101865,439.584,1864.688,2304.272,0
343,17.152702,174.960,2702.384,2877.344,0
344,17.201614,1006.176,1613.536,2619.712,0
345,17.252068,169.200,2067.568,2236.768,0
346,17.302749,166.544,2749.264,2915.808,0
347,17.352926,178.416,2926.192,3104.608,0
348,17.403911,164.000,3911.264,4075.264,0
349,17.452574,250.320,2573.536,2823.856,0
350,17.501901,210.656,1901.088,2111.744,0
351,17.552647,165.904,2646.720,2812.624,0
352,17.601735,228.400,1735.312,1963.712,0
353,17.652718,155.360,2718.400,2873.760,0
354,17.701655,1238.800,1655.408,2894.208,0
355,17.752660,155.584,2660.368,2815.952,0
356,17.802824,172.256,2823.696,2995.952,0
357,17.852896,152.608,2896.480,3049.088,0
358,17.901731,203.952,1730.592,1934.544,0
359,17.952655,214.384,2654.816,2869.200,0
360,18.003011,226.752,3010.832,3237.584,0
361,18.051715,154.496,1714.704,1869.200,0
362,18.103208,212.464,3208.384,3420.848,0
363,18.151916,221.856,1916.096,2137.952,0
364,18.202693,229.552,2692.896,2922.448,0
365,18.252606,232.944,2606.448,2839.392,0
366,18.301677,1236.480,1677.200,2913.680,0
367,18.352625,180.096,2624.992,2805.088,0
368,18.402914,237.808,2914.336,3152.144,0
369,18.451899,167.632,1899.152,2066.784,0
370,18.502682,170.144,2681.744,2851.888,0
371,18.552609,297.936,2608.672,2906.608,0
372,18.602711,184.304,2711.232,2895.536,0
373,18.652672,206.720,2672.256,2878.976,0
374,18.703076,160.928,3076.496,3237.424,0
375,18.752019,209.232,2019.360,2228.592,0
376,18.802921,172.016,2921.152,3093.168,0
377,18.852854,166.784,2854.176,3020.960,0
378,18.901888,273.408,1887.648,2161.056,0
379,18.951867,153.520,1866.912,2020.432,0
380,19.002749,180.304,2748.864,2929.168,0
381,19.052805,154.096,2804.784,2958.880,0
382,19.103067,210.848,3066.848,3277.696,0
383,19.151970,176.448,1970.256,2146.704,0
384,19.202878,168.208,2877.744,3045.952,0
385,19.252708,156.848,2708.272,2865.120,0
386,19.301569,1255.952,1568.864,2824.816,0
387,19.352883,165.472,2882.624,3048.096,0
388,19.402629,189.376,2629.440,2818.816,0
389,19.452668,164.336,2668.288,2832.624,0
390,19.502628,219.104,2627.584,2846.688,0
391,19.552613,253.232,2612.560,2865.792,0
392,19.601901,307.120,1901.376,2208.496,0
393,19.652055,166.256,2054.704,2220.960,0
394,19.701892,294.304,1891.664,2185.968,0
395,19.752138,212.752,2138.000,2350.752,0
396,19.801726,313.232,1726.208,2039.440,0
397,19.852649,213.536,2648.720,2862.256,0
398,19.902610,218.208,2609.648,2827.856,0
399,19.952611,166.608,2611.296,2777.904,0
400,20.001610,1151.120,1610.496,2761.616,0
401,20.051963,156.816,1963.424,2120.240,0
402,20.102918,176.240,2918.272,3094.512,0
403,20.151892,153.888,1891.760,2045.648,0
404,20.202670,208.160,2669.680,2877.840,0
405,20.252617,208.512,2617.104,2825.616,0
406,20.302916,222.624,2915.744,3138.368,0
407,20.351877,165.360,1877.424,2042.784,0
408,20.401696,181.584,1696.080,1877.664,0
409,20.452710,168.896,2710.064,2878.960,0
410,20.502819,232.384,2818.592,3050.976,0
411,20.552694,155.008,2694.336,2849.344,0
412,20.601609,1361.856,1608.736,2970.592,0
413,20.652622,196.464,2621.984,2818.448,0
414,20.701676,1212.272,1676.320,2888.592,0
415,20.752560,299.184,2559.856,2859.040,0
416,20.801662,183.088,1661.952,1845.040,0
417,20.851859,153.264,1858.768,2012.032,0
418,20.902691,178.544,2691.072,2869.616,0
419,20.952709,153.968,2708.816,2862.784,0
420,21.001615,1130.672,1614.928,2745.600,0
421,21.051700,154.576,1699.584,1854.160,0
422,21.102720,166.240,2719.968,2886.208,0
423,21.152848,152.576,2847.792,3000.368,0
424,21.201622,1139.424,1622.240,2761.664,0
425,21.251869,152.096,1868.816,2020.912,0
426,21.302695,181.200,2694.512,2875.712,0
427,21.352618,215.264,2617.904,2833.168,0
428,21.402693,216.480,2692.656,2909.136,0
429,21.452611,209.344,2610.592,2819.936,0
430,21.502674,237.120,2673.984,2911.104,0
431,21.552710,154.336,2709.872,2864.208,0
432,21.601597,1339.136,1597.424,2936.560,0
433,21.652664,204.080,2664.480,2868.560,0
434,21.702624,169.872,2624.304,2794.176,0
435,21.751726,161.072,1725.760,1886.832,0
436,21.802609,253.872,2608.944,2862.816,0
437,21.851900,152.160,1900.112,2052.272,0
438,21.902671,177.760,2671.424,2849.184,0
439,21.951876,153.408,1875.840,2029.248,0
440,22.002684,231.456,2683.648,2915.104,0
441,22.052630,198.112,2629.616,2827.728,0
442,22.101613,1241.936,1613.328,2855.264,0
443,22.152882,155.840,2882.000,3037.840,0
444,22.201647,1302.016,1646.896,2948.912,0
445,22.252719,170.352,2718.544,2888.896,0
446,22.301668,379.680,1667.888,2047.568,0
447,22.352607,254.048,2606.560,2860.608,0
448,22.403014,160.272,3014.096,3174.368,0
449,22.451739,156.064,1739.104,1895.168,0
450,22.501619,728.176,1619.008,2347.184,0
451,22.551986,200.752,1985.712,2186.464,0
452,22.602722,155.152,2722.432,2877.584,0
453,22.652629,157.952,2628.880,2786.832,0
454,22.701688,374.736,1688.320,2063.056,0
455,22.752657,155.248,2656.624,2811.872,0
456,22.801686,1693.840,1685.632,3379.472,0
457,22.851809,153.904,1808.928,1962.832,0
458,22.902654,255.424,2653.760,2909.184,0
459,22.952622,204.656,2621.760,2826.416,0
460,23.001620,1304.112,1619.792,2923.904,0
461,23.052663,164.448,2663.280,2827.728,0
462,23.101732,223.152,1731.504,1954.656,0
463,23.152707,153.648,2706.720,2860.368,0
464,23.201714,213.136,1714.480,1927.616,0
465,23.251655,168.464,1655.376,1823.840,0
466,23.302666,245.216,2665.760,2910.976,0
467,23.352702,163.488,2702.448,2865.936,0
468,23.401610,1153.856,1610.480,2764.336,0
469,23.452665,155.872,2665.024,2820.896,0
470,23.501722,385.920,1721.744,2107.664,0
471,23.552673,155.392,2673.456,2828.848,0
472,23.601653,1203.920,1652.992,2856.912,0
473,23.652673,186.320,2672.752,2859.072,0
474,23.701691,246.016,1690.640,1936.656,0
475,23.752717,156.304,2717.456,2873.760,0
476,23.802901,201.184,2901.088,3102.272,0
477,23.852054,190.752,2054.192,2244.944,0
478,23.902688,164.704,2687.968,2852.672,0
479,23.952616,225.024,2616.256,2841.280,0
480,24.001659,1240.320,1658.944,2899.264,0
481,24.052639,180.016,2638.656,2818.672,0
482,24.102880,197.024,2879.904,3076.928,0
483,24.152877,157.840,2876.896,3034.736,0
484,24.201698,287.936,1698.176,1986.112,0
485,24.251958,152.048,1957.664,2109.712,0
486,24.302717,193.920,2717.360,2911.280,0
487,24.352719,156.608,2718.784,2875.392,0
488,24.401675,276.256,1674.960,1951.216,0
489,24.452600,256.704,2600.000,2856.704,0
490,24.501606,1312.688,1606.368,2919.056,0
491,24.552714,155.408,2714.304,2869.712,0
492,24.601558,1307.424,1557.968,2865.392,0
493,24.652685,223.008,2684.576,2907.584,0
494,24.701889,359.680,1888.640,2248.320,0
495,24.752713,154.352,2712.560,2866.912,0
496,24.801657,758.144,1657.056,2415.200,0
497,24.851868,164.432,1867.664,2032.096,0
498,24.902668,232.496,2667.888,2900.384,0
499,24.952709,154.848,2708.768,2863.616,0
500,25.001574,829.616,1574.256,2403.872,0
501,25.051859,151.712,1859.088,2010.800,0
502,25.102617,192.176,2616.592,2808.768,0
503,25.151794,153.168,1794.400,1947.568,0
504,25.202640,181.184,2640.000,2821.184,0
505,25.252656,255.056,2656.240,2911.296,0
506,25.301675,954.768,1674.848,2629.616,0
507,25.352671,158.160,2671.296,2829.456,0
508,25.401910,207.248,1910.400,2117.648,0
509,25.452621,200.848,2621.472,2822.320,0
510,25.501660,257.104,1660.272,1917.376,0
511,25.552603,250.192,2603.296,2853.488,0
512,25.602651,165.744,2650.624,2816.368,0
513,25.652605,218.832,2605.248,2824.080,0
514,25.703360,277.184,3359.680,3636.864,0
515,25.752617,168.416,2617.264,2785.680,0
516,25.803094,196.496,3094.288,3290.784,0
517,25.852017,195.008,2017.296,2212.304,0
518,25.903027,203.712,3026.560,3230.272,0
519,25.952187,197.776,2186.656,2384.432,0
520,26.002970,202.576,2970.080,3172.656,0
521,26.052091,167.568,2090.544,2258.112,0
522,26.102892,254.064,2892.112,3146.176,0
523,26.151969,197.088,1968.880,2165.968,0
524,26.203010,215.600,3009.776,3225.376,0
525,26.252052,192.512,2051.536,2244.048,0
526,26.301883,262.016,1882.656,2144.672,0
527,26.351925,154.464,1925.376,2079.840,0
528,26.402655,164.496,2654.912,2819.408,0
529,26.452051,202.080,2050.960,2253.040,0
530,26.502963,238.800,2963.056,3201.856,0
531,26.552744,156.784,2744.160,2900.944,0
532,26.602840,188.672,2839.600,3028.272,0
533,26.652665,159.056,2664.752,2823.808,0
534,26.702685,183.184,2685.120,2868.304,0
535,26.752662,159.376,2662.032,2821.408,0
536,26.801614,1567.568,1613.632,3181.200,0
537,26.851879,154.144,1879.200,2033.344,0
538,26.902608,187.952,2607.792,2795.744,0
539,26.952662,156.416,2662.208,2818.624,0
540,27.001681,1814.352,1680.816,3495.168,0
541,27.052190,222.080,2190.496,2412.576,0
542,27.101723,674.352,1722.608,2396.960,0
543,27.151729,156.064,1728.624,1884.688,0
544,27.202688,194.352,2688.480,2882.832,0
545,27.252650,161.280,2649.776,2811.056,0
546,27.302820,155.472,2820.128,2975.600,0
547,27.352655,197.488,2655.360,2852.848,0
548,27.402608,256.128,2608.304,2864.432,0
549,27.452491,307.472,2490.832,2798.304,0
550,27.501671,1306.096,1670.656,2976.752,0
551,27.552712,154.032,2711.744,2865.776,0
552,27.601609,1553.120,1608.736,3161.856,0
553,27.652040,152.624,2039.904,2192.528,0
554,27.702644,156.768,2643.824,2800.592,0
555,27.752674,198.176,2674.320,2872.496,0
556,27.802847,232.272,2847.168,3079.440,0
557,27.852670,164.048,2670.416,2834.464,0
558,27.902634,199.568,2634.208,2833.776,0
559,27.952560,245.664,2560.480,2806.144,0
560,28.001609,1199.168,1609.488,2808.656,0
561,28.052652,164.272,2652.336,2816.608,0
562,28.101705,201.920,1705.392,1907.312,0
563,28.152614,163.744,2613.552,2777.296,0
564,28.201651,1166.384,1651.024,2817.408,0
565,28.252864,154.496,2864.368,3018.864,0
566,28.301724,329.824,1724.384,2054.208,0
567,28.352884,165.120,2883.680,3048.800,0
568,28.401669,266.384,1668.704,1935.088,0
569,28.452048,983.744,2047.584,3031.328,0
570,28.501611,1302.176,1611.248,2913.424,0
571,28.552694,162.704,2694.304,2857.008,0
572,28.601625,1218.624,1625.440,2844.064,0
573,28.652041,217.072,2040.912,2257.984,0
574,28.701674,350.352,1673.552,2023.904,0
575,28.751693,156.032,1692.624,1848.656,0
576,28.801687,778.528,1687.264,2465.792,0
577,28.852045,191.920,2044.688,2236.608,0
578,28.902687,170.672,2686.928,2857.600,0
579,28.952888,153.632,2888.176,3041.808,0
580,29.001679,300.928,1678.592,1979.520,0
581,29.051976,203.824,1976.160,2179.984,0
582,29.102727,181.456,2727.008,2908.464,0
583,29.152564,324.224,2563.904,2888.128,0
584,29.201719,295.920,1719.344,2015.264,0
585,29.252910,164.448,2909.728,3074.176,0
586,29.302622,210.144,2622.384,2832.528,0
587,29.352967,196.640,2967.440,3164.080,0
588,29.402811,240.960,2811.200,3052.160,0
589,29.452585,920.544,2584.544,3505.088,0
590,29.503033,361.264,3033.248,3394.512,0
591,29.551918,165.328,1917.744,2083.072,0
592,29.601681,176.256,1680.720,1856.976,0
593,29.651736,154.208,1736.000,1890.208,0
594,29.702610,194.240,2609.728,2803.968,0
595,29.752728,166.256,2728.208,2894.464,0
596,29.801887,196.416,1886.912,2083.328,0
597,29.852919,152.624,2919.104,3071.728,0
598,29.901652,277.088,1651.520,1928.608,0
599,29.952610,196.096,2609.504,2805.600,0
===CSV_END===
Statistics sent to li VM via shared memory
Run #3 completed. Waiting for next START command...
Waiting for START command from li VM...
