========================================
Signal Sender Workload (Synchronized)
========================================
Initializing shared memory...
Waiting for speedometer to register...
Found speedometer in shared memory!
Sending START command to speedometer: START: 15;5;20

Running workload signal period for 15 seconds...

Workload signal period completed.
Sending STOP command to speedometer...
Waiting for statistics from speedometer...

Stress workload terminated.
===VMSTAT_START===
procs -----------memory---------- ---swap-- -----io---- -system-- ------cpu-----
 r  b   swpd   free   buff  cache   si   so    bi    bo   in   cs us sy id wa st
 8  0      0 125824   9084  33292    0    0   116    11  262  214 73 19  7  0  0
 8  0      0 125824   9084  33296    0    0     0     0  508  498 99  1  0  0  0
 8  0      0 125824   9084  33296    0    0     0     0  507  512 100  0  0  0  0
 8  0      0 125824   9092  33288    0    0     0   124  507  484 98  2  0  0  0
 8  0      0 125824   9092  33296    0    0     0     0  506  492 100  0  0  0  0
 8  0      0 125824   9092  33296    0    0     0     0  505  513 100  0  0  0  0
 8  0      0 125824   9092  33296    0    0     0     0  507  511 100  0  0  0  0
 8  0      0 125824   9092  33296    0    0     0     0  506  512 100  0  0  0  0
 8  0      0 125824   9092  33296    0    0     0     0  507  512 100  0  0  0  0
 9  0      0 125824   9092  33296    0    0     0     0  504  505 100  0  0  0  0
 8  0      0 125824   9092  33296    0    0     0     0  504  496 100  0  0  0  0
 8  0      0 125824   9092  33296    0    0     0     0  506  511 100  0  0  0  0
 8  0      0 125824   9092  33296    0    0     0     0  507  509 100  0  0  0  0
 8  0      0 125824   9092  33296    0    0     0     0  507  513 100  0  0  0  0
 8  0      0 125824   9092  33296    0    0     0     0  507  509 100  0  0  0  0
 8  0      0 125824   9092  33296    0    0     0     0  508  500 99  2  0  0  0
 8  0      0 125824   9092  33296    0    0     0     0  518  464 94  6  0  0  0
===VMSTAT_END===
========== SPEEDOMETER RT APPLICATION RESULTS ==========
Test Configuration:
Period: 50.000 ms
Deadline: 5.000 ms
RT Priority: 99 (SCHED_FIFO)
Execution Statistics:
Total cycles: 298
Deadline misses: 0 (0.000%)
Execution Time (μs):
Mean: 235.213
Min: 151.728
Max: 1117.248
50th percentile: 219.472
95th percentile: 311.776
99th percentile: 963.360
99.9th percentile: 1117.248
Jitter (μs):
Mean: 1742.393
Min: 1304.032
Max: 3616.256
Response Time (μs):
Mean: 1977.606
Min: 1491.360
Max: 3910.864
50th percentile: 1784.240
95th percentile: 3041.040
99th percentile: 3451.712
99.9th percentile: 3910.864
========================================================
[  127.980747] SDK:handler_do_el0_svc_pre: syscall __NR_futex (98) is not allowed
[  128.500580] SDK:handler_do_el0_svc_pre: syscall __NR_munmap (215) is not allowed
[  128.510347] SDK:handler_do_el0_svc_pre: syscall __NR_wait4 (260) is not allowed
[  128.520120] SDK:handler_do_el0_svc_pre: syscall __NR_munmap (215) is not allowed
[  128.530794] SDK:handler_do_el0_svc_pre: syscall __NR_rt_sigprocmask (135) is not allowed
[  128.540497] SDK:handler_do_el0_svc_pre: syscall __NR_futex (98) is not allowed
[  128.551364] SDK:handler_do_el0_svc_pre: syscall __NR_exit (93) is not allowed
[  128.552066] SDK:handler_do_el0_svc_pre: syscall __NR_futex (98) is not allowed
[  128.566620] SDK:handler_do_el0_svc_pre: syscall __NR_munmap (215) is not allowed
===VMSTAT_START===
procs -----------memory---------- ---swap-- -----io---- -system-- ------cpu-----
r  b   swpd   free   buff  cache   si   so    bi    bo   in   cs us sy id wa st
0  0      0  68588    512   9824    0    0     0     0   73   66  1  7 91  1  0
0  0      0  68516    512   9824    0    0     0     0   46   57  1  2 98  0  0
0  0      0  68516    512   9824    0    0     0     0   46   56  1  1 98  0  0
0  0      0  68516    512   9824    0    0     0     0   48   58  0  2 98  0  0
0  0      0  68516    512   9824    0    0     0     0   48   62  1  1 98  0  0
0  0      0  68516    512   9824    0    0     0     0   50   58  1  1 98  0  0
0  0      0  68516    512   9824    0    0     0     0   45   57  0  1 99  0  0
0  0      0  68516    512   9824    0    0     0     0   45   54  0  1 99  0  0
1  0      0  68516    512   9824    0    0     0     0   55   66  1  1 98  0  0
1  0      0  68516    512   9824    0    0     0     0   51   58  0  1 99  0  0
0  0      0  68516    512   9824    0    0     0     0   50   60  0  2 98  0  0
0  0      0  68516    512   9824    0    0     0     0   43   54  0  1 99  0  0
0  0      0  68516    512   9824    0    0     0     0   48   61  0  1 99  0  0
0  0      0  68516    512   9824    0    0     0     0   49   64  1  1 99  0  0
1  0      0  68516    512   9824    0    0     0     0   44   58  0  2 98  0  0
0  0      0  68516    512   9824    0    0     0     0  139   37  1  8 92  0  0
===VMSTAT_END===
===CSV_START===
cycle,timestamp_s,execution_time_us,jitter_us,response_time_us,deadline_miss
1,0.053339,370.720,3339.424,3710.144,0
2,0.102235,185.072,2234.752,2419.824,0
3,0.151843,291.712,1842.736,2134.448,0
4,0.201799,157.280,1798.704,1955.984,0
5,0.251692,277.696,1692.496,1970.192,0
6,0.302125,182.336,2125.328,2307.664,0
7,0.351626,331.664,1626.208,1957.872,0
8,0.401706,222.576,1706.064,1928.640,0
9,0.452933,228.832,2933.024,3161.856,0
10,0.502329,1117.248,2328.864,3446.112,0
11,0.551519,265.248,1518.848,1784.096,0
12,0.601670,191.504,1670.048,1861.552,0
13,0.651450,183.280,1450.304,1633.584,0
14,0.701637,266.672,1636.976,1903.648,0
15,0.752770,198.848,2769.520,2968.368,0
16,0.801515,246.496,1514.736,1761.232,0
17,0.851480,250.704,1480.368,1731.072,0
18,0.901591,228.000,1591.264,1819.264,0
19,0.951472,193.632,1471.840,1665.472,0
20,1.001660,229.360,1660.448,1889.808,0
21,1.052533,193.872,2533.280,2727.152,0
22,1.101634,238.960,1633.568,1872.528,0
23,1.152683,210.432,2683.408,2893.840,0
24,1.201501,228.784,1500.960,1729.744,0
25,1.251466,258.320,1466.384,1724.704,0
26,1.301632,238.160,1632.224,1870.384,0
27,1.352718,216.384,2718.384,2934.768,0
28,1.401651,252.560,1650.880,1903.440,0
29,1.452786,224.768,2785.904,3010.672,0
30,1.501659,152.896,1658.784,1811.680,0
31,1.551462,180.480,1462.416,1642.896,0
32,1.601511,233.168,1510.640,1743.808,0
33,1.651403,215.856,1402.560,1618.416,0
34,1.701611,178.736,1610.768,1789.504,0
35,1.751496,218.544,1495.728,1714.272,0
36,1.801696,234.240,1696.224,1930.464,0
37,1.852444,414.576,2443.552,2858.128,0
38,1.901780,179.296,1779.568,1958.864,0
39,1.952690,244.608,2690.144,2934.752,0
40,2.001612,191.360,1611.552,1802.912,0
41,2.051401,190.944,1400.864,1591.808,0
42,2.101678,226.064,1677.616,1903.680,0
43,2.151449,193.184,1448.816,1642.000,0
44,2.201399,178.864,1398.688,1577.552,0
45,2.251332,184.800,1331.584,1516.384,0
46,2.301502,246.784,1502.416,1749.200,0
47,2.351462,179.872,1461.936,1641.808,0
48,2.402643,188.928,2643.456,2832.384,0
49,2.451392,201.280,1391.584,1592.864,0
50,2.501586,229.760,1585.680,1815.440,0
51,2.551498,236.192,1498.096,1734.288,0
52,2.601650,202.384,1649.632,1852.016,0
53,2.652795,224.880,2794.960,3019.840,0
54,2.701428,182.352,1428.464,1610.816,0
55,2.751520,200.624,1520.416,1721.040,0
56,2.801633,290.240,1633.216,1923.456,0
57,2.851386,226.048,1385.648,1611.696,0
58,2.901624,305.408,1624.160,1929.568,0
59,2.951486,232.352,1486.240,1718.592,0
60,3.001705,252.272,1704.544,1956.816,0
61,3.052754,279.648,2754.176,3033.824,0
62,3.101622,174.496,1622.288,1796.784,0
63,3.151567,255.104,1567.392,1822.496,0
64,3.201605,156.272,1604.576,1760.848,0
65,3.251464,179.328,1463.600,1642.928,0
66,3.301611,261.120,1610.784,1871.904,0
67,3.351629,272.992,1628.880,1901.872,0
68,3.401673,178.144,1673.328,1851.472,0
69,3.452712,235.856,2711.936,2947.792,0
70,3.501859,151.728,1858.832,2010.560,0
71,3.552546,162.048,2545.776,2707.824,0
72,3.601430,187.248,1429.792,1617.040,0
73,3.651413,198.992,1413.296,1612.288,0
74,3.701464,179.008,1463.840,1642.848,0
75,3.751518,257.616,1518.464,1776.080,0
76,3.801512,241.408,1512.320,1753.728,0
77,3.851466,179.040,1466.096,1645.136,0
78,3.901631,325.968,1631.392,1957.360,0
79,3.953616,294.608,3616.256,3910.864,0
80,4.002356,1095.776,2355.936,3451.712,0
81,4.051472,192.752,1471.520,1664.272,0
82,4.101660,276.960,1660.016,1936.976,0
83,4.152811,154.592,2811.296,2965.888,0
84,4.201488,227.968,1487.536,1715.504,0
85,4.251455,178.240,1455.360,1633.600,0
86,4.301632,154.352,1632.160,1786.512,0
87,4.351500,296.864,1499.504,1796.368,0
88,4.401700,227.056,1700.128,1927.184,0
89,4.452790,256.640,2789.552,3046.192,0
90,4.501692,182.944,1692.176,1875.120,0
91,4.552679,188.512,2679.408,2867.920,0
92,4.601674,215.632,1674.368,1890.000,0
93,4.652710,219.760,2709.680,2929.440,0
94,4.701692,212.960,1691.760,1904.720,0
95,4.752795,158.288,2795.168,2953.456,0
96,4.801634,281.200,1633.824,1915.024,0
97,4.852476,212.576,2476.000,2688.576,0
98,4.901471,181.520,1470.944,1652.464,0
99,4.951474,216.688,1473.872,1690.560,0
100,5.001529,238.848,1529.200,1768.048,0
101,5.051416,197.968,1415.824,1613.792,0
102,5.101432,193.920,1432.432,1626.352,0
103,5.151490,264.688,1489.936,1754.624,0
104,5.201525,222.976,1525.312,1748.288,0
105,5.251347,234.288,1347.488,1581.776,0
106,5.301507,218.272,1507.376,1725.648,0
107,5.351353,177.792,1352.816,1530.608,0
108,5.401528,223.696,1528.160,1751.856,0
109,5.451553,293.248,1552.848,1846.096,0
110,5.501526,258.992,1526.128,1785.120,0
111,5.551612,351.168,1612.048,1963.216,0
112,5.601679,219.472,1679.264,1898.736,0
113,5.652678,232.224,2678.000,2910.224,0
114,5.701495,276.400,1495.232,1771.632,0
115,5.751331,234.832,1331.152,1565.984,0
116,5.801960,223.328,1960.464,2183.792,0
117,5.851440,181.488,1439.712,1621.200,0
118,5.901499,219.456,1498.816,1718.272,0
119,5.951379,197.888,1378.688,1576.576,0
120,6.001623,264.976,1623.296,1888.272,0
121,6.051383,218.704,1382.576,1601.280,0
122,6.101663,252.192,1663.360,1915.552,0
123,6.152841,186.848,2841.088,3027.936,0
124,6.201467,195.184,1466.608,1661.792,0
125,6.251388,206.752,1388.272,1595.024,0
126,6.301518,260.976,1517.728,1778.704,0
127,6.351426,202.208,1425.744,1627.952,0
128,6.401861,174.304,1860.624,2034.928,0
129,6.452609,159.024,2608.688,2767.712,0
130,6.501610,165.632,1610.272,1775.904,0
131,6.551409,196.704,1408.704,1605.408,0
132,6.601681,191.328,1680.560,1871.888,0
133,6.651391,196.960,1391.296,1588.256,0
134,6.701424,179.296,1424.144,1603.440,0
135,6.751481,297.296,1480.992,1778.288,0
136,6.801687,203.360,1686.720,1890.080,0
137,6.852579,227.040,2579.136,2806.176,0
138,6.901517,235.952,1516.688,1752.640,0
139,6.951500,288.880,1500.016,1788.896,0
140,7.001591,219.440,1590.944,1810.384,0
141,7.051397,216.768,1397.456,1614.224,0
142,7.101681,192.000,1681.216,1873.216,0
143,7.151461,178.752,1460.528,1639.280,0
144,7.201588,219.456,1588.240,1807.696,0
145,7.251414,197.840,1414.256,1612.096,0
146,7.301680,186.640,1679.744,1866.384,0
147,7.351375,181.296,1375.456,1556.752,0
148,7.401503,222.144,1502.864,1725.008,0
149,7.451554,205.328,1553.856,1759.184,0
150,7.501529,208.208,1529.024,1737.232,0
151,7.551464,311.776,1463.728,1775.504,0
152,7.601586,219.936,1586.048,1805.984,0
153,7.651419,186.624,1418.864,1605.488,0
154,7.701523,262.592,1522.528,1785.120,0
155,7.751472,232.064,1472.480,1704.544,0
156,7.801481,231.728,1481.120,1712.848,0
157,7.851671,331.264,1670.608,2001.872,0
158,7.901696,239.088,1696.016,1935.104,0
159,7.952713,188.944,2713.488,2902.432,0
160,8.002388,963.360,2387.760,3351.120,0
161,8.051516,227.520,1516.448,1743.968,0
162,8.101529,217.696,1528.912,1746.608,0
163,8.152547,274.496,2547.008,2821.504,0
164,8.201682,212.688,1681.648,1894.336,0
165,8.252695,241.520,2695.040,2936.560,0
166,8.301644,167.184,1643.888,1811.072,0
167,8.351388,204.880,1387.664,1592.544,0
168,8.401517,200.048,1516.592,1716.640,0
169,8.452783,274.288,2782.752,3057.040,0
170,8.501526,292.560,1525.536,1818.096,0
171,8.551387,237.872,1387.136,1625.008,0
172,8.601654,209.760,1654.480,1864.240,0
173,8.652852,178.160,2852.000,3030.160,0
174,8.701457,177.680,1456.656,1634.336,0
175,8.751480,276.064,1480.144,1756.208,0
176,8.801500,273.296,1500.320,1773.616,0
177,8.851404,198.032,1404.016,1602.048,0
178,8.901682,184.832,1682.256,1867.088,0
179,8.952808,183.792,2808.192,2991.984,0
180,9.001681,219.264,1680.736,1900.000,0
181,9.052599,251.312,2598.784,2850.096,0
182,9.101515,222.512,1515.152,1737.664,0
183,9.151496,363.584,1496.448,1860.032,0
184,9.201495,273.616,1495.264,1768.880,0
185,9.251669,278.656,1668.672,1947.328,0
186,9.302522,323.184,2521.824,2845.008,0
187,9.351471,254.080,1471.312,1725.392,0
188,9.401663,260.176,1663.424,1923.600,0
189,9.452904,212.624,2904.496,3117.120,0
190,9.501664,259.216,1663.520,1922.736,0
191,9.552658,194.816,2657.568,2852.384,0
192,9.601452,177.904,1451.808,1629.712,0
193,9.651389,198.672,1389.088,1587.760,0
194,9.701600,184.048,1600.192,1784.240,0
195,9.751504,284.880,1504.096,1788.976,0
196,9.801628,294.208,1628.096,1922.304,0
197,9.852793,286.288,2793.488,3079.776,0
198,9.901862,197.408,1861.872,2059.280,0
199,9.952708,224.176,2708.128,2932.304,0
200,10.001579,208.832,1579.168,1788.000,0
201,10.051359,214.112,1358.544,1572.656,0
202,10.101418,196.032,1418.368,1614.400,0
203,10.151749,250.896,1748.672,1999.568,0
204,10.201610,154.672,1609.760,1764.432,0
205,10.251517,262.096,1517.360,1779.456,0
206,10.301679,207.584,1678.944,1886.528,0
207,10.352836,279.696,2836.256,3115.952,0
208,10.402488,209.200,2488.192,2697.392,0
209,10.451422,236.928,1422.432,1659.360,0
210,10.501528,216.144,1527.776,1743.920,0
211,10.551468,269.120,1467.504,1736.624,0
212,10.601518,167.104,1518.256,1685.360,0
213,10.651399,197.792,1399.376,1597.168,0
214,10.701507,237.568,1506.992,1744.560,0
215,10.751417,187.248,1417.376,1604.624,0
216,10.801506,258.432,1506.240,1764.672,0
217,10.851399,219.648,1399.360,1619.008,0
218,10.901578,203.968,1578.016,1781.984,0
219,10.951466,196.224,1465.536,1661.760,0
220,11.001495,223.664,1495.040,1718.704,0
221,11.051524,251.728,1523.808,1775.536,0
222,11.101601,155.920,1601.392,1757.312,0
223,11.151358,234.736,1357.600,1592.336,0
224,11.201586,211.040,1585.568,1796.608,0
225,11.251472,249.936,1472.016,1721.952,0
226,11.301641,253.184,1641.184,1894.368,0
227,11.351452,192.960,1452.448,1645.408,0
228,11.401764,220.928,1763.872,1984.800,0
229,11.452711,269.952,2710.640,2980.592,0
230,11.501537,218.256,1537.136,1755.392,0
231,11.551399,227.584,1398.800,1626.384,0
232,11.601509,261.008,1508.992,1770.000,0
233,11.651351,186.640,1351.232,1537.872,0
234,11.701715,201.616,1715.024,1916.640,0
235,11.752679,204.432,2679.424,2883.856,0
236,11.801578,201.952,1578.464,1780.416,0
237,11.851419,208.112,1419.200,1627.312,0
238,11.901686,236.944,1686.480,1923.424,0
239,11.952805,235.568,2805.472,3041.040,0
240,12.001505,242.224,1505.376,1747.600,0
241,12.051351,233.616,1350.720,1584.336,0
242,12.101601,296.128,1600.672,1896.800,0
243,12.151591,265.456,1591.216,1856.672,0
244,12.201518,201.824,1518.400,1720.224,0
245,12.251330,189.680,1330.304,1519.984,0
246,12.301614,275.952,1613.824,1889.776,0
247,12.352841,192.576,2840.752,3033.328,0
248,12.401628,163.552,1627.712,1791.264,0
249,12.451493,251.680,1492.992,1744.672,0
250,12.501521,215.440,1521.456,1736.896,0
251,12.551482,261.696,1481.712,1743.408,0
252,12.601501,242.672,1500.752,1743.424,0
253,12.651515,291.808,1514.624,1806.432,0
254,12.701464,198.576,1463.568,1662.144,0
255,12.751451,178.544,1451.296,1629.840,0
256,12.801610,205.872,1609.664,1815.536,0
257,12.851602,201.280,1602.176,1803.456,0
258,12.901648,166.448,1647.920,1814.368,0
259,12.951480,252.032,1480.160,1732.192,0
260,13.001680,191.008,1680.368,1871.376,0
261,13.051456,178.928,1455.872,1634.800,0
262,13.101526,237.184,1526.384,1763.568,0
263,13.151401,215.536,1401.072,1616.608,0
264,13.201429,192.656,1429.200,1621.856,0
265,13.251461,193.088,1460.960,1654.048,0
266,13.301523,203.120,1523.040,1726.160,0
267,13.351457,182.352,1457.280,1639.632,0
268,13.401589,196.832,1589.232,1786.064,0
269,13.452956,249.152,2955.552,3204.704,0
270,13.501619,259.536,1618.976,1878.512,0
271,13.552517,264.400,2517.344,2781.744,0
272,13.601484,240.160,1483.616,1723.776,0
273,13.651506,264.272,1506.096,1770.368,0
274,13.701536,203.040,1536.480,1739.520,0
275,13.751415,226.896,1415.040,1641.936,0
276,13.801497,225.136,1496.864,1722.000,0
277,13.851512,272.864,1512.144,1785.008,0
278,13.901606,177.488,1606.048,1783.536,0
279,13.951545,206.160,1545.200,1751.360,0
280,14.001597,173.952,1597.200,1771.152,0
281,14.051474,179.136,1474.160,1653.296,0
282,14.101656,273.104,1655.696,1928.800,0
283,14.152672,187.984,2671.632,2859.616,0
284,14.201546,324.400,1545.648,1870.048,0
285,14.251333,195.904,1332.512,1528.416,0
286,14.301580,203.152,1579.616,1782.768,0
287,14.351304,187.328,1304.032,1491.360,0
288,14.401348,234.416,1347.936,1582.352,0
289,14.451427,233.824,1427.392,1661.216,0
290,14.501510,244.496,1510.096,1754.592,0
291,14.551501,249.376,1501.440,1750.816,0
292,14.601611,187.344,1610.960,1798.304,0
293,14.651500,195.616,1499.952,1695.568,0
294,14.701617,313.808,1617.168,1930.976,0
295,14.752845,219.536,2845.024,3064.560,0
296,14.802455,900.480,2454.752,3355.232,0
297,14.851517,278.848,1517.024,1795.872,0
298,14.901523,231.632,1522.576,1754.208,0
===CSV_END===
Statistics sent to li VM via shared memory
Run #4 completed. Waiting for next START command...
Waiting for START command from li VM...
