========================================
Signal Sender Workload (Synchronized)
========================================
Initializing shared memory...
Waiting for speedometer to register...
Found speedometer in shared memory!
Sending START command to speedometer: START: 15;5;20

Running workload signal period for 15 seconds...

Workload signal period completed.
Sending STOP command to speedometer...
Waiting for statistics from speedometer...

Stress workload terminated.
===VMSTAT_START===
procs -----------memory---------- ---swap-- -----io---- -system-- ------cpu-----
 r  b   swpd   free   buff  cache   si   so    bi    bo   in   cs us sy id wa st
 8  0      0 125164   9632  33332    0    0    20     9  255  230 88 10  1  0  0
 8  0      0 125164   9632  33332    0    0     0     0  507  491 98  2  0  0  0
 8  0      0 125164   9632  33332    0    0     0     0  507  516 100  0  0  0  0
 8  0      0 125164   9632  33332    0    0     0     0  507  509 100  0  0  0  0
 8  0      0 125164   9632  33332    0    0     0   124  512  502 100  0  0  0  0
 8  0      0 125164   9632  33332    0    0     0     0  507  510 100  0  0  0  0
 8  0      0 125164   9632  33332    0    0     0     0  503  511 100  0  0  0  0
 8  0      0 125164   9632  33332    0    0     0     0  507  511 100  0  0  0  0
 8  0      0 125164   9632  33332    0    0     0     0  506  509 100  0  0  0  0
 8  0      0 125164   9632  33332    0    0     0     0  507  510 100  0  0  0  0
 8  0      0 125164   9632  33332    0    0     0     0  505  507 100  0  0  0  0
 8  0      0 125164   9632  33332    0    0     0     0  504  508 100  0  0  0  0
 8  0      0 125164   9632  33332    0    0     0     0  507  510 100  0  0  0  0
 8  0      0 125164   9632  33332    0    0     0     0  507  511 100  0  0  0  0
 8  0      0 125164   9632  33332    0    0     0     0  507  513 100  0  0  0  0
 8  0      0 125164   9632  33332    0    0     0     0  505  499 98  2  0  0  0
 8  0      0 125164   9632  33332    0    0     0     0  500  446 84 17  0  0  0
===VMSTAT_END===
========== SPEEDOMETER RT APPLICATION RESULTS ==========
Test Configuration:
Period: 50.000 ms
Deadline: 5.000 ms
RT Priority: 99 (SCHED_FIFO)
Execution Statistics:
Total cycles: 298
Deadline misses: 0 (0.000%)
Execution Time (μs):
Mean: 208.719
Min: 127.248
Max: 506.960
50th percentile: 181.552
95th percentile: 362.832
99th percentile: 423.040
99.9th percentile: 506.960
Jitter (μs):
Mean: 1921.861
Min: 991.568
Max: 4003.936
Response Time (μs):
Mean: 2130.580
Min: 1154.496
Max: 4369.040
50th percentile: 2304.784
95th percentile: 2609.984
99th percentile: 3710.112
99.9th percentile: 4369.040
========================================================
[  707.567091] SDK:handler_do_el0_svc_pre: syscall __NR_futex (98) is not allowed
[  707.879151] SDK:handler_do_el0_svc_pre: syscall __NR_munmap (215) is not allowed
[  707.888702] SDK:handler_do_el0_svc_pre: syscall __NR_wait4 (260) is not allowed
[  707.900084] SDK:handler_do_el0_svc_pre: syscall __NR_munmap (215) is not allowed
[  707.910528] SDK:handler_do_el0_svc_pre: syscall __NR_rt_sigprocmask (135) is not allowed
[  707.920008] SDK:handler_do_el0_svc_pre: syscall __NR_futex (98) is not allowed
[  707.930036] SDK:handler_do_el0_svc_pre: syscall __NR_futex (98) is not allowed
[  707.930758] SDK:handler_do_el0_svc_pre: syscall __NR_exit (93) is not allowed
[  707.946979] SDK:handler_do_el0_svc_pre: syscall __NR_munmap (215) is not allowed
===VMSTAT_START===
procs -----------memory---------- ---swap-- -----io---- -system-- ------cpu-----
r  b   swpd   free   buff  cache   si   so    bi    bo   in   cs us sy id wa st
0  0      0  68880    512   9824    0    0     0     0   63   53  0  6 94  0  0
0  0      0  68768    512   9824    0    0     0     0   51   62  0  2 98  0  0
0  0      0  68768    512   9824    0    0     0     0   42   57  1  1 99  0  0
0  0      0  68768    512   9824    0    0     0     0   43   58  1  1 99  0  0
0  0      0  68768    512   9824    0    0     0     0   48   60  0  1 99  0  0
0  0      0  68768    512   9824    0    0     0     0   50   57  1  1 98  0  0
0  0      0  68768    512   9824    0    0     0     0   40   54  0  1 99  0  0
0  0      0  68768    512   9824    0    0     0     0   38   59  0  0 100  0  0
0  0      0  68768    512   9824    0    0     0     0   48   60  1  2 98  0  0
0  0      0  68768    512   9824    0    0     0     0   44   58  1  1 99  0  0
0  0      0  68768    512   9824    0    0     0     0   48   56  1  2 98  0  0
0  0      0  68768    512   9824    0    0     0     0   47   60  0  2 98  0  0
1  0      0  68768    512   9824    0    0     0     0   47   58  1  1 98  0  0
1  0      0  68768    512   9824    0    0     0     0   41   60  1  0 99  0  0
0  0      0  68768    512   9824    0    0     0     0   41   55  1  1 99  0  0
0  0      0  68768    512   9824    0    0     0     0  143   42  1  7 92  0  0
===VMSTAT_END===
===CSV_START===
cycle,timestamp_s,execution_time_us,jitter_us,response_time_us,deadline_miss
1,0.054004,365.104,4003.936,4369.040,0
2,0.101043,181.888,1042.816,1224.704,0
3,0.152218,366.816,2218.480,2585.296,0
4,0.202242,225.728,2241.792,2467.520,0
5,0.252098,167.696,2098.464,2266.160,0
6,0.302169,307.424,2169.424,2476.848,0
7,0.352205,160.944,2205.472,2366.416,0
8,0.402202,223.664,2202.016,2425.680,0
9,0.451476,148.640,1475.584,1624.224,0
10,0.501070,170.512,1069.568,1240.080,0
11,0.551745,185.744,1745.456,1931.200,0
12,0.602058,265.872,2057.504,2323.376,0
13,0.651387,152.400,1387.264,1539.664,0
14,0.701977,138.720,1977.232,2115.952,0
15,0.752180,149.296,2179.744,2329.040,0
16,0.801972,127.328,1971.712,2099.040,0
17,0.851509,138.016,1509.424,1647.440,0
18,0.902068,448.144,2068.400,2516.544,0
19,0.951379,148.272,1378.864,1527.136,0
20,1.001926,170.352,1926.496,2096.848,0
21,1.052197,127.744,2196.832,2324.576,0
22,1.102163,290.448,2163.136,2453.584,0
23,1.151537,179.184,1536.736,1715.920,0
24,1.201070,169.936,1069.616,1239.552,0
25,1.252106,220.912,2106.464,2327.376,0
26,1.302096,350.160,2095.568,2445.728,0
27,1.351515,129.152,1514.752,1643.904,0
28,1.402029,188.576,2029.408,2217.984,0
29,1.452080,148.992,2079.920,2228.912,0
30,1.502188,258.704,2187.600,2446.304,0
31,1.551589,128.736,1589.472,1718.208,0
32,1.602043,204.656,2043.424,2248.080,0
33,1.652102,216.864,2102.320,2319.184,0
34,1.701888,148.256,1887.824,2036.080,0
35,1.752113,210.576,2112.576,2323.152,0
36,1.802200,202.704,2199.600,2402.304,0
37,1.851596,127.248,1596.192,1723.440,0
38,1.901877,167.440,1876.720,2044.160,0
39,1.952269,179.888,2268.880,2448.768,0
40,2.002167,152.928,2166.512,2319.440,0
41,2.051330,161.088,1330.384,1491.472,0
42,2.102166,257.376,2165.824,2423.200,0
43,2.151685,163.168,1685.232,1848.400,0
44,2.202189,233.104,2188.544,2421.648,0
45,2.252092,173.472,2091.712,2265.184,0
46,2.302201,220.992,2201.488,2422.480,0
47,2.352201,128.640,2201.024,2329.664,0
48,2.402051,368.528,2051.312,2419.840,0
49,2.452043,249.344,2042.608,2291.952,0
50,2.502038,277.888,2038.368,2316.256,0
51,2.551522,129.776,1522.080,1651.856,0
52,2.601043,203.024,1043.392,1246.416,0
53,2.651388,131.648,1387.632,1519.280,0
54,2.702036,291.488,2035.792,2327.280,0
55,2.751489,128.496,1488.992,1617.488,0
56,2.802599,178.672,2598.800,2777.472,0
57,2.852086,214.512,2085.696,2300.208,0
58,2.902241,261.104,2241.488,2502.592,0
59,2.952201,185.936,2201.392,2387.328,0
60,3.002036,359.056,2036.208,2395.264,0
61,3.051582,151.264,1582.416,1733.680,0
62,3.102107,311.936,2106.960,2418.896,0
63,3.151572,131.296,1572.384,1703.680,0
64,3.202088,291.488,2088.384,2379.872,0
65,3.251554,131.696,1553.616,1685.312,0
66,3.301047,193.936,1046.976,1240.912,0
67,3.352169,169.184,2169.104,2338.288,0
68,3.402013,390.064,2013.424,2403.488,0
69,3.452191,151.648,2190.752,2342.400,0
70,3.502145,208.720,2145.360,2354.080,0
71,3.551630,132.288,1629.952,1762.240,0
72,3.602057,226.208,2057.360,2283.568,0
73,3.651707,166.256,1707.488,1873.744,0
74,3.702052,277.328,2052.304,2329.632,0
75,3.752175,128.864,2174.528,2303.392,0
76,3.802162,235.328,2162.160,2397.488,0
77,3.852178,128.704,2177.648,2306.352,0
78,3.902109,264.576,2109.216,2373.792,0
79,3.951557,129.600,1556.576,1686.176,0
80,4.002854,227.504,2854.368,3081.872,0
81,4.052175,130.784,2175.216,2306.000,0
82,4.102016,199.216,2015.536,2214.752,0
83,4.152150,175.744,2150.064,2325.808,0
84,4.202000,419.200,2000.384,2419.584,0
85,4.252104,231.088,2103.520,2334.608,0
86,4.302111,322.752,2111.184,2433.936,0
87,4.351401,157.472,1401.056,1558.528,0
88,4.401036,177.472,1036.448,1213.920,0
89,4.452172,221.856,2171.840,2393.696,0
90,4.502105,417.488,2104.512,2522.000,0
91,4.552103,232.672,2103.104,2335.776,0
92,4.601085,213.472,1085.232,1298.704,0
93,4.652283,140.784,2282.784,2423.568,0
94,4.702018,384.544,2018.176,2402.720,0
95,4.752223,130.576,2222.544,2353.120,0
96,4.801059,217.616,1059.040,1276.656,0
97,4.852088,245.792,2087.664,2333.456,0
98,4.902058,354.928,2058.224,2413.152,0
99,4.951515,157.168,1515.072,1672.240,0
100,5.002067,298.224,2066.896,2365.120,0
101,5.051439,166.576,1438.656,1605.232,0
102,5.102091,506.960,2091.184,2598.144,0
103,5.151382,166.048,1381.760,1547.808,0
104,5.201033,189.840,1033.008,1222.848,0
105,5.252084,170.608,2083.760,2254.368,0
106,5.302104,336.672,2104.048,2440.720,0
107,5.352110,259.568,2110.496,2370.064,0
108,5.402081,310.512,2081.136,2391.648,0
109,5.451574,128.304,1574.144,1702.448,0
110,5.502090,292.944,2089.616,2382.560,0
111,5.551491,170.672,1490.928,1661.600,0
112,5.601070,210.352,1070.240,1280.592,0
113,5.651493,129.680,1492.592,1622.272,0
114,5.702150,182.912,2150.368,2333.280,0
115,5.751586,142.576,1586.128,1728.704,0
116,5.802097,279.008,2097.376,2376.384,0
117,5.851264,187.104,1263.632,1450.736,0
118,5.902404,201.008,2404.496,2605.504,0
119,5.952205,181.552,2204.688,2386.240,0
120,6.002098,404.640,2097.520,2502.160,0
121,6.051698,182.576,1698.160,1880.736,0
122,6.102165,224.384,2164.912,2389.296,0
123,6.152063,241.504,2063.280,2304.784,0
124,6.202227,181.168,2226.896,2408.064,0
125,6.251292,174.816,1292.064,1466.880,0
126,6.302039,265.984,2038.512,2304.496,0
127,6.351743,175.376,1743.184,1918.560,0
128,6.402256,147.184,2255.584,2402.768,0
129,6.452215,159.840,2214.720,2374.560,0
130,6.502177,297.712,2177.456,2475.168,0
131,6.552174,128.816,2173.664,2302.480,0
132,6.602049,268.016,2049.120,2317.136,0
133,6.651436,235.040,1436.464,1671.504,0
134,6.702057,326.464,2057.088,2383.552,0
135,6.751575,127.584,1575.184,1702.768,0
136,6.802081,321.200,2080.800,2402.000,0
137,6.851371,167.456,1370.960,1538.416,0
138,6.902638,142.016,2637.712,2779.728,0
139,6.952148,140.544,2147.568,2288.112,0
140,7.002077,290.272,2077.440,2367.712,0
141,7.051452,160.368,1452.448,1612.816,0
142,7.101399,178.608,1398.512,1577.120,0
143,7.152184,128.880,2183.744,2312.624,0
144,7.202051,236.144,2051.456,2287.600,0
145,7.251484,150.416,1483.808,1634.224,0
146,7.302079,419.728,2079.456,2499.184,0
147,7.351423,146.960,1423.280,1570.240,0
148,7.401003,182.704,1002.896,1185.600,0
149,7.452043,197.584,2043.136,2240.720,0
150,7.502103,352.144,2102.544,2454.688,0
151,7.552045,259.248,2044.800,2304.048,0
152,7.602036,350.400,2035.920,2386.320,0
153,7.651339,142.912,1338.576,1481.488,0
154,7.702020,280.704,2019.904,2300.608,0
155,7.751405,129.104,1404.624,1533.728,0
156,7.801058,170.064,1058.432,1228.496,0
157,7.852202,179.504,2202.368,2381.872,0
158,7.902116,300.608,2116.224,2416.832,0
159,7.951518,161.120,1517.760,1678.880,0
160,8.001011,143.408,1011.088,1154.496,0
161,8.052226,166.608,2226.256,2392.864,0
162,8.102238,230.320,2237.872,2468.192,0
163,8.152184,159.424,2183.536,2342.960,0
164,8.202111,419.776,2111.232,2531.008,0
165,8.251546,157.840,1546.224,1704.064,0
166,8.302180,220.560,2180.000,2400.560,0
167,8.351348,185.824,1348.464,1534.288,0
168,8.400992,197.680,991.568,1189.248,0
169,8.452050,260.864,2049.808,2310.672,0
170,8.502042,302.640,2042.304,2344.944,0
171,8.551774,149.024,1774.496,1923.520,0
172,8.602055,270.592,2054.912,2325.504,0
173,8.651681,139.104,1680.512,1819.616,0
174,8.702238,203.728,2238.384,2442.112,0
175,8.751383,148.400,1383.296,1531.696,0
176,8.802426,184.144,2425.840,2609.984,0
177,8.852165,129.280,2165.232,2294.512,0
178,8.902100,372.352,2100.048,2472.400,0
179,8.951626,130.352,1626.224,1756.576,0
180,9.002058,266.384,2057.696,2324.080,0
181,9.051577,130.000,1576.928,1706.928,0
182,9.101994,327.680,1993.936,2321.616,0
183,9.151589,132.320,1588.720,1721.040,0
184,9.201059,139.936,1059.008,1198.944,0
185,9.252089,198.640,2089.104,2287.744,0
186,9.301914,168.976,1914.432,2083.408,0
187,9.352067,225.024,2067.200,2292.224,0
188,9.402044,286.288,2043.584,2329.872,0
189,9.451509,160.240,1509.232,1669.472,0
190,9.502167,216.192,2167.024,2383.216,0
191,9.551392,192.560,1392.464,1585.024,0
192,9.602083,317.056,2083.408,2400.464,0
193,9.651617,127.424,1616.832,1744.256,0
194,9.702145,307.040,2144.880,2451.920,0
195,9.751378,172.608,1377.552,1550.160,0
196,9.802034,283.072,2033.504,2316.576,0
197,9.851596,128.032,1595.824,1723.856,0
198,9.901993,362.832,1993.104,2355.936,0
199,9.951506,128.880,1505.792,1634.672,0
200,10.001912,144.896,1911.504,2056.400,0
201,10.052106,219.136,2105.552,2324.688,0
202,10.102489,260.784,2489.184,2749.968,0
203,10.152549,147.760,2548.816,2696.576,0
204,10.202229,169.584,2229.040,2398.624,0
205,10.252249,169.952,2249.296,2419.248,0
206,10.303602,145.824,3601.568,3747.392,0
207,10.352232,181.984,2232.448,2414.432,0
208,10.401975,162.976,1974.704,2137.680,0
209,10.451592,130.448,1592.096,1722.544,0
210,10.502196,139.712,2196.304,2336.016,0
211,10.551538,165.952,1537.856,1703.808,0
212,10.602006,284.688,2005.552,2290.240,0
213,10.651474,171.008,1474.176,1645.184,0
214,10.702080,279.264,2079.760,2359.024,0
215,10.751640,176.960,1640.224,1817.184,0
216,10.802084,290.016,2084.240,2374.256,0
217,10.851611,137.456,1610.816,1748.272,0
218,10.902189,223.328,2188.736,2412.064,0
219,10.951501,160.208,1501.456,1661.664,0
220,11.002534,139.248,2533.568,2672.816,0
221,11.052202,191.504,2202.304,2393.808,0
222,11.102084,361.168,2084.048,2445.216,0
223,11.151508,170.768,1508.320,1679.088,0
224,11.202000,248.208,2000.432,2248.640,0
225,11.251831,203.392,1830.800,2034.192,0
226,11.301016,170.592,1015.712,1186.304,0
227,11.352168,154.848,2167.824,2322.672,0
228,11.402154,304.080,2153.696,2457.776,0
229,11.451584,129.872,1584.288,1714.160,0
230,11.502066,350.480,2065.952,2416.432,0
231,11.551584,137.728,1584.464,1722.192,0
232,11.601989,206.384,1989.056,2195.440,0
233,11.652230,137.728,2229.648,2367.376,0
234,11.701937,129.936,1936.640,2066.576,0
235,11.752231,167.616,2230.944,2398.560,0
236,11.802168,264.640,2167.600,2432.240,0
237,11.851515,154.416,1515.456,1669.872,0
238,11.902122,321.040,2121.856,2442.896,0
239,11.951249,189.664,1248.896,1438.560,0
240,12.002045,332.016,2044.992,2377.008,0
241,12.051397,139.856,1396.912,1536.768,0
242,12.101237,166.608,1236.768,1403.376,0
243,12.151763,145.040,1763.168,1908.208,0
244,12.202092,264.000,2091.728,2355.728,0
245,12.251528,164.112,1527.840,1691.952,0
246,12.302523,213.360,2522.960,2736.320,0
247,12.351913,138.272,1913.440,2051.712,0
248,12.402542,253.312,2541.824,2795.136,0
249,12.451907,171.440,1907.136,2078.576,0
250,12.501796,189.616,1796.352,1985.968,0
251,12.552082,129.584,2081.616,2211.200,0
252,12.601920,139.104,1920.352,2059.456,0
253,12.651982,213.072,1982.464,2195.536,0
254,12.702072,268.768,2071.984,2340.752,0
255,12.752077,149.744,2077.088,2226.832,0
256,12.801888,168.752,1887.968,2056.720,0
257,12.852023,212.592,2023.296,2235.888,0
258,12.901712,167.856,1711.936,1879.792,0
259,12.951741,164.720,1740.608,1905.328,0
260,13.001847,153.920,1846.896,2000.816,0
261,13.051892,163.408,1891.648,2055.056,0
262,13.101889,175.744,1889.200,2064.944,0
263,13.151893,145.328,1892.800,2038.128,0
264,13.201903,141.200,1902.752,2043.952,0
265,13.251913,157.008,1913.440,2070.448,0
266,13.301595,134.080,1595.216,1729.296,0
267,13.351649,128.848,1648.816,1777.664,0
268,13.402094,325.536,2093.600,2419.136,0
269,13.452177,146.800,2177.472,2324.272,0
270,13.502065,324.800,2065.072,2389.872,0
271,13.551508,163.296,1507.952,1671.248,0
272,13.602072,423.040,2071.760,2494.800,0
273,13.651473,156.496,1473.120,1629.616,0
274,13.702251,272.128,2251.376,2523.504,0
275,13.752093,253.344,2092.720,2346.064,0
276,13.802177,284.384,2177.360,2461.744,0
277,13.852238,190.944,2238.272,2429.216,0
278,13.902234,282.064,2233.504,2515.568,0
279,13.952173,147.728,2172.816,2320.544,0
280,14.002211,152.912,2211.360,2364.272,0
281,14.051713,158.560,1712.656,1871.216,0
282,14.102206,240.576,2205.552,2446.128,0
283,14.152563,169.200,2562.784,2731.984,0
284,14.202476,207.120,2476.432,2683.552,0
285,14.252229,149.456,2229.200,2378.656,0
286,14.302093,316.800,2093.104,2409.904,0
287,14.352273,186.960,2273.104,2460.064,0
288,14.403524,186.432,3523.680,3710.112,0
289,14.451993,272.288,1992.944,2265.232,0
290,14.501361,167.984,1360.960,1528.944,0
291,14.552240,166.000,2240.192,2406.192,0
292,14.603528,149.216,3527.808,3677.024,0
293,14.651581,144.240,1581.392,1725.632,0
294,14.702021,217.984,2021.104,2239.088,0
295,14.752104,239.248,2104.224,2343.472,0
296,14.802055,278.400,2055.024,2333.424,0
297,14.851448,151.152,1447.552,1598.704,0
298,14.901710,161.120,1709.792,1870.912,0
===CSV_END===
Statistics sent to li VM via shared memory
Run #27 completed. Waiting for next START command...
Waiting for START command from li VM...
