========================================
Stress-NG Workload (Synchronized)
========================================
Initializing shared memory...
Waiting for speedometer to register...
Found speedometer in shared memory!
Sending START command to speedometer...

Baseline mode (no stressors) for 60 seconds...

Baseline period completed.
Sending STOP command to speedometer...
Waiting for statistics from speedometer...

========== RECEIVED SPEEDOMETER STATISTICS ==========
Total cycles: 1200
Deadline misses: 0 (0.00%)
Execution time:
  Mean: 178.578 us
  Min: 131.616 us
  Max: 1085.536 us
Jitter:
  Mean: 1887.101 us
  Max: 5146.000 us
Response time:
  Mean: 2065.679 us
  Min: 1087.888 us
  Max: 5346.960 us
====================================================

Stress workload terminated.
===VMSTAT_START===
procs -----------memory---------- ---swap-- -----io---- -system-- ------cpu----- -----timestamp-----
 r  b   swpd   free   buff  cache   si   so    bi    bo   in   cs us sy id wa st                 UTC
 0  0      0 409820   2968  28472    0    0    19     5   37   24  3  5 92  0  0 1970-01-01 00:08:20
 0  0      0 409820   2968  28472    0    0     0     0   26   24  0  0 100  0  0 1970-01-01 00:08:21
 0  0      0 409820   2968  28472    0    0     0     0   14   12  0  0 100  0  0 1970-01-01 00:08:22
 0  0      0 409820   2968  28472    0    0     0     0   14   18  0  0 100  0  0 1970-01-01 00:08:23
 0  0      0 409820   2968  28472    0    0     0     0   17   22  0  0 100  0  0 1970-01-01 00:08:24
 0  0      0 409820   2968  28472    0    0     0     0   15   16  0  0 100  0  0 1970-01-01 00:08:25
 0  0      0 409820   2976  28464    0    0     0    60   31   32  0  1 97  1  0 1970-01-01 00:08:26
 0  0      0 409820   2976  28472    0    0     0     0   13   18  0  0 100  0  0 1970-01-01 00:08:27
 1  0      0 409820   2976  28472    0    0     0     0   22   22  0  0 100  0  0 1970-01-01 00:08:28
 0  0      0 409820   2976  28472    0    0     0     0   15   21  0  1 100  0  0 1970-01-01 00:08:29
 0  0      0 409820   2976  28472    0    0     0     0   19   21  0  0 100  0  0 1970-01-01 00:08:30
 1  0      0 409820   2976  28472    0    0     0     0   20   20  0  1 99  0  0 1970-01-01 00:08:31
 0  0      0 409820   2984  28464    0    0     0    12   31   32  0  0 99  2  0 1970-01-01 00:08:32
 0  0      0 409820   2984  28472    0    0     0     0   25   30  1  0 99  0  0 1970-01-01 00:08:33
 0  0      0 409820   2984  28472    0    0     0     0   19   18  0  1 99  0  0 1970-01-01 00:08:34
 1  0      0 409820   2984  28472    0    0     0     0   14   17  0  0 100  0  0 1970-01-01 00:08:35
 0  0      0 409820   2984  28472    0    0     0     0   15   20  0  0 100  0  0 1970-01-01 00:08:36
 0  0      0 409820   2984  28472    0    0     0     0   14   16  0  0 100  0  0 1970-01-01 00:08:37
 0  0      0 409820   2992  28464    0    0     0    28   33   35  0  1 98  1  0 1970-01-01 00:08:38
 1  0      0 409820   2992  28464    0    0     0     0   21   16  0  0 100  0  0 1970-01-01 00:08:39
 0  0      0 409820   2992  28472    0    0     0     0   21   27  0  1 99  0  0 1970-01-01 00:08:40
 0  0      0 409820   2992  28472    0    0     0     0   14   17  0  0 100  0  0 1970-01-01 00:08:41
 0  0      0 409820   2992  28472    0    0     0     0   16   16  0  0 100  0  0 1970-01-01 00:08:42
 0  0      0 409820   2992  28472    0    0     0     0   15   18  0  0 99  0  0 1970-01-01 00:08:43
 0  0      0 409820   3000  28464    0    0     0    12   31   35  0  0 98  2  0 1970-01-01 00:08:44
 0  0      0 409820   3000  28464    0    0     0     0   18   20  0  0 100  0  0 1970-01-01 00:08:45
 0  0      0 409820   3000  28472    0    0     0     0   19   23  0  0 100  0  0 1970-01-01 00:08:46
 0  0      0 409820   3000  28472    0    0     0     0   14   19  0  0 100  0  0 1970-01-01 00:08:47
 0  0      0 409820   3000  28472    0    0     0     0   18   20  0  0 100  0  0 1970-01-01 00:08:48
 0  0      0 409820   3000  28472    0    0     0     0   15   18  0  0 100  0  0 1970-01-01 00:08:49
 0  0      0 409820   3008  28464    0    0     0    12   26   28  0  1 99  1  0 1970-01-01 00:08:50
 0  0      0 409820   3008  28472    0    0     0     0   17   19  0  0 100  0  0 1970-01-01 00:08:51
 0  0      0 409820   3008  28472    0    0     0     0   20   27  0  0 100  0  0 1970-01-01 00:08:52
 0  0      0 409820   3008  28472    0    0     0     0   17   20  0  0 100  0  0 1970-01-01 00:08:53
 0  0      0 409820   3008  28472    0    0     0     0   16   18  0  0 100  0  0 1970-01-01 00:08:54
 0  0      0 409820   3008  28472    0    0     0     0   14   16  0  0 100  0  0 1970-01-01 00:08:55
 0  0      0 409820   3016  28472    0    0     0    12   36   42  0  0 98  1  0 1970-01-01 00:08:56
 0  0      0 409820   3016  28472    0    0     0     0   13   14  0  0 100  0  0 1970-01-01 00:08:57
 0  0      0 409820   3016  28472    0    0     0     0   19   25  0  0 100  0  0 1970-01-01 00:08:58
 0  0      0 409820   3016  28476    0    0     0     0   15   18  0  0 100  0  0 1970-01-01 00:08:59
 0  0      0 409820   3016  28476    0    0     0     0   20   24  0  1 100  0  0 1970-01-01 00:09:00
 0  0      0 409820   3016  28476    0    0     0     0   16   18  0  0 100  0  0 1970-01-01 00:09:01
 0  0      0 409820   3024  28476    0    0     0    12   35   36  0  0 99  1  0 1970-01-01 00:09:02
 0  0      0 409820   3024  28476    0    0     0     0   12   14  0  0 99  0  0 1970-01-01 00:09:03
 0  0      0 409820   3024  28476    0    0     0     0   21   26  0  0 100  0  0 1970-01-01 00:09:04
 0  0      0 409820   3024  28476    0    0     0     0   12   13  0  0 100  0  0 1970-01-01 00:09:05
 0  0      0 409820   3024  28476    0    0     0     0   19   24  0  0 100  0  0 1970-01-01 00:09:06
 0  0      0 409820   3024  28476    0    0     0     0   14   14  0  0 99  0  0 1970-01-01 00:09:07
 0  0      0 409820   3032  28468    0    0     0    12   34   40  0  1 99  1  0 1970-01-01 00:09:09
 0  0      0 409820   3032  28476    0    0     0   144   30   25  0  1 100  0  0 1970-01-01 00:09:10
 1  0      0 409820   3032  28476    0    0     0     0   17   21  0  0 100  0  0 1970-01-01 00:09:11
 0  0      0 409820   3032  28476    0    0     0     0   13   15  0  0 100  0  0 1970-01-01 00:09:12
 0  0      0 409820   3032  28476    0    0     0     0   16   23  0  0 100  0  0 1970-01-01 00:09:13
 1  0      0 409820   3032  28476    0    0     0     0   16   15  0  0 100  0  0 1970-01-01 00:09:14
 0  0      0 409820   3040  28476    0    0     0    12   29   35  0  0 98  1  0 1970-01-01 00:09:15
 0  0      0 409820   3040  28476    0    0     0     0   18   21  0  0 100  0  0 1970-01-01 00:09:16
 0  0      0 409820   3040  28476    0    0     0     0   17   24  0  0 100  0  0 1970-01-01 00:09:17
 0  0      0 409820   3040  28476    0    0     0     0   18   15  0  0 100  0  0 1970-01-01 00:09:18
 0  0      0 409820   3040  28476    0    0     0     0   14   19  0  0 100  0  0 1970-01-01 00:09:19
 0  0      0 409820   3040  28476    0    0     0     0   15   17  0  0 100  0  0 1970-01-01 00:09:20
 0  0      0 409820   3048  28476    0    0     0    12   69   60  0  4 94  1  0 1970-01-01 00:09:21
 1  0      0 409820   3048  28476    0    0     0     0   37   39  1  1 98  0  0 1970-01-01 00:09:22
 1  0      0 409820   3048  28476    0    0     0     0   28   37  0  2 99  0  0 1970-01-01 00:09:23
 1  0      0 409820   3048  28476    0    0     0     0   37   38  0  1 99  0  0 1970-01-01 00:09:24
===VMSTAT_END===
