HI_NET_PING_START run=1
Probes: 2000  |  Protocol: UDP  |  Period: 1 ms  |  Msg: 64 B
hi_net_ping: sending HELLO to 127.0.0.1:5002 (protocol=UDP)...
[echo] HELLO — protocol=UDP  n_probes=2000
[echo] HELLO_ACK sent
hi_net_ping: HELLO_ACK received
[echo] run #1 — echoing probes
hi_net_ping: starting ping-echo loop (2000 probes at 1 ms)...
========== HI_NET_PING RESULTS ==========
Probes sent:        2000
Echoes received:    2000
Lost (no echo):        7 (0.350%)
RTL (us):
Mean: 3879.033    Std dev: 841.642
Min:  2484.464    Max:     17742.224
P50:  3724.384    P95:     4731.888
P99:  6727.312    P99.9:   16758.576
IAJ (us):
Mean: 3306.855    Std dev: 693.387
Min:  1912.192    Max:     12242.864
P50:  3148.640    P95:     4231.840
P99:  6360.736    P99.9:   10983.376
===CSV_START===
index,rtl_ns,iaj_ns
0,4212784,4345008
1,4768640,3212416
2,3579344,3431616
3,3980032,3547520
4,3957760,3113664
5,3486192,3718576
6,4069184,3631936
7,4134848,4268288
8,4889536,3182896
9,3820176,3160048
10,3631712,3982880
11,4465280,3589616
12,4003632,3702656
13,4230032,3516624
14,4108688,3987008
15,4025264,3069456
16,3589952,2834912
17,3329296,3165856
18,3825248,2913888
19,3365824,2803488
20,3407312,3364848
21,3983840,3018544
22,3563408,2866512
23,3352288,3119168
24,3459264,3225328
25,3774928,2827488
26,3329312,3536496
27,4014736,3434432
28,4006352,3494128
29,3938848,3253424
30,3718912,3140672
31,3703872,3324608
32,3864752,5006560
33,5483408,3750016
34,4119200,3440384
35,3924896,3130944
36,3721424,2809392
37,3375248,3020160
38,3545312,3211344
39,3742416,2917168
40,3504048,3100256
41,3659856,2953264
42,3542560,3328320
43,3900816,3110624
44,3566352,3364640
45,3806176,3343696
46,3932880,4622128
47,4596496,3638464
48,4170784,3900288
49,4346880,3173984
50,3646464,3837664
51,4303552,4071088
52,4057024,2940848
53,3420560,3422064
54,3952288,3386016
55,3915376,3941920
56,4362960,3514720
57,4077536,3313680
58,3858144,3274448
59,3907712,4267392
60,4353424,2883136
61,3436352,3556976
62,3922736,3405104
63,3866512,3478832
64,3991936,3489488
65,4022944,3382960
66,3880752,3287632
67,3824896,3472592
68,4083888,3784768
69,3810608,3147888
70,3812768,2871312
71,3367904,3010080
72,3581936,3436240
73,3916256,3123584
74,3578720,3659920
75,4025888,3608208
76,4130512,3230992
77,3835152,3368672
78,3806896,3317952
79,3883056,4231840
80,4880608,3121968
81,3681200,3112320
82,3657456,2983312
83,3399520,2990560
84,3528880,2837920
85,3365584,3068880
86,3615248,2825424
87,3331616,3188976
88,3810064,3013568
89,3569408,3110000
90,3553600,2970272
91,3493920,2888384
92,3412816,3126832
93,3655392,2994000
94,3470624,3091648
95,3534928,3395584
96,3785696,4020864
97,4462800,2923424
98,3529856,3451328
99,4039952,3006640
100,3545552,3533648
101,4068496,3352288
102,3928576,3885648
103,3870368,3323136
104,3937920,2844480
105,3398656,3396896
106,3894608,3504608
107,4043120,3333808
108,3940048,3742400
109,4240960,3013904
110,3550800,2819952
111,3418096,3019728
112,3633600,3142400
113,3745776,3313648
114,3916576,3059872
115,3651296,3645728
116,4208656,3925248
117,3927808,2933280
118,3569184,3106432
119,3725024,3098080
120,3737056,3471472
121,3918192,3006336
122,3637472,3332832
123,3926592,3189072
124,3755920,3249120
125,3768144,3373776
126,3947600,3074256
127,3706224,3077968
128,3667792,2812032
129,3439968,2695648
130,3248144,3589856
131,4150992,2701440
132,3341600,3214080
133,3825616,2689504
134,3345824,3656528
135,4295888,3061200
136,3636304,3448000
137,4026160,3389648
138,4025584,3939168
139,4003296,3145088
140,3791600,2865456
141,3410592,2852624
142,3479344,3106688
143,3708416,2934288
144,3546736,2983408
145,3579184,2834384
146,3355360,3233648
147,3797296,3394416
148,3975680,3804128
149,4322128,4105104
150,4531008,3130992
151,3663312,3384864
152,3968880,3344784
153,3966992,3859728
154,3954048,3027120
155,3594736,3010176
156,3638912,3210480
157,3822640,2817584
158,3501200,3253984
159,3680448,3554592
160,4142832,3408016
161,3787088,3469520
162,4061728,2925696
163,3540816,2949792
164,3465760,3844848
165,4472944,3410752
166,4038784,4319168
167,4978944,3046112
168,3530880,3204944
169,3550864,3268752
170,3738880,3792096
171,4310032,2968192
172,3445920,2965504
173,3550896,3614624
174,4169488,2975632
175,3525264,2930400
176,3462624,2942976
177,3529536,2871440
178,3403488,2858608
179,3452800,2983280
180,3594080,3280176
181,3701024,3021280
182,3593712,2974224
183,3537472,2844032
184,3491968,3032640
185,3615232,2932496
186,3536720,2914240
187,3509760,3084288
188,3668272,2934640
189,3565888,2988736
190,3522544,2880048
191,3467936,3853568
192,4391968,3349776
193,3905232,3205296
194,3869328,4113696
195,4095488,3005296
196,3549056,3010128
197,3428128,2925776
198,3409248,2914816
199,3446736,3272272
200,3912896,2903952
201,3429008,3279344
202,3772432,3295776
203,3795616,2967952
204,3469152,3538272
205,4021824,3724256
206,4047968,2934688
207,3578464,3017392
208,3618304,3744912
209,4358624,3344080
210,3942640,4163024
211,4148144,3609680
212,4109792,3371792
213,3902592,10983376
214,5092976,3637680
215,3966656,6846176
216,7384976,4397296
217,4546016,4597744
218,4287856,4466320
219,4956368,3924272
220,4291968,4494832
221,4190848,3633760
222,4209984,4120256
223,4603616,4960656
224,5382688,3206208
225,3688544,3028544
226,3565008,2993392
227,3474576,2875248
228,3347472,2997312
229,3435248,4268096
230,4731888,2902400
231,3458080,3643488
232,4140992,2876144
233,3362912,2897376
234,3546496,3082688
235,3648320,2855520
236,3491248,2031872
237,2613056,3409408
238,3873936,3583904
239,3983824,3037680
240,3598784,2950320
241,3543296,2954688
242,3562192,2782960
243,3424224,3709024
244,4270240,5084416
245,13820976,4375216
246,5507152,3524768
247,4903168,2880992
248,4098832,2993504
249,3424768,4215024
250,3399104,2812672
251,4641632,3800976
252,3387824,3037024
253,4352416,3281072
254,3522560,4435728
255,3782496,3015264
256,4994752,3057440
257,3585712,4149728
258,3639840,3581104
259,4675504,3023904
260,4065648,2751232
261,3589424,3692112
262,3343760,7154624
263,4222560,4047264
264,13084624,3744512
265,7728688,4274912
266,12816880,4994304
267,4121488,3596336
268,4167504,4200576
269,4017200,3171248
270,5508864,3394816
271,4080592,3592384
272,4133696,4035584
273,3707296,3957072
274,3890480,4187712
275,4007216,2798896
276,4395264,2911440
277,4458016,5302592
278,3887296,3370272
279,3272576,3421952
280,3344864,3788320
281,5743712,3300608
282,3834848,3053168
283,4029824,2903536
284,3791344,2908944
285,3714032,2883744
286,3548752,6922048
287,3385632,3066400
288,3428992,3347552
289,3418496,2805552
290,7457616,2824320
291,3640384,3055472
292,3898400,5029200
293,3258784,3399424
294,3363488,3484272
295,3650160,3779744
296,5563120,3894880
297,3889344,2959488
298,4042880,2682352
299,3716640,3271888
300,4498944,2710304
301,3391360,3379696
302,3201776,3900960
303,3785600,3382784
304,3242512,3340096
305,3880928,3456704
306,4267888,3119152
307,3862640,4051744
308,3751520,3178000
309,3935792,3342848
310,3765088,3148720
311,4673632,2712304
312,3687472,2811168
313,3887456,2868752
314,3540880,3099840
315,3201152,2882624
316,3309808,3713200
317,3408240,3978128
318,3690240,2755632
319,3395616,3989696
320,4381952,3285888
321,4346576,4181968
322,3363792,2903936
323,4447840,3780128
324,3844416,3075696
325,4805472,3655504
326,3501168,3512944
327,4436192,3736816
328,3545024,3496720
329,4087488,4211488
330,3868400,3829056
331,4343328,4471360
332,4071728,5290096
333,4328736,4490496
334,4406256,3334720
335,4756768,4118160
336,5942768,3270448
337,4209792,3206608
338,3910224,3387952
339,3652928,3806224
340,3927456,3149216
341,3774880,2962272
342,3929296,2869600
343,4204064,3309120
344,3693168,2789120
345,3623328,3603152
346,3494320,3169200
347,3932944,3150384
348,3460208,4558144
349,4180192,3300208
350,3745568,12242864
351,3710976,3770640
352,5110144,4939760
353,3710512,2868288
354,4486576,3138592
355,4318704,2938368
356,5457232,4579424
357,3481760,3340224
358,3698912,3083536
359,3382816,3067104
360,5075376,3182816
361,3897792,2835280
362,3701904,3157424
363,3659008,2981392
364,3804880,3297856
365,3472480,4302992
366,3712640,2920704
367,3671216,3203440
368,3920720,2587120
369,4990944,3491632
370,3506928,2796704
371,3868224,3007472
372,3208560,2792944
373,4127616,2992560
374,3441504,3040752
375,3610992,2447552
376,3428256,4215760
377,3633216,2971008
378,3628416,2920688
379,3062480,2849248
380,4305328,2826320
381,3584208,2926528
382,3519712,2844864
383,3490016,2907088
384,3386512,3848272
385,3430016,3591648
386,3411184,3642976
387,3557408,3255248
388,4527808,2981856
389,4150176,2933488
390,4123808,3267072
391,3898432,3300656
392,3519008,3241776
393,3560320,3219312
394,3856032,4035888
395,3836752,3005440
396,3885424,3367520
397,3826640,3615216
398,4065936,3538944
399,3640832,3849968
400,3831648,3162224
401,4151664,3369472
402,4053120,3244720
403,4420480,3644720
404,3778096,4211072
405,3984080,3482656
406,3359328,2915792
407,3640992,3446448
408,4192368,3300224
409,4106352,2889808
410,3452160,3099168
411,4140976,3332016
412,3934064,3499024
413,3481152,3876064
414,3718224,3609360
415,3908448,3405280
416,4110496,3364608
417,3870128,3956272
418,4256768,3147264
419,4067808,3541168
420,3862112,4327472
421,4521456,2780576
422,3619344,3012528
423,4126688,3040304
424,4347968,2812464
425,3335776,2951488
426,3445616,2908656
427,3509552,3064640
428,3381456,2955136
429,3627760,3370960
430,3614784,2882336
431,3629136,2980352
432,3561136,2877984
433,4023776,3093392
434,3475584,3135392
435,3590224,2646112
436,3357712,3243824
437,3763040,2976144
438,3748384,3081200
439,3240368,3171168
440,3839184,2845472
441,3445520,3067152
442,3625968,2770896
443,3728816,3754896
444,3425904,3319632
445,3637696,3200832
446,3292000,3980448
447,4451840,2969024
448,4018128,2952048
449,3812400,4707152
450,4454384,3475584
451,3502256,3807360
452,3541840,3415088
453,5257568,3037824
454,4026128,2883024
455,4358912,3862080
456,3783168,3389904
457,3489072,3107664
458,3506032,4145616
459,4450944,3021984
460,3934864,3255792
461,3812064,3866992
462,4789840,3955040
463,3699392,3244784
464,3808544,3357120
465,4412160,3148992
466,4490672,3306800
467,3851984,4086160
468,3846160,2991808
469,3818608,2710352
470,3952048,3068528
471,4098560,2889488
472,3630080,2865968
473,3339264,3271616
474,3696064,3183472
475,3446224,3059104
476,3492336,2850208
477,3939872,2950320
478,3782320,2865808
479,3612624,2883504
480,3407808,3221696
481,3475872,3533472
482,3430192,2886112
483,3516016,3250432
484,3786832,3284496
485,3985904,3646224
486,3520688,3404384
487,3848048,3200864
488,3860704,2900368
489,4289712,3569392
490,4025552,3261552
491,3802080,4228032
492,3463504,3360896
493,4204928,3359056
494,3923712,3067856
495,4923984,3092144
496,3946848,3290480
497,3932160,3247424
498,3671344,3430800
499,3795952,3165136
500,3814448,2923216
501,3780672,3060304
502,3925216,2934432
503,3786480,2674608
504,3552784,2655888
505,3638160,3848976
506,3564240,2878096
507,3258000,2820928
508,3343680,2951120
509,4439648,2979584
510,3478064,2826512
511,3413728,3341584
512,3527248,2946976
513,3640912,2971344
514,3458512,2765008
515,3976272,3643904
516,3491696,4503008
517,3589648,2786240
518,3361600,3407648
519,4302048,3115920
520,5106800,2973168
521,3470576,2869104
522,4091360,2922480
523,3707936,2992192
524,3511648,3253584
525,3497200,2998832
526,3491904,2962848
527,3574624,2954000
528,3755136,2945488
529,3577216,2983888
530,3535104,2906992
531,3498592,3107824
532,3536160,3171232
533,3588384,2822000
534,3466752,2820464
535,3717376,3296592
536,3758128,2643392
537,3376160,2799088
538,3358432,3468992
539,3948560,2852928
540,3259232,3052560
541,3463328,2935968
542,4125712,2812416
543,3449808,3350864
544,3631456,2977888
545,3574320,2925616
546,3491536,3017872
547,4022896,2861408
548,3558944,2936624
549,3423232,2891408
550,3631616,3343136
551,3391168,2878128
552,3575024,2782224
553,3580944,3099168
554,3961232,3348384
555,3428528,2619424
556,3466096,3149664
557,3696656,2820064
558,4005728,3122256
559,3197088,3107632
560,3841584,2797184
561,3522784,3228400
562,3795552,2834064
563,3782400,3348912
564,3423440,2946192
565,3876544,2940544
566,3462320,3402848
567,3995568,2907088
568,3586608,2873872
569,3538048,3456032
570,3992256,3314160
571,3523984,3526560
572,3543040,3670576
573,4085728,3062240
574,3865040,3320960
575,4038192,3627008
576,4278576,3686848
577,3639728,3048976
578,3801120,3056256
579,4263104,3047776
580,3758752,2877584
581,3609312,3080160
582,3570384,2972032
583,3653616,2901632
584,3425056,3005632
585,3755632,3159936
586,3496496,2802240
587,3390128,2917872
588,3655184,2879824
589,3829328,3553664
590,3354288,3329856
591,3538560,2953248
592,3550080,2674656
593,4178832,2880832
594,3914512,2905280
595,3564416,2773664
596,3313104,3431248
597,3440688,2838224
598,3468256,2745568
599,3420112,3235120
600,4100240,2768464
601,3438160,3489216
602,3261264,2895072
603,3879712,2773696
604,3360128,2822352
605,4105776,3176000
606,3409808,2841312
607,3390112,3319760
608,3530688,2748560
609,3863856,2892240
610,3506176,3273328
611,3932912,3012592
612,3349248,3006880
613,3550656,2998528
614,3950240,1912192
615,3499520,4244064
616,3492336,2899088
617,3562848,3164720
618,2484464,3032896
619,4368000,3133840
620,3509520,2989088
621,3755008,3659248
622,3543120,3779536
623,3760496,2964544
624,3505136,3009984
625,4279584,2749152
626,4166592,3687440
627,3544624,3185776
628,3636176,3177520
629,3414944,3452480
630,4339312,3693088
631,3769632,2996208
632,3783136,3153552
633,4036784,3271472
634,3793008,3278624
635,3647136,3040096
636,3825264,3037472
637,3904224,3572336
638,3780576,3692560
639,3580976,2530352
640,3721808,3503520
641,4162432,2712960
642,4112848,3742736
643,3175088,3001296
644,4083456,2793120
645,3335920,2827424
646,4445296,2929392
647,3553344,2650976
648,3393776,3544560
649,3429616,2823264
650,3571392,2896480
651,3262544,2666352
652,4194848,3182944
653,3439776,3251696
654,3482160,2758960
655,3335952,3877360
656,3838496,3075744
657,3948800,2803056
658,3391568,3018320
659,4524496,3029920
660,3711584,2984704
661,3499920,3223152
662,3613936,3596544
663,3630944,3853616
664,3616496,3095344
665,3905376,2924560
666,4249712,2900592
667,3855472,2845104
668,3649552,3089456
669,3470320,2987088
670,3502704,3153712
671,3410048,3079744
672,3733200,2932432
673,3681696,2939376
674,3735808,2997072
675,3639056,3137856
676,3482416,3120176
677,3569632,3074768
678,3532592,3603760
679,3712944,4212976
680,3686960,6360736
681,11136800,6653376
682,3748272,5916240
683,4174752,3490432
684,4803472,3052576
685,13058928,3229104
686,5769328,2727328
687,5699216,2881968
688,6165200,3121680
689,4005312,3372880
690,3641232,2961984
691,3864128,2705248
692,3370336,2795744
693,3501840,3634976
694,3736288,2984992
695,4017984,2754144
696,3597360,2660656
697,3344304,3743936
698,3451248,2970832
699,4265136,2871968
700,3575840,2895088
701,3298288,3175808
702,3256192,3390256
703,4366176,3586656
704,3558864,3811392
705,3529264,2819568
706,3407168,3391168
707,3742864,2922448
708,3986096,2915360
709,4174032,3091504
710,3842768,3072304
711,3482160,2764192
712,4016512,3077920
713,3495664,2949824
714,3530816,2948576
715,3711008,2997472
716,3597264,3134256
717,3382000,3021216
718,3755520,3011920
719,3482368,3110272
720,3586752,2840176
721,3586192,2887504
722,3761360,2954960
723,3554432,2859936
724,3541264,3488880
725,3626656,2772416
726,3400544,3156048
727,3423360,3597792
728,3602672,3499712
729,3516592,3593888
730,4159472,3220656
731,3375696,2884000
732,3732672,2749760
733,4137760,3060112
734,4076352,3189360
735,4104096,3584448
736,3829152,3072240
737,3530832,3578304
738,3434784,3885680
739,3654192,3968320
740,3691616,3809376
741,4040896,3326320
742,3755280,2916176
743,4247440,2978864
744,3951632,2797264
745,4559392,2748480
746,4295312,2999392
747,3909424,2593920
748,3526016,3608176
749,3564976,2634208
750,3446032,3842320
751,3390272,4576240
752,3644624,3534000
753,3243792,3185696
754,4110576,3615408
755,3280336,3220480
756,4467184,3784720
757,5025792,3197568
758,4186624,3019664
759,3815904,3357600
760,4218048,3249552
761,3687056,4220144
762,4427696,3136368
763,3724384,3195792
764,3621744,3471728
765,3928656,3715296
766,3854832,3105936
767,4245408,2568480
768,3678768,3408064
769,3757088,3006096
770,4128688,3218336
771,4277184,2954512
772,3775136,2951440
773,3220528,2829584
774,4026816,2824544
775,3658336,3472512
776,3865488,3139392
777,3565600,3058320
778,3552848,2891920
779,3464672,2987664
780,3467984,3109504
781,4091776,2948016
782,3723232,2758992
783,3665184,3075856
784,3504784,2998928
785,3606320,2657360
786,3749744,2760160
787,3506704,3230368
788,3379376,2507232
789,3664368,3313776
790,3569008,3026528
791,3239600,2680400
792,3400160,3404384
793,3867232,3458928
794,3175984,2811536
795,3792864,2727472
796,3528032,2831312
797,3303488,3962736
798,3960144,3349728
799,4100016,3956480
800,3400816,3204384
801,3417808,3090848
802,3506112,3030416
803,4614368,2792656
804,3954288,3317120
805,3912720,3678832
806,3868160,3687776
807,3778640,2683424
808,3557488,3207104
809,3327712,3011088
810,3989152,3841392
811,4271280,2963936
812,4321040,3024224
813,3365376,2863536
814,3603008,2832624
815,3614192,2797392
816,4450272,2822736
817,3566864,2698128
818,3552832,3504912
819,3412192,2714992
820,3469360,3047696
821,3422128,3291280
822,3511984,2652672
823,3309328,3537024
824,4007504,2814000
825,3353536,2846512
826,3615344,3064784
827,3897376,2773120
828,3328336,3611104
829,4134272,2784080
830,3361792,3262256
831,3502768,3175264
832,3715776,3182544
833,3440928,3512848
834,4304432,3925920
835,3399776,2678832
836,3938032,3154688
837,3734816,3144304
838,3831104,2860048
839,4177696,2936720
840,3998016,3057424
841,3295088,2984368
842,3860368,3052736
843,3775632,2974912
844,3476016,3137744
845,3598736,3164784
846,3745712,3271648
847,3635728,3771152
848,3673760,3508400
849,3638944,2783568
850,3740368,3585632
851,3764592,2731344
852,3835136,3452176
853,4303056,2802192
854,4031072,3172016
855,3393760,3070960
856,4131808,2957216
857,3353888,3022944
858,4070256,2994576
859,3429632,3382080
860,3801392,4330816
861,3702832,3248112
862,3549472,2846864
863,3578480,2866416
864,3575040,3086288
865,3967376,3040032
866,4979776,2898912
867,3935376,2797472
868,3416560,3203216
869,3495744,3066976
870,3743088,3212944
871,3600544,2841872
872,3471792,2991584
873,3348800,2890016
874,3792272,2818656
875,3651632,3007456
876,3823936,3077136
877,3387024,3100512
878,3576656,3048160
879,3482096,3019552
880,3402016,3144688
881,3642368,2928112
882,3689504,3051280
883,3770960,3036592
884,3633024,2955872
885,3531360,2917392
886,3700480,3095248
887,3484656,3075216
888,3620144,3833680
889,3569296,3536336
890,3514432,3610416
891,3494192,2810224
892,3678032,3234976
893,3692368,3284656
894,4302608,3458944
895,4088512,4167120
896,4235776,2981408
897,3453248,3052640
898,3865888,3603296
899,3890512,3266112
900,4091552,3770160
901,4269104,3012304
902,3468288,2774368
903,3616672,3920800
904,4112240,3066192
905,3820368,2971920
906,4168880,3568240
907,3649984,3903136
908,3426288,3132032
909,4552000,2819312
910,3700256,2948480
911,3640112,2952272
912,4250704,3113744
913,4006640,2922432
914,3675632,3074384
915,3369792,2851824
916,3433904,3084016
917,3565264,2983104
918,3761264,3012704
919,3485680,3313504
920,3658560,2986608
921,3483680,2933520
922,3750528,2993104
923,3552288,2855504
924,3588784,3101296
925,3883328,4092800
926,3544448,3582048
927,3505200,2447072
928,3617024,3685248
929,3416688,2842256
930,3737344,2756448
931,4640880,3638720
932,4095472,2954624
933,3082880,3060496
934,4051232,2844768
935,3376208,2800496
936,3402304,2906128
937,4215488,3315824
938,3584192,2906176
939,3676336,2796032
940,3382864,3486192
941,3443120,3415680
942,3549664,3543216
943,3906608,3736752
944,3439968,2828416
945,3395232,3430928
946,4166864,2612368
947,3955824,3457328
948,4196032,3210160
949,3891488,2736656
950,3400544,3024624
951,4058128,2870720
952,3246928,2880768
953,4104128,2615712
954,3706672,3416912
955,3425840,2594176
956,3511520,3156304
957,3484304,3266304
958,3396672,2929792
959,3219072,2714464
960,4090176,3200096
961,3235696,2789776
962,3840608,3228272
963,3960032,2865808
964,3481888,3128160
965,3310288,3169872
966,3824816,2877904
967,3427680,3122128
968,3861472,2991904
969,3552480,3190816
970,3740032,2909824
971,3838976,2806176
972,3495328,2982800
973,3736048,2758176
974,3544400,3458048
975,3768176,2863408
976,3483712,2859952
977,3383008,2855648
978,3553280,3366800
979,3376448,2916464
980,4122672,2985408
981,3492400,2873152
982,3442352,3016816
983,3532128,3219968
984,4000032,2766976
985,3471824,3013136
986,3600928,2865792
987,3429504,3373408
988,3684096,2565552
989,3826720,3051168
990,3327360,2944256
991,3679712,2494832
992,3565792,3520160
993,4000960,3364544
994,3154000,3512720
995,3744352,3288592
996,3557280,3310064
997,3136768,4262976
998,3603152,3294176
999,3983952,3435488
1000,4113424,3535360
1001,3854176,3322528
1002,3735312,2769728
1003,4734192,3404752
1004,3923856,2982752
1005,4104144,2918432
1006,3659872,2825088
1007,3930704,2928080
1008,3337872,2898752
1009,4065280,3044448
1010,3545280,3576544
1011,3484272,3388976
1012,3415632,3467056
1013,3512336,3699440
1014,3559040,3244496
1015,3694480,3442240
1016,4262960,3135776
1017,3951824,3376416
1018,3769744,4053552
1019,4190848,3010944
1020,3848576,2822992
1021,4061104,2762288
1022,3787136,2976688
1023,4022400,2885056
1024,4154736,3352656
1025,3663664,2929568
1026,3410176,2976656
1027,3287104,2832272
1028,3604784,2911824
1029,3491984,3109072
1030,4034800,3390304
1031,3551472,3070368
1032,3574192,3000864
1033,3500624,2833296
1034,3523200,2856128
1035,3779056,2804720
1036,4027232,3336016
1037,3657360,3458464
1038,3543200,3370320
1039,3449280,3666768
1040,3414128,2755136
1041,3329472,3613968
1042,4011504,3231248
1043,4046640,2993056
1044,3985568,3025456
1045,4165120,3195328
1046,3432736,3162752
1047,4189728,3283456
1048,3786176,3994960
1049,3564432,3199568
1050,3619264,3344416
1051,3817472,3544832
1052,3793952,3695136
1053,3883088,3180864
1054,4679104,2864832
1055,3848576,2875648
1056,3811264,3493712
1057,3987712,2991744
1058,4218064,2798192
1059,3723152,2929584
1060,3506848,2745216
1061,3437152,3058080
1062,4119600,2913392
1063,3610480,3026800
1064,3437280,3579392
1065,3569776,3006176
1066,3401248,3198848
1067,3670144,2939456
1068,3502048,3175376
1069,3553952,3098736
1070,4143088,2769136
1071,3556176,2998560
1072,3698960,2963680
1073,3537408,2756352
1074,3830640,2996880
1075,3658880,2819440
1076,3417456,3221280
1077,3559136,3003104
1078,3560976,2836992
1079,3341184,2848000
1080,3608864,2963152
1081,3434944,3030480
1082,3878432,3327680
1083,3438384,2966320
1084,3449408,2929360
1085,3472576,2754336
1086,3588144,2564560
1087,3599120,3505584
1088,4004448,2512160
1089,3563392,3780624
1090,3561680,3076000
1091,3440480,3451760
1092,3149232,3256288
1093,4060000,6020848
1094,3174256,2863792
1095,4292608,3035440
1096,3690144,3206880
1097,3925872,3076096
1098,3904192,3030640
1099,6665136,2992080
1100,3507904,3038912
1101,3676960,2744336
1102,3789520,3184992
1103,3668544,2992096
1104,3632528,3154288
1105,3649856,2670032
1106,3654528,2726304
1107,3349104,2849264
1108,3759984,3653632
1109,3608800,2969888
1110,3717968,2913392
1111,3294880,2792576
1112,3351040,2727936
1113,3467520,4030016
1114,4254496,3293856
1115,3532608,3426176
1116,3516992,3699056
1117,3441712,2791248
1118,3396672,3214096
1119,4656736,2814864
1120,3929472,2487056
1121,4034864,4070752
1122,3813456,2890224
1123,3468912,2697888
1124,3896080,2942352
1125,3477168,3346336
1126,3169952,2755776
1127,4101248,3145344
1128,3415824,2958864
1129,3306640,3050352
1130,3582976,2779648
1131,4046608,3359504
1132,3372912,2797088
1133,3837296,2856080
1134,3480256,2877664
1135,3683520,2390784
1136,3350368,3102192
1137,3996384,3754768
1138,3398176,2764816
1139,3462496,3068880
1140,3474912,2910848
1141,3091168,3293888
1142,3220544,2734048
1143,3866416,3881888
1144,3366544,3891136
1145,3677936,3174896
1146,3546464,2920784
1147,3950736,2618720
1148,3363072,4119344
1149,4559248,2895552
1150,4505536,2978096
1151,3762512,3402784
1152,3589632,3267536
1153,3280912,4010672
1154,4614912,3121616
1155,3558128,3220128
1156,3545152,3810576
1157,3968608,3552400
1158,3931488,2731280
1159,4688384,3868064
1160,3805120,2958032
1161,3743872,3230688
1162,4333328,3280976
1163,4077584,3353120
1164,3400912,3854752
1165,4443760,2859328
1166,3595360,4581072
1167,3842912,3404608
1168,3899376,3480160
1169,4042464,9170832
1170,3917744,3129392
1171,3546304,3625200
1172,4955888,3512352
1173,4093424,2976704
1174,4084160,3103632
1175,9788816,3169792
1176,3727696,3225536
1177,4183264,5096960
1178,4101568,3773568
1179,3618208,3640832
1180,3717168,3184800
1181,3783984,3223456
1182,3866272,3549328
1183,5626832,4226160
1184,4329792,2999232
1185,4107280,3302224
1186,3637296,3017312
1187,3839184,3336832
1188,4096496,3515136
1189,4872752,3662336
1190,3627536,3344976
1191,3937984,2815088
1192,3602240,2906128
1193,3935792,2794576
1194,4082480,3143456
1195,4126176,3542096
1196,4010576,3041136
1197,3436688,2896240
1198,3563904,3063616
1199,3448368,3245744
1200,3745936,2903088
1201,4213616,2721504
1202,3666240,3053392
1203,3478320,3277984
1204,3697904,3119952
1205,3856528,3245776
1206,3534368,4410080
1207,3404672,2853472
1208,3669440,3218336
1209,3861104,3068048
1210,3708704,3378752
1211,3889728,3560992
1212,5054272,3494304
1213,3505088,3489040
1214,3791952,3399808
1215,3608272,4334864
1216,4060112,3022080
1217,4055216,3231664
1218,3937712,3856192
1219,4118224,3283136
1220,3919808,3432400
1221,5012880,2841504
1222,3662624,2594944
1223,3842896,3364128
1224,4257728,2841984
1225,3874640,3721264
1226,3999328,3335984
1227,3474608,3448864
1228,3237456,3263120
1229,3871232,4133440
1230,3482720,2990608
1231,4352528,3726416
1232,3945600,3384480
1233,4042992,2780224
1234,3277456,3888928
1235,4176704,2901168
1236,3606624,3021200
1237,4428048,2927760
1238,3956368,3068960
1239,3367008,3229488
1240,4376720,2918752
1241,3468512,2871072
1242,3667936,2845408
1243,3475216,2787648
1244,3703152,2698112
1245,3787456,3391632
1246,3503152,2747728
1247,3460496,3503216
1248,3495200,3612640
1249,3456816,4149296
1250,3313568,3139200
1251,4063952,3026512
1252,3416144,3071392
1253,4142528,3029568
1254,4240944,2847536
1255,4801744,3283056
1256,3728720,2951808
1257,3541984,2829440
1258,3609216,3033104
1259,3596256,2926288
1260,3456176,2703088
1261,3952800,3471328
1262,3606896,2890320
1263,3399440,3013312
1264,3548464,2892384
1265,3484096,3240448
1266,3259120,2546160
1267,4084496,3267184
1268,3499776,2824864
1269,3549120,3718272
1270,3384896,2605504
1271,3914240,2948976
1272,3183712,2994064
1273,3933696,2995040
1274,3446816,2971104
1275,4396128,3090096
1276,3287872,3120592
1277,3558576,3741648
1278,3451184,4087504
1279,3578576,3487504
1280,3581424,3529856
1281,3663872,3623104
1282,3661632,3025296
1283,4223856,3309376
1284,4516000,3175504
1285,4018384,3114464
1286,4129360,2817712
1287,3208656,3016480
1288,3657088,2885776
1289,4001936,3292080
1290,3817568,3842016
1291,3731728,4296064
1292,3460736,3331872
1293,3563344,4320016
1294,3512768,3136768
1295,3899920,3691184
1296,4378160,3888944
1297,4658688,2878976
1298,3992608,2929088
1299,4960640,3718880
1300,3684544,3122048
1301,4237168,3168848
1302,4252528,3338912
1303,3517392,3923104
1304,3609376,3001792
1305,4306016,2837936
1306,3807184,2951360
1307,3834944,3044752
1308,4020528,3367008
1309,3952912,3073024
1310,3693520,2980672
1311,3498400,3138528
1312,3531808,2751760
1313,3712992,3186400
1314,4063488,3508192
1315,3627200,3318736
1316,3541232,3304608
1317,3773488,3095360
1318,3405584,3385104
1319,3763840,2907824
1320,4034848,3010464
1321,3919696,2805824
1322,3860864,3391248
1323,3507008,2919776
1324,4054528,3838640
1325,3552576,4651216
1326,3647616,2613696
1327,3474816,2911696
1328,4013008,3255568
1329,3554496,2929968
1330,4322048,2932096
1331,5236496,3032096
1332,3082080,2838592
1333,3474176,3057248
1334,3899712,3406704
1335,3544352,3010816
1336,3517600,3648496
1337,3595296,3863808
1338,3318304,2865024
1339,3757680,2921360
1340,4008672,2956688
1341,3413712,2942832
1342,4251504,3434160
1343,4413056,3209584
1344,3545792,3163600
1345,3520176,3238032
1346,3583152,4274784
1347,3575712,2804128
1348,3993312,3182560
1349,3827472,2858496
1350,3716512,3043088
1351,3895888,2951280
1352,4896096,3486160
1353,3489056,2961968
1354,3823376,2840320
1355,3501920,2827760
1356,3648304,3048352
1357,3582944,2808400
1358,4097360,3190048
1359,3462992,3055808
1360,3449488,2951568
1361,3441104,3082016
1362,3677376,3061008
1363,3487056,3143488
1364,3746832,3022992
1365,3704384,2888144
1366,3535568,2842608
1367,3781616,2960752
1368,3661344,2958192
1369,3689456,3295936
1370,3574112,3067536
1371,3489968,4136816
1372,3421744,3372608
1373,3501968,2658080
1374,3509792,4056080
1375,3946480,3327888
1376,3688256,4240352
1377,4693520,2965936
1378,4044352,3083600
1379,3321440,2939712
1380,4481408,3243568
1381,3985584,3276016
1382,4844432,3549440
1383,3588528,3896704
1384,3550336,2968432
1385,3561008,3093056
1386,3868304,3152304
1387,3820160,3384656
1388,3966192,3488288
1389,4420096,3067168
1390,3527936,3752368
1391,3724672,3343664
1392,3746928,3672064
1393,3985328,3289968
1394,4087456,3396816
1395,3161536,3070896
1396,3802608,3267408
1397,3962784,3203584
1398,4276928,3115120
1399,3931536,2835536
1400,3965504,3119312
1401,3622576,2982592
1402,3890544,2953824
1403,3734688,2879920
1404,3688144,2786752
1405,3427648,2732112
1406,3733248,3273264
1407,3589616,2810656
1408,3533344,2755456
1409,3500864,3788128
1410,3425312,2890912
1411,3350528,2923904
1412,3831440,2612240
1413,3418576,3578048
1414,3364208,3058608
1415,4480896,3531856
1416,3412400,3253936
1417,3458400,4105008
1418,3223808,3105616
1419,4197600,2888304
1420,3696560,2937152
1421,4096480,2891632
1422,3899616,3192720
1423,4178640,3082560
1424,3640864,3649008
1425,3427712,3705280
1426,3535232,2688064
1427,3423712,4263184
1428,3767248,3206736
1429,3696000,3289232
1430,4078128,3163888
1431,4252256,3558320
1432,3257824,3226960
1433,4771616,2998864
1434,3861792,3095360
1435,3972720,2993088
1436,3245856,3936128
1437,3683904,4052736
1438,3886912,3613216
1439,3615088,3341344
1440,3660960,3217568
1441,3605104,4246624
1442,4473392,3938736
1443,4620656,4448208
1444,4205040,4492000
1445,3984544,2967184
1446,3264576,3203344
1447,4281328,3923072
1448,4433424,3109968
1449,5069280,4123440
1450,5143376,3280736
1451,3556176,3188960
1452,3853152,3883616
1453,4603552,8686336
1454,3706704,6311920
1455,4696384,4610576
1456,3932192,5005392
1457,3223952,3493712
1458,3882096,3511792
1459,9160128,3279248
1460,6663760,2994112
1461,5253520,2114512
1462,5634624,3986992
1463,4134048,2936528
1464,4020416,3066960
1465,3759424,3418048
1466,3568064,3563760
1467,2663488,5056864
1468,4394352,4260736
1469,3471968,3652800
1470,3365968,3902912
1471,3936224,3310848
1472,4128768,3238704
1473,4703296,3039632
1474,4579360,3288128
1475,4183488,4053104
1476,3860304,3364080
1477,3590096,3795840
1478,3722640,4193248
1479,3609232,2712736
1480,3574864,3294480
1481,4467296,3375184
1482,3967344,3680496
1483,4300224,3510160
1484,4168400,2888064
1485,3280848,2594544
1486,3928336,3264096
1487,3835152,3418272
1488,4106896,2827600
1489,3933472,3085840
1490,3493040,3148640
1491,3163696,2840016
1492,3679856,2960992
1493,3369456,2747664
1494,3476800,3604848
1495,3674656,3242784
1496,3759168,3239840
1497,3331696,3140560
1498,3546992,3439360
1499,3349312,3806160
1500,4159536,3000384
1501,3733168,3058720
1502,3782848,2767184
1503,3760160,3167152
1504,4039088,3509760
1505,3765664,3008912
1506,3506848,3208496
1507,3578832,3185520
1508,3301920,3863552
1509,3781168,2792512
1510,4008960,3136992
1511,3490416,3296672
1512,3707712,3211664
1513,3716144,3744528
1514,4253920,3243168
1515,3394272,3564928
1516,3694624,3364544
1517,3784272,2896224
1518,3702192,3125616
1519,4219440,3471632
1520,3202400,3625008
1521,3557904,3576112
1522,3966304,3022768
1523,3447216,3163120
1524,3643888,3121216
1525,3982832,2998560
1526,4181952,3085088
1527,4041136,3848368
1528,3610304,4111424
1529,3761392,3013200
1530,3635840,3257344
1531,3518896,3091664
1532,3629488,4016992
1533,4321344,3686192
1534,4113392,3169584
1535,3571984,2953936
1536,3655904,3060224
1537,3613168,3334192
1538,4545168,3466128
1539,4314832,3525008
1540,3712368,2947568
1541,3567504,3702192
1542,3605312,2986208
1543,3953888,3817296
1544,4131360,3896528
1545,3519360,3136864
1546,3540384,3123408
1547,4324672,3231344
1548,3605520,3468208
1549,4405616,3971696
1550,4357312,3492544
1551,3707888,3659840
1552,3702352,3768016
1553,3866432,2839280
1554,4151424,3084144
1555,4054640,2519632
1556,4103520,3467296
1557,4209760,2930016
1558,4273280,2806688
1559,3502288,3195872
1560,3701216,3556688
1561,3049312,3311696
1562,3851648,4146640
1563,3336736,3229840
1564,3422128,3127408
1565,3756848,2997344
1566,4084224,2984256
1567,3865488,3237488
1568,4760192,3187472
1569,3826848,3160032
1570,3643344,3510576
1571,3435456,3169856
1572,3507152,3564016
1573,3763840,3100256
1574,3573968,3193952
1575,3660576,3510272
1576,4041312,4050880
1577,3596592,3165888
1578,3989504,3005024
1579,3680928,3016432
1580,3741856,3229584
1581,3978816,3235264
1582,4650256,4120672
1583,3762928,2910512
1584,3531024,2171280
1585,3524160,2971760
1586,3759280,2519952
1587,3702464,2779024
1588,4553264,2842544
1589,3488208,3206208
1590,2700672,2851296
1591,3560688,2775184
1592,3173824,2450224
1593,3289904,3007472
1594,3394512,3873216
1595,3859056,2782528
1596,3409040,3274032
1597,3405248,2774128
1598,3086080,2555360
1599,3085840,3423296
1600,3918192,2589344
1601,3381040,3262432
1602,3876624,2708688
1603,3397104,3200912
1604,17742224,3035200
1605,3195664,3011744
1606,4099824,2891440
1607,3254112,3389760
1608,3909872,2247664
1609,3370112,3109120
1610,3761936,2951776
1611,3678704,3350464
1612,3684912,3068400
1613,3528336,2607856
1614,4035760,3108592
1615,2868912,3306768
1616,3561392,3480496
1617,3484976,3495232
1618,3791152,3185120
1619,3684912,2898080
1620,3131072,4045424
1621,3609328,2881920
1622,3932576,3116160
1623,4156064,2763600
1624,3916240,3312448
1625,3838672,2932992
1626,3599840,4028608
1627,4620352,4341504
1628,3539456,2490816
1629,3766096,3126944
1630,3416784,3114384
1631,3961776,3305696
1632,3636928,2827584
1633,4672016,2542608
1634,4554016,3184416
1635,3056032,2963312
1636,3798224,3144832
1637,3724032,3012400
1638,3762224,2510800
1639,3283152,3707472
1640,3148656,9006672
1641,3820640,8571248
1642,3583792,3351104
1643,3757040,3080512
1644,3524816,3062816
1645,3118144,3017680
1646,4345872,3607456
1647,9502176,5149520
1648,9142800,6095248
1649,3886528,2943552
1650,3605472,6402688
1651,3667600,4762880
1652,3577552,7996224
1653,4081424,3773008
1654,5846448,2764496
1655,6320176,3165296
1656,3497296,3187744
1657,16758576,2386336
1658,6483168,2819632
1659,4424128,2624960
1660,4943952,3523904
1661,4156960,3158752
1662,3316208,3209952
1663,3549440,3339232
1664,3637008,3273520
1665,3022112,3536560
1666,3371504,2845264
1667,3197536,2726672
1668,4194896,3599712
1669,3689232,3811392
1670,3827024,3284592
1671,3824208,4033440
1672,3686768,2913648
1673,4086352,3022000
1674,3497328,3434816
1675,3294800,4470640
1676,4187296,3929216
1677,4483552,4202400
1678,3962592,3032832
1679,4098432,4179680
1680,3519696,3717264
1681,3604912,2696736
1682,4004720,3530656
1683,4855312,3028480
1684,4417360,2849792
1685,3928192,2641744
1686,3566112,2908864
1687,4630976,3471728
1688,4068096,3013264
1689,3247072,2597904
1690,4153600,3068544
1691,3576416,2652848
1692,3324064,3001568
1693,3104000,2831936
1694,3503968,3018048
1695,3850672,3449312
1696,3590960,2517536
1697,3189664,3393168
1698,3691984,3038016
1699,3261712,3271968
1700,3639904,2473600
1701,3457984,3420736
1702,3551008,3048480
1703,3962000,2486752
1704,3143856,3447872
1705,3852128,2420688
1706,3675936,3406032
1707,3917696,3135696
1708,3047472,2556560
1709,3916768,3774928
1710,3452368,2921312
1711,3120976,3939344
1712,4038992,3849184
1713,3037472,3011168
1714,3796832,3376448
1715,3806976,3006992
1716,3197264,3291136
1717,4312080,4083088
1718,3450288,3147264
1719,4557408,2718816
1720,3867168,2923056
1721,3629968,3057056
1722,4058944,3170320
1723,3566336,2782224
1724,3751680,3273472
1725,4587664,3565696
1726,3569184,2777520
1727,3189312,7003936
1728,3567120,6290672
1729,3682976,5798736
1730,3773632,9728416
1731,3398720,8143424
1732,3375856,4710736
1733,3992016,4317488
1734,3486560,4209216
1735,7182416,3971840
1736,6919712,4517376
1737,6321520,4292432
1738,9790480,4059008
1739,7236208,3985744
1740,5264928,4040976
1741,4824944,8004144
1742,4221296,5551472
1743,4514624,7322304
1744,4926096,6511248
1745,4757120,7456240
1746,4678816,4085744
1747,4377360,3180144
1748,4501664,3911856
1749,7356656,3849632
1750,5987168,3834432
1751,6441744,4304336
1752,5612208,2980480
1753,6727312,2937168
1754,3851248,3161408
1755,3712896,5360144
1756,4148880,4876000
1757,4394176,3804128
1758,4522240,3829312
1759,4110240,5635760
1760,3577840,3998192
1761,3479088,3402624
1762,3693904,3433696
1763,5931376,4504720
1764,5461584,2910896
1765,4408272,2845248
1766,4256576,3420704
1767,6181456,3776224
1768,4163088,3765280
1769,3851680,3934464
1770,3939920,4118240
1771,4951072,3155072
1772,3516592,3229488
1773,3522464,3215792
1774,3955408,3408416
1775,4176608,3922160
1776,4236288,2901072
1777,4135872,3198816
1778,4804208,3438544
1779,3797392,2809312
1780,3790880,2769920
1781,3784848,3172928
1782,4018976,3280816
1783,4503120,3286544
1784,3418272,3130608
1785,3798736,3470208
1786,3982480,3566544
1787,3363056,3509552
1788,3393360,3210720
1789,3816400,4372944
1790,3820528,3378368
1791,3852224,3189904
1792,3787648,3025184
1793,4162080,3130016
1794,3633632,2720256
1795,4090976,3214944
1796,3769552,2757264
1797,4931152,3126736
1798,3926528,3267200
1799,3727920,3190288
1800,3644880,3255184
1801,3788992,4042560
1802,3427984,3067728
1803,3787360,2992016
1804,3414800,3876544
1805,3696368,3625824
1806,3933200,3356464
1807,3865168,3175424
1808,3919296,3359232
1809,4174864,3518368
1810,3644272,4037376
1811,3524800,2861312
1812,4393952,2961376
1813,4098640,2809184
1814,4003616,3206224
1815,3735968,2775408
1816,3878800,3219056
1817,4173056,3026896
1818,4069856,3045280
1819,3511856,3231584
1820,3540192,3575328
1821,3383216,3494496
1822,3767664,3520816
1823,3354464,2853296
1824,3902384,3009344
1825,3612608,2741536
1826,3668496,4160032
1827,3781984,3527808
1828,4071232,3770176
1829,4075344,3018400
1830,3900192,2991696
1831,3508848,3003600
1832,3627120,2793408
1833,3399840,3183424
1834,4775072,2784208
1835,4195952,3199392
1836,3863136,3130208
1837,3714992,2763792
1838,3699136,2930848
1839,3668464,3491888
1840,3461024,2873616
1841,3879584,2969696
1842,3452528,2859504
1843,3873840,2811808
1844,3807936,3022416
1845,3333376,2976128
1846,3520896,3409216
1847,4062432,3073776
1848,3437520,2852736
1849,3592880,2864960
1850,3394176,2834736
1851,3481840,3287952
1852,3708224,3003088
1853,3578944,2808976
1854,4084496,2908928
1855,3653472,3434976
1856,3392928,2791248
1857,3393952,3027968
1858,3512400,2870240
1859,3958144,2767360
1860,3626848,3281984
1861,3389296,2946384
1862,3595104,3508944
1863,4061520,3015200
1864,3350832,3084432
1865,3639696,2747632
1866,3486912,3000656
1867,3470704,2885376
1868,3948768,2861392
1869,3649680,3575440
1870,4108960,3480720
1871,3671088,3393648
1872,3712768,2889232
1873,3431856,3657600
1874,3508992,3751328
1875,3306688,3214640
1876,3431952,4310240
1877,4103296,3530240
1878,4138608,4030352
1879,4001360,3784912
1880,3526576,3613408
1881,4132592,3408944
1882,4188944,3295360
1883,3891760,3336912
1884,4345024,3677648
1885,3980432,3111568
1886,4627792,3678832
1887,4366944,2466512
1888,4194480,3607744
1889,3470544,3002320
1890,3925456,3077152
1891,3999760,2808608
1892,4149568,3259728
1893,3808832,3134832
1894,4175280,3698944
1895,3116272,4190288
1896,4121632,3045488
1897,3620752,2964752
1898,3740976,2989280
1899,3458512,2971568
1900,3937216,3826224
1901,3695840,3700608
1902,4331888,3566816
1903,4788128,2716272
1904,3594096,2726544
1905,3573840,4443488
1906,3577856,4553712
1907,3470656,3581600
1908,4378544,3857712
1909,4301936,3322480
1910,4197760,3028384
1911,3361136,3684240
1912,3377648,4220208
1913,5072368,3205600
1914,5250288,3565264
1915,4201504,3728560
1916,4206768,3915520
1917,3991104,4429232
1918,3548352,3243376
1919,4239456,3767840
1920,4022176,4030128
1921,3772688,3956448
1922,4184896,4011872
1923,4258912,2998416
1924,4572320,2816992
1925,5098864,3150848
1926,3803200,3416112
1927,4351200,3792832
1928,4508480,3643312
1929,4356064,3248288
1930,3632992,3503744
1931,3526144,5172080
1932,3363088,4713328
1933,3791280,3286800
1934,4032480,3856800
1935,4034448,3636720
1936,4148272,3765456
1937,3848640,3764448
1938,4099248,3597088
1939,5838560,3246400
1940,5222112,4172400
1941,3894944,3031760
1942,4474176,2931232
1943,4280304,3199952
1944,4348224,3201488
1945,4262736,3992560
1946,4213600,4428416
1947,3818416,3485872
1948,4863168,4072752
1949,3634240,4661744
1950,3604448,2995280
1951,3792640,3116592
1952,3796704,3331968
1953,4641904,3303616
1954,4927792,2977584
1955,4119472,3415216
1956,4179440,3973312
1957,5282112,2851856
1958,3625200,3053680
1959,3727232,2927488
1960,4001472,2872576
1961,3839280,3261200
1962,3683968,3008016
1963,4122112,3096272
1964,3982528,2987856
1965,3535104,2904864
1966,3717968,3013664
1967,3616736,3149168
1968,3510448,3278848
1969,3896928,3751520
1970,3694880,3668656
1971,3739088,3052400
1972,3530688,3184960
1973,3422864,2670480
1974,3678688,3088608
1975,3834016,2990224
1976,3868512,2959040
1977,4359392,3106016
1978,4043264,3088224
1979,3723664,2830976
1980,3833168,3364608
1981,3268880,3137248
1982,3676688,3039936
1983,3643904,2999664
1984,3617392,2860816
1985,3718976,3094048
1986,3697520,3430144
1987,3470096,3406912
1988,3939952,3788912
1989,3579360,2950128
1990,3610176,2920752
1991,3614096,3195936
1992,3443200,0
1993,3703616,0
1994,3949424,0
1995,4054144,0
1996,3822208,0
1997,3588096,0
1998,3509952,0
1999,3764000,0
===CSV_END===
=========================================
HI_NET_PING_DONE run=1
