HI_NET_PING_START run=12
Probes: 2000  |  Protocol: UDP  |  Period: 1 ms  |  Msg: 64 B
hi_net_ping: sending HELLO to 127.0.0.1:5002 (protocol=UDP)...
[echo] HELLO — protocol=UDP  n_probes=2000
[echo] HELLO_ACK sent
hi_net_ping: HELLO_ACK received
[echo] run #12 — echoing probes
hi_net_ping: starting ping-echo loop (2000 probes at 1 ms)...
========== HI_NET_PING RESULTS ==========
Probes sent:        2000
Echoes received:    2000
Lost (no echo):        4 (0.200%)
RTL (us):
Mean: 3697.647    Std dev: 2607.807
Min:  2266.544    Max:     116191.872
P50:  3578.944    P95:     4388.128
P99:  6482.256    P99.9:   15588.816
IAJ (us):
Mean: 3044.573    Std dev: 635.448
Min:  1509.696    Max:     9446.368
P50:  2970.928    P95:     3951.936
P99:  5954.096    P99.9:   9162.576
===CSV_START===
index,rtl_ns,iaj_ns
0,3633792,4186160
1,4780016,2173264
2,2837840,2751552
3,2914384,2675696
4,3423584,2600352
5,3272992,1962848
6,2654592,2721472
7,3359296,2370640
8,3096464,2506800
9,3132416,2190368
10,2943456,2709536
11,2794272,2732384
12,3468320,2234064
13,2947312,2901680
14,3597664,2650672
15,3388128,2599536
16,3238336,2277488
17,3001600,2828880
18,3385024,2309856
19,3013824,2567872
20,2747984,2805248
21,3524576,2869728
22,3549872,2331152
23,3049888,2492048
24,3193840,3153376
25,3685712,2831360
26,3496976,2935632
27,3582784,2876560
28,3409888,2140912
29,2803840,2851728
30,3349424,2633280
31,3313456,2496944
32,3160544,3484768
33,3551568,2387936
34,3108352,2680848
35,2850864,3091376
36,3842832,2828560
37,3509008,2714032
38,3454768,2467200
39,3120464,3216304
40,3857664,2088000
41,2777632,2713504
42,3381680,2195520
43,2883088,2811440
44,3481568,2107616
45,2823456,3041440
46,3185584,2612912
47,2817280,2496384
48,3218688,2595040
49,3241744,2146368
50,2800512,2283568
51,2977664,2737568
52,3390624,2183168
53,2905968,2660144
54,2867392,3230480
55,3940256,2591920
56,2822080,2769040
57,3455408,2330784
58,3034272,2551232
59,3251056,2808304
60,3331024,2144608
61,2896272,2991200
62,3632880,2488416
63,3111904,2232912
64,2899280,2588096
65,3310448,2423472
66,3137856,2119056
67,2812048,2205904
68,2955472,2597808
69,3246992,2345840
70,3044304,2695680
71,2770848,2809152
72,3537808,2888016
73,3576368,2511536
74,3221184,2927152
75,3556720,2255600
76,2894960,2922304
77,3450384,2910288
78,3500528,2520448
79,3161376,3085760
80,3690544,2849584
81,3519184,2466416
82,3089008,2496208
83,3130560,2549632
84,3297488,3917520
85,3981904,3045456
86,3655104,2748880
87,3379824,3110096
88,3759520,3271360
89,3983584,2806480
90,3374352,2787296
91,3396304,3289296
92,3997760,2942240
93,3521200,2708896
94,3317232,2493248
95,3193552,3817616
96,3853760,2834400
97,3471056,2346576
98,3029872,3883920
99,3891408,3139104
100,3690048,2869520
101,3346112,2873968
102,3443152,2996080
103,3714016,3123088
104,3840752,2883696
105,3453360,2995040
106,3712240,3058736
107,3768064,3131072
108,3633424,2820832
109,3423200,3566144
110,4258768,2840496
111,3452960,2821360
112,3440864,3021216
113,3667344,2796480
114,3366240,2807536
115,3421056,2872368
116,3513008,2401440
117,3119168,3597680
118,3622256,2482608
119,3136960,4223728
120,4246224,2458384
121,3087312,2909008
122,3577376,3089104
123,3787616,3164192
124,3836096,2782512
125,3419040,3000048
126,3713808,3293984
127,3958432,2726896
128,3310224,3167168
129,3831872,2736464
130,3350704,2448480
131,3165232,3995376
132,4016608,2570112
133,3145952,2334656
134,3037872,4133008
135,3931408,2731968
136,3347280,3274496
137,3980544,3322624
138,3891392,2844528
139,3452064,3011104
140,3632960,2560976
141,3201888,2990912
142,3660624,3030912
143,3725312,3113552
144,3830560,3004848
145,3590720,2628672
146,3217184,2449376
147,3165776,3983152
148,3970720,2627344
149,3246512,3403280
150,3996624,3192128
151,3726496,2808912
152,3375840,2642048
153,3182896,3008816
154,3643744,3181600
155,3852496,3491776
156,4118560,3969744
157,4611712,3369344
158,4000784,2578560
159,3225760,3330048
160,3932624,2748976
161,3448992,3249648
162,3931584,3010512
163,3690240,2445424
164,3143840,3487264
165,4032656,3096560
166,3765888,2446032
167,3072336,3276880
168,3840128,3152832
169,3780672,3343456
170,4003904,2971376
171,3501088,2708992
172,3307248,2857728
173,3512848,3438864
174,4067152,2769440
175,3483584,2745456
176,3429280,3126896
177,3820880,3328128
178,3932416,2443072
179,3108928,3347040
180,3963424,2785200
181,3465808,3307072
182,3941008,2688736
183,3353968,3322272
184,3946512,2657136
185,3325744,3732912
186,4397056,3372208
187,3858192,3036560
188,3704496,3116784
189,3761136,3220704
190,3920720,3093744
191,3112496,3001648
192,3064576,3984096
193,4032144,2952432
194,3542272,2758480
195,3402176,3598576
196,4296816,2333296
197,2935488,2365920
198,3057408,3166160
199,3249056,3679952
200,3897472,3312240
201,4057856,2859936
202,3501600,2592736
203,3242096,2547200
204,3231312,3941376
205,3997248,2755344
206,3447872,3318816
207,4036080,2914064
208,3464656,2576368
209,3305424,2363712
210,3058032,3826368
211,3911392,2776816
212,3471440,2528992
213,3217376,3684256
214,3764336,3105600
215,3793152,2623008
216,3367904,2530176
217,3138400,3017760
218,3200416,2984880
219,3171904,3675296
220,3864784,3127808
221,3815232,2846976
222,3590976,3124496
223,3766864,2729248
224,3467920,3327008
225,3964512,2693680
226,3405344,3120240
227,3804400,3040400
228,3687360,3070464
229,3735280,2981904
230,3706720,3017728
231,3759632,3134336
232,3851072,2618304
233,3296272,2395072
234,3044048,3175952
235,3319152,2835152
236,3004144,2858256
237,3089280,3114368
238,3841072,3140928
239,3238896,3054544
240,3163328,3685568
241,3773360,2846400
242,3581936,2426976
243,3079504,3790208
244,3835616,2741536
245,3387616,2253984
246,2951088,3041056
247,3764848,3652384
248,3747648,3293840
249,3964832,2713440
250,3432784,3237856
251,3945920,3078592
252,3814048,2972816
253,3716864,2979824
254,3699952,2950608
255,3703840,3122048
256,3847184,2914976
257,3569008,2992160
258,3718400,3055504
259,3799600,2639040
260,3359568,2418176
261,3059632,3162320
262,3185728,3875936
263,4014192,2653312
264,3366240,2428816
265,3125328,3049024
266,3176064,2989552
267,3108768,2852288
268,2983488,3012336
269,3108368,3071552
270,3149088,3994816
271,4133232,2852496
272,3576448,2934176
273,3646752,2785808
274,3502112,3054048
275,3734944,3079024
276,3790192,3320928
277,4013712,3259552
278,3932256,3214208
279,3862096,3167504
280,3717904,3430720
281,4022400,3326944
282,3843024,3370768
283,3975696,2728496
284,3456448,3772784
285,4470016,3096160
286,3718112,2942400
287,3644160,2805088
288,3506160,2551248
289,3254768,2504064
290,3160240,3184176
291,3792944,3166160
292,3856736,2392624
293,3065696,3099760
294,3780528,3270848
295,3817744,3107296
296,3799088,3114720
297,3820512,2660784
298,3242528,3049760
299,3688640,3060416
300,3692432,3077744
301,3706480,3029456
302,3720304,3262912
303,3980608,2925632
304,3405680,3475968
305,4146576,2942304
306,3488272,2763360
307,3446992,2368656
308,3101248,3058352
309,3667056,2719984
310,3341568,3129280
311,3810768,3135184
312,3711504,3204976
313,3882560,2968560
314,3685856,2990080
315,3701200,3229328
316,3906208,3350672
317,4061200,2656288
318,3332000,2832944
319,3494656,2896192
320,3523408,2946752
321,3580912,3259152
322,3968736,3147808
323,3836304,2793280
324,3398336,3150848
325,3850448,3506128
326,4208944,2952688
327,3520752,2843088
328,3484832,2377504
329,3056224,3228496
330,3835600,3548480
331,4223456,2752032
332,3280464,2453680
333,3153408,3522336
334,4116800,2038016
335,2758832,3663248
336,4402272,3083296
337,3756800,3025584
338,3705744,2798048
339,3383760,3382064
340,4069760,2729200
341,3444768,3209488
342,3907664,2908912
343,3539408,3386896
344,4006720,3160240
345,3764704,3332976
346,4005616,3257808
347,3953200,3647472
348,4360976,3176096
349,3822944,3491040
350,4144048,4856880
351,5335472,3921616
352,4578256,4807856
353,4541344,4456848
354,3495504,3105136
355,3779808,2843248
356,3499360,2919696
357,3565536,3132912
358,3786640,3419728
359,4012256,3468624
360,4152160,3663104
361,3835184,2836560
362,3500976,2431648
363,3127248,3105968
364,3282496,3018224
365,3140320,3852144
366,3916272,2757616
367,3441088,3088416
368,3764576,2982992
369,3705760,2880688
370,3541696,3425440
371,4075344,2985936
372,3539872,2611808
373,3240864,3135776
374,3812816,2845120
375,3588992,3363136
376,3984912,2529616
377,3282144,2506112
378,3204496,3548000
379,3728288,3215168
380,3901232,3095280
381,3848480,2868080
382,3510352,2829360
383,3525920,3102480
384,3802496,3041104
385,3732512,3276624
386,3956704,3438656
387,4176464,3468864
388,3963120,3367296
389,4039184,2931792
390,3330192,3250624
391,3883568,3556336
392,4223936,2807328
393,3407920,2577328
394,3280240,3703520
395,4311680,2641104
396,3291936,2525488
397,3228448,2982400
398,3643504,3122944
399,3763840,3052464
400,3763360,3195376
401,3884576,3042288
402,3597136,2719072
403,3379360,3020064
404,3739376,2985568
405,3731504,3068896
406,3814256,2919920
407,3527616,3222880
408,3969744,3082480
409,3794032,3386320
410,3891872,3203008
411,3692640,3244112
412,3847856,3125008
413,3785680,3110864
414,3822896,3100480
415,3807680,3027392
416,3192816,2997184
417,3187840,3169552
418,3281488,3012800
419,3129984,3873312
420,4028944,2649376
421,3380544,3171504
422,3885968,2790992
423,3485104,2346464
424,3047184,2977440
425,3002736,3191168
426,3254496,3792416
427,3951600,2921456
428,3542752,3059520
429,3768192,2691232
430,3406752,2542384
431,3242768,3769024
432,3960832,3206880
433,3922944,4059120
434,4531936,3421968
435,3896384,2553920
436,3262576,3172736
437,3830704,3254544
438,3803632,2582976
439,3220768,2924272
440,3598624,3257424
441,3823760,3375904
442,3980960,2479392
443,3131392,3076880
444,3653264,3256560
445,3934272,3284048
446,3966016,2704704
447,3400432,3792320
448,4459952,2806176
449,3473648,2836336
450,3526720,2953648
451,3628208,2685184
452,3405952,3475744
453,4157968,2963360
454,3716352,3064736
455,3796784,2883872
456,3462832,2953424
457,3620800,2784768
458,3451712,2841664
459,3514384,3367072
460,4055216,2638832
461,3361440,3428944
462,4062016,2737520
463,3450736,2552192
464,3214304,3217920
465,3848288,3211696
466,3880080,2469008
467,3069056,3151072
468,3811680,3672240
469,4314224,2653360
470,3369520,2305344
471,2976016,2801648
472,3455600,3159312
473,3837248,3042112
474,3706784,3169904
475,3834832,3227648
476,3737968,4448272
477,5070400,3163040
478,3840000,3033936
479,3193440,4046384
480,3544128,2694880
481,3349360,3063440
482,3787120,3127792
483,3839152,2740048
484,3416880,3145888
485,3789008,2679776
486,3390800,2432960
487,3087568,2979984
488,3141696,3039712
489,3225360,3004688
490,3110816,3043008
491,3172528,2948576
492,3102544,3799616
493,3829520,3326880
494,4005664,2798000
495,3437552,3087792
496,3694016,3379248
497,4057312,3419504
498,4023360,4340800
499,4982544,3087376
500,3648208,3277392
501,3913248,2491936
502,3236688,2654832
503,3343328,3297536
504,4005280,2683328
505,3341488,3005520
506,3716752,3018832
507,3730096,3060432
508,3764368,2474352
509,3176640,3341952
510,3882688,3227456
511,3904032,2414176
512,3108144,3340032
513,3881264,3084800
514,3731200,2914352
515,3621056,3283216
516,3899920,2317264
517,3018240,3632976
518,4160112,2598528
519,3247920,3436544
520,4096672,2801520
521,3424928,2572208
522,3282624,3753120
523,4292208,3225216
524,3802000,2651936
525,3281664,2442640
526,3115408,3756720
527,4133472,3100496
528,3793072,3104976
529,3827904,3028208
530,3651168,2964688
531,3605168,2946896
532,3586144,2804640
533,3399056,2666592
534,3379424,3357216
535,4047248,2819888
536,3487008,2725488
537,3376640,3527456
538,4176608,3156176
539,3769248,2970576
540,3527024,2845680
541,3467216,3108624
542,3784320,2984256
543,3625920,3002448
544,3625552,2602112
545,3318464,3457408
546,4157536,3031232
547,3660960,2977696
548,3610864,2747696
549,3386336,2572656
550,3286256,2837424
551,3310128,3009280
552,3583696,3297344
553,3874960,3167152
554,3863984,2974576
555,3590256,2936288
556,3599744,2606032
557,3237408,3240112
558,3852064,3209488
559,3842416,2649488
560,3325344,3687312
561,4226064,2826064
562,3539760,2538512
563,3240544,3260160
564,3876944,2675712
565,3286176,2902544
566,3554576,2996624
567,3627040,2991632
568,3640048,3242688
569,3901808,3348672
570,4011472,2566672
571,3295136,3185136
572,3739040,3381808
573,4024448,2742128
574,3402112,3228144
575,3871488,3103760
576,3741376,2947792
577,3681104,2999456
578,3691104,2669584
579,3378224,2332080
580,3034160,3181808
581,3724384,3253840
582,3802416,3619392
583,4306160,2906480
584,3621536,2678720
585,3357904,2811776
586,3452672,3499088
587,4096480,2863856
588,3516704,2903200
589,3605056,2463968
590,3126576,3605456
591,4172272,2463904
592,3137376,3440064
593,3969872,2485808
594,3138672,3651952
595,4231744,3164080
596,3719888,2964144
597,3593120,2662912
598,3376448,3493232
599,4200976,2716032
600,3370400,2519216
601,3246240,3157056
602,3690320,3363296
603,4063680,2589920
604,3296528,2775664
605,3410752,3290624
606,3923136,3535616
607,4250320,2842928
608,3593408,2915520
609,3572432,2679344
610,3373872,2646512
611,3207232,3177744
612,3769376,3344032
613,3946592,2710608
614,3384432,3754688
615,4395456,2812512
616,3412368,2502784
617,3154480,3231344
618,3958976,2641248
619,3334656,3075872
620,3655360,3086064
621,3772848,3158880
622,3829216,3472272
623,4148576,2634608
624,3273792,2359248
625,3045344,3206800
626,3759392,3178288
627,3659920,3099008
628,3771168,3470976
629,4154032,2792032
630,3429616,2309344
631,3047152,3282736
632,3838960,3368112
633,4004816,2507344
634,3230304,3172416
635,3756352,3016032
636,3675632,2870080
637,3585872,3281424
638,3946272,2301536
639,3009232,2727216
640,3435856,2721760
641,3378272,2446528
642,3155632,2809840
643,3498448,3326512
644,4043808,2687104
645,3377168,3175792
646,3780048,2691152
647,3342192,2970384
648,3621696,3281360
649,3966816,3035392
650,3738832,2797904
651,3545120,3209872
652,3906736,2668656
653,3412752,3239152
654,3939008,3210800
655,3891216,2844608
656,3577264,2694368
657,3384432,2438752
658,3102496,3749680
659,3715584,3340944
660,3964080,2472240
661,3214256,2353360
662,3024768,3263568
663,4018688,3499632
664,3641856,2331024
665,3059456,3941680
666,4059200,2677936
667,3389616,2316224
668,3009936,3921760
669,3959216,2817440
670,3522352,2996880
671,3676896,2460640
672,3178208,3531504
673,3592432,3222384
674,3939088,2793296
675,3527344,2427616
676,3103824,3053472
677,3217392,3539120
678,3592512,2298608
679,2999904,4005168
680,4244096,2729376
681,3424432,3042944
682,3672720,3148800
683,3826560,2647936
684,3351808,2466992
685,3152816,3737024
686,3932032,3011184
687,3692832,2905760
688,3587664,2468016
689,3160416,3571600
690,3747248,2299696
691,3019968,3125424
692,3312448,2968592
693,3141152,2975712
694,3186064,3001440
695,3173952,3842688
696,3979760,2774304
697,3501584,3202752
698,3927696,2729968
699,3443824,3123104
700,3817872,3082896
701,3763520,2817680
702,3535360,2455680
703,3163696,3718480
704,3499184,2759824
705,3484480,3251472
706,3962384,3100816
707,3815744,2769616
708,3469600,3176880
709,3810480,3083664
710,3838704,2742112
711,3444448,3037136
712,3703136,2788224
713,3456000,3211072
714,3805520,3111424
715,3787936,2791952
716,3515776,3480496
717,4169200,2768416
718,3422592,2714176
719,3410320,2521904
720,3211744,3745472
721,3891856,3189168
722,3943712,3050528
723,3775808,2878400
724,3346352,3640880
725,4319136,2689536
726,3350496,2729168
727,3372848,2601392
728,3344560,3202224
729,3901472,2668688
730,3405424,2477088
731,3126800,2962800
732,3081776,3998560
733,4060928,2567360
734,3229280,2443776
735,3127776,3843600
736,3737584,3300912
737,3987760,2563360
738,3240560,3158624
739,3885360,2995456
740,3715776,2880736
741,3605984,3059360
742,3723904,2865232
743,3539360,3102896
744,3804944,3055424
745,3732336,3298576
746,4006928,3053024
747,3682352,2972512
748,3599200,2872784
749,3455280,3118400
750,3840816,3038816
751,3622976,3835408
752,4292336,3373568
753,3953904,3561632
754,4084976,2792480
755,3372704,2718592
756,3373168,3555616
757,4262192,2468864
758,3131168,3061296
759,3709696,2927984
760,3601040,3271168
761,4014032,2590864
762,3229840,3978288
763,4584976,3007344
764,3554288,2867824
765,3539232,2696576
766,3320704,2338688
767,3072960,3510752
768,4009072,2488928
769,3109520,2935888
770,3594752,3289792
771,3876976,3117408
772,3790208,3610240
773,4245168,2776976
774,3287216,2807120
775,3458864,2562288
776,3205744,3261568
777,3690896,2784160
778,3400720,3344160
779,3953936,3014544
780,3627536,2410448
781,3102528,3609280
782,4061936,2460176
783,3092992,3809824
784,4361840,2974448
785,3646624,3164896
786,3785232,3038976
787,3698960,2972672
788,3547568,2989888
789,3615776,2993424
790,3574880,2666992
791,3324928,3631168
792,4297760,2933904
793,3611136,3232560
794,3873280,3136912
795,3814752,3217600
796,3946928,3155760
797,3332640,3021936
798,3156320,3775680
799,3955536,3034128
800,3755584,2712912
801,3401072,3267824
802,3932816,2940368
803,3572112,2843776
804,3540624,2814096
805,3531168,3487824
806,4163424,3114512
807,3792784,2709152
808,3348704,2906432
809,3604416,2992768
810,3677280,3133184
811,3848816,3239504
812,3975328,2854816
813,3520912,2895568
814,3607632,2812592
815,3522784,3169136
816,3846768,2807200
817,3523616,2328976
818,2967408,3779952
819,3831360,2388944
820,3074720,3363056
821,3543968,2473936
822,3101392,3133504
823,3197632,3709632
824,3635632,2950864
825,3630400,3344736
826,4021008,2593120
827,3198448,3261904
828,3972432,2951296
829,3567504,2978064
830,3619248,3239360
831,3897456,2907760
832,3494144,2918736
833,3551024,2740912
834,3398048,3267856
835,3909472,2801632
836,3514432,3096032
837,3798848,2705328
838,3456400,2537680
839,3240128,3025792
840,3186048,3635232
841,3817936,2978112
842,3652752,3171712
843,3862544,2563056
844,3269808,2654768
845,3245040,3502928
846,3543136,3176016
847,3857376,2815280
848,3520192,3227600
849,3932720,3023424
850,3745968,2242704
851,2924752,3719536
852,3840448,3037760
853,3768304,7689904
854,8403904,3426912
855,3671456,4699648
856,5138096,6202256
857,6899328,2097392
858,2811456,6097792
859,6179072,6289072
860,12445552,4827184
861,6752832,3272160
862,5317840,2995376
863,3787872,3541536
864,3660000,3057632
865,4165904,4699344
866,3143168,3512960
867,4768816,3492544
868,3526912,3164624
869,4112224,5287984
870,3748864,4179328
871,5585168,3261616
872,4650848,3853088
873,3703040,2979488
874,4531696,2971984
875,3627024,2938704
876,3662960,3244272
877,3578944,3637184
878,3922480,4778496
879,4297264,3791376
880,4867936,2854384
881,4300592,3002496
882,3509200,3027296
883,3671408,2654496
884,3678304,3473488
885,3332032,2799120
886,3997456,3518992
887,3342976,2553872
888,4156752,2476832
889,3259696,3203648
890,3070752,3174096
891,3903968,3177024
892,3816560,2840608
893,3423008,2874944
894,3468176,3060544
895,3516224,3311888
896,3726672,2620496
897,3987392,3228768
898,3245008,3153744
899,3895632,2447952
900,3801520,3280800
901,3122784,3191264
902,3910896,3356816
903,3906448,3120048
904,4038544,3020688
905,3794944,3038160
906,3634768,2968464
907,3621744,2799120
908,3540736,3018800
909,3431440,2753536
910,11252368,3002464
911,3722400,3310368
912,3396016,2896464
913,3685952,2982896
914,3868592,2731744
915,3600112,3206800
916,3638592,3239984
917,3428416,2322880
918,3711840,2979872
919,3932112,3881200
920,2964848,2702576
921,3442864,3260368
922,4494912,2339552
923,3395120,3444592
924,3959264,2899760
925,3022928,3218816
926,4003696,3240992
927,3561136,2483808
928,3900816,3693008
929,3912368,2903696
930,3145760,2555472
931,4388128,2970544
932,3551408,2985600
933,3170592,2829776
934,3651984,2637040
935,3641520,3870080
936,3514064,2689280
937,3279376,2588496
938,4393936,3137328
939,3358096,3002736
940,3268256,2666128
941,3575488,2960816
942,3649792,2946640
943,3253248,2328032
944,3519664,2489696
945,3601168,2813824
946,2963888,2507952
947,3079776,2764256
948,3536976,3016272
949,3201072,2728800
950,2911808,3100576
951,3730896,4093216
952,3434576,2261776
953,3810784,2915808
954,4765376,3043584
955,2964416,2891872
956,3037280,3031792
957,3123424,2754768
958,3013680,3206416
959,3764608,2896256
960,2904496,2917696
961,3931056,2887232
962,3628288,2770864
963,3611008,2427648
964,3586816,2133168
965,3480848,2167088
966,3140528,2580272
967,2792240,3511456
968,2711248,2685136
969,3223216,3236496
970,4196400,2579584
971,3290576,2336768
972,3957216,3005040
973,3247808,8668624
974,3067632,2261792
975,3124992,2995856
976,8806560,3265664
977,2946720,3946240
978,3727040,4400064
979,3998512,3034688
980,3424240,2935760
981,4630704,2811328
982,3715008,3822928
983,3639680,3717152
984,3487936,3471616
985,4397808,2224480
986,3872160,2525984
987,4190592,3761648
988,2899808,2233360
989,3207456,3806880
990,3735808,3133488
991,2952544,2712400
992,3936944,3166720
993,3854384,2992416
994,3386992,3437600
995,3838128,2640768
996,3722848,2697168
997,4168528,2401296
998,3276192,2821312
999,3207872,2778160
1000,3098432,2661632
1001,2934656,2688832
1002,3511392,2609104
1003,3392496,2936320
1004,3424784,3076528
1005,3246192,2442992
1006,3639008,2624752
1007,3740064,2198160
1008,3067072,2997136
1009,3249968,2880448
1010,2906624,3501824
1011,3616272,2414352
1012,3605376,2286288
1013,4176832,3101424
1014,3110208,2826704
1015,2984960,2841216
1016,3183088,2904160
1017,2945104,2696096
1018,2994240,3083568
1019,3584752,2621904
1020,3420448,2703824
1021,3740624,2969584
1022,3351344,3189584
1023,3425840,2495840
1024,3638656,2924112
1025,3865792,3506192
1026,3213296,2247232
1027,3565152,3112832
1028,3948576,3009856
1029,2948512,3191120
1030,3706688,3281792
1031,3534688,2411104
1032,3731328,2835680
1033,3958896,2986496
1034,3000048,2877760
1035,3471280,2365504
1036,3633264,2616448
1037,3581968,3115232
1038,3007840,3095568
1039,3167712,2563888
1040,3676192,2355696
1041,3817216,2884480
1042,3239472,3118672
1043,3040848,3206960
1044,3594496,3041472
1045,3819760,2916928
1046,3350896,2502880
1047,3170352,1599888
1048,2970352,1509696
1049,2340352,4313760
1050,2357072,3150544
1051,2266544,3527312
1052,5070720,3034064
1053,3666096,2211088
1054,4001664,3096208
1055,3747632,2965136
1056,2913296,2977952
1057,3723824,2676304
1058,3576976,2447952
1059,3565408,2844528
1060,3207840,2569744
1061,3048880,2214000
1062,3281680,2708128
1063,3259248,2679360
1064,2941888,2531152
1065,3432240,3435632
1066,3385104,2456784
1067,3184624,3069120
1068,4123648,2935776
1069,3104896,3002592
1070,3757248,3129680
1071,3627024,2812128
1072,3659744,2491952
1073,3771072,2624352
1074,3513472,2296608
1075,3223424,3256400
1076,3244976,2456992
1077,2936768,2267200
1078,3949040,3016288
1079,3105552,2829648
1080,2984624,2848496
1081,3748208,3007936
1082,2958528,2888016
1083,3563952,3213056
1084,3699776,2847264
1085,3582176,2816112
1086,3899808,2864288
1087,3560016,2708912
1088,3499008,2433312
1089,3475520,3038544
1090,3296624,3325056
1091,3063264,2666400
1092,3680160,3826416
1093,3936384,2825360
1094,3358224,2496384
1095,4402752,2993984
1096,3334400,3047344
1097,3140960,3085808
1098,3665840,2857088
1099,3765904,3154080
1100,3735424,2430352
1101,3490704,3251296
1102,3785280,1976256
1103,3099312,1644064
1104,3934432,1674128
1105,2432208,4077952
1106,2399296,2813152
1107,2430832,2783904
1108,4816816,2445104
1109,3536064,2504416
1110,3476480,2880848
1111,3081952,2793680
1112,3183520,2860560
1113,3462528,2930800
1114,3367008,2576160
1115,3400464,2326016
1116,3592640,2334864
1117,3204688,2857312
1118,2936608,2836224
1119,3056064,2891824
1120,2895728,2977248
1121,3567760,2773824
1122,3609856,2638288
1123,3682704,2380032
1124,3470176,3236272
1125,3277552,2995056
1126,3076224,3012304
1127,3791216,2867504
1128,3641232,3111520
1129,3708848,2785360
1130,3557936,3126448
1131,3771136,2617040
1132,3481824,3068272
1133,3748016,2813792
1134,3332320,2738896
1135,3614800,2220288
1136,3404784,3143104
1137,3345568,2956528
1138,2893424,2893408
1139,3852448,2924352
1140,3587856,2714736
1141,3569728,2404736
1142,3634896,3932176
1143,3418592,2689280
1144,3105936,2313552
1145,3945520,2820096
1146,3400592,2746608
1147,3021120,2868960
1148,2980736,2782944
1149,3469376,2614944
1150,3600400,2269840
1151,3398960,3080368
1152,3233712,2912000
1153,2937072,2760576
1154,3700080,2439040
1155,3397552,2699504
1156,3325904,2971168
1157,3045040,2680608
1158,3382704,2359360
1159,3683760,2803344
1160,3411616,2721664
1161,3048512,2726736
1162,2860144,2610336
1163,3428000,3177760
1164,3429632,2750912
1165,3209520,3425552
1166,3853248,2822288
1167,3415200,2738336
1168,4086912,2773472
1169,3389104,3224176
1170,3414464,2246208
1171,3464768,2813744
1172,3820784,2378912
1173,2892992,2815792
1174,3405376,2988400
1175,3014592,2917712
1176,3354272,3135072
1177,3648624,2779984
1178,3640976,3120368
1179,3864384,2272336
1180,3442544,3604736
1181,3846768,2278896
1182,3003136,2837504
1183,3736736,2853792
1184,3003264,2979200
1185,2961088,2900192
1186,3587040,2864816
1187,3692592,2434192
1188,3610096,2096784
1189,3574304,3005264
1190,3164544,2970960
1191,2813504,2841520
1192,3513088,2278736
1193,3652336,2700512
1194,3499408,3287488
1195,2938832,2571024
1196,3283376,2315664
1197,3947696,3023888
1198,3218032,3016976
1199,3014128,2930000
1200,3012320,2987360
1201,3183040,2827984
1202,3089248,2997856
1203,3160592,2821232
1204,2984512,2714960
1205,3652272,2884624
1206,3546080,2409280
1207,3405584,2961120
1208,3513760,3128416
1209,3051920,3001984
1210,3621312,3273744
1211,3790720,2654432
1212,3710624,2785232
1213,3987152,3175968
1214,3341328,3124064
1215,3468272,3144480
1216,3810768,2295952
1217,3799520,3045408
1218,3850976,3157872
1219,2986608,2981616
1220,3594000,2702544
1221,3663344,3352992
1222,3548704,2729312
1223,3300848,3103632
1224,3991344,3358544
1225,3364928,2936352
1226,3703504,2857504
1227,3851008,2977824
1228,3635920,3140096
1229,3516752,3152400
1230,3587776,2934704
1231,3771936,3337216
1232,3823984,5236272
1233,3637600,2983152
1234,4015568,2920368
1235,2938976,2552432
1236,3545840,2542624
1237,3468400,3032080
1238,3216496,3605648
1239,3218064,2343504
1240,3181696,3042784
1241,3777792,2977680
1242,3035664,2883984
1243,3163472,3133328
1244,3042928,3775872
1245,3025456,2497040
1246,3236336,2774480
1247,3846560,2980848
1248,3190416,3555840
1249,3520704,3178112
1250,3725760,4707296
1251,3632624,2392448
1252,3881280,2829472
1253,5426480,2621312
1254,3081600,2408128
1255,3473280,3001632
1256,3272336,2261760
1257,3008688,3045328
1258,3712640,2946320
1259,2971824,3759392
1260,3049184,3629056
1261,3108240,2544272
1262,3849536,1682736
1263,4324032,3048944
1264,3129168,2875920
1265,2375680,2809520
1266,3796480,2605184
1267,3561104,2403008
1268,3535808,3074656
1269,3336816,2972080
1270,3029296,3147232
1271,3681184,3005168
1272,3631888,2173488
1273,3840144,2921008
1274,3707984,2355408
1275,2855696,2493424
1276,3334544,2238048
1277,2940944,2896400
1278,3112480,3260560
1279,2903728,2970720
1280,3608704,2862304
1281,3941616,2635408
1282,3088704,2812736
1283,3017456,2671664
1284,3356352,2143968
1285,3535616,2851488
1286,3294080,2888288
1287,2824752,2746800
1288,3322752,2390032
1289,3500480,2576656
1290,3429024,2121776
1291,3001424,2867728
1292,3203968,2448064
1293,2818560,2119872
1294,3598576,2762448
1295,3134896,2215968
1296,2779392,2791904
1297,3393456,3076128
1298,2887360,3000016
1299,3434768,2664896
1300,3809136,2497488
1301,3685984,3564208
1302,3344480,2024352
1303,3231232,2939856
1304,3711376,2810944
1305,2741424,2847696
1306,3662272,2793280
1307,3531216,2662480
1308,3545584,2062048
1309,3429968,2431440
1310,3280352,2367136
1311,2752992,2481152
1312,2940448,2898752
1313,2956672,3048768
1314,3209680,2821088
1315,3021904,3013264
1316,3220592,2925392
1317,2953984,2871088
1318,3746832,2839920
1319,3077664,2556304
1320,3599936,2308896
1321,3559872,2994512
1322,3255136,2660560
1323,2931072,2626416
1324,3675232,2309664
1325,3295392,2826864
1326,3288192,2309712
1327,2987424,2808000
1328,3498624,2928688
1329,3033856,2614224
1330,3008656,2551520
1331,3020368,2400656
1332,3348096,2987344
1333,3282080,2929840
1334,2984688,2647328
1335,3688432,2665152
1336,3498384,2276976
1337,3274480,2890912
1338,3274832,2040912
1339,2942496,2790544
1340,3475456,2641296
1341,2772432,2088112
1342,3523008,2720608
1343,3365536,2701440
1344,2798960,2726080
1345,3360288,2363648
1346,3313408,2182656
1347,3387872,2915504
1348,3000816,2725056
1349,2914640,2788256
1350,3093776,2934176
1351,2845424,2461072
1352,3522048,2122432
1353,3626640,3727072
1354,3192736,2838800
1355,2808848,2947120
1356,4309296,2951824
1357,3519712,2632512
1358,3589296,2877456
1359,3625456,2146800
1360,3293632,2469440
1361,3359360,2359808
1362,2721040,2799152
1363,3062128,2893056
1364,3074112,2787152
1365,2919616,2694752
1366,3589808,2762640
1367,3520464,2541328
1368,3426224,3334160
1369,3275808,2336864
1370,3167328,3041808
1371,3970016,3036720
1372,2996576,3226896
1373,3658368,3150592
1374,3654320,2927440
1375,3813568,3076256
1376,3804096,2635904
1377,3563008,2958336
1378,3708384,3133296
1379,3259248,2752512
1380,3522096,3055104
1381,3724992,3004464
1382,3391936,3523040
1383,3715424,2354800
1384,3599744,3694528
1385,3965088,9446368
1386,2999808,2612848
1387,4235312,3264096
1388,3012208,2568432
1389,3209392,3319888
1390,3956432,2647376
1391,3239088,3389296
1392,4020816,2638144
1393,3349216,3314240
1394,4081136,7451872
1395,3267104,5557600
1396,3989872,6188912
1397,8166000,4865232
1398,5980912,3434496
1399,5880192,6809488
1400,5202496,3957120
1401,4036208,3884032
1402,7300304,2980496
1403,4291152,2650768
1404,4508800,2655968
1405,3373904,3025856
1406,3313072,3140048
1407,3338272,3021696
1408,3493824,2563552
1409,3738160,3429136
1410,3727376,2887152
1411,3155328,2809664
1412,3885344,1828032
1413,3547520,1657712
1414,3412176,1726064
1415,2576416,1747136
1416,2370960,4580288
1417,2473808,7342208
1418,2494160,5046176
1419,5292032,4812880
1420,7904000,4988880
1421,5670912,2970928
1422,5384592,2849280
1423,5607056,3555424
1424,3596608,2795264
1425,3443488,2985840
1426,4195248,2506560
1427,3394816,3261456
1428,3433152,3311600
1429,3143696,3077952
1430,3981136,2600656
1431,3991872,3252704
1432,3585648,2791424
1433,3210192,2726640
1434,3960544,2449808
1435,3345712,4020320
1436,3426896,2873584
1437,3164624,2968592
1438,3969264,2702912
1439,3496736,3433936
1440,3622032,2561712
1441,3307920,2322096
1442,4136480,3183104
1443,3197376,3519536
1444,3017936,3202032
1445,3243216,2878976
1446,3535856,3100416
1447,3918480,3101552
1448,3579152,2950816
1449,3730000,2795536
1450,3759472,3114016
1451,3604816,3525840
1452,3514976,2770656
1453,3831200,2629344
1454,4221936,3086656
1455,3391088,2755328
1456,3189040,3369200
1457,3768688,2966320
1458,3464752,3145840
1459,4041872,2651168
1460,3628992,3155296
1461,3862416,3122560
1462,3283120,3064528
1463,3872032,2705536
1464,3829936,2350736
1465,3647216,2808528
1466,3338272,3085856
1467,3023888,4159968
1468,2929776,2578800
1469,3140528,3085968
1470,3885888,2983520
1471,3186512,2864544
1472,3700288,2463040
1473,3673408,3651152
1474,3577872,3493744
1475,3170896,2787952
1476,3733440,2585776
1477,4158640,2419008
1478,3371600,3720864
1479,3210064,3284720
1480,3127392,2615888
1481,3805264,3229984
1482,3956160,3404640
1483,3266992,2552800
1484,3939424,3096752
1485,4075184,2769184
1486,3168480,2891552
1487,3805712,2340416
1488,3439296,3768336
1489,3570912,2810064
1490,3049376,2349072
1491,3788480,3161840
1492,3480096,3045760
1493,3033488,3657776
1494,3245600,3163728
1495,3133824,2985856
1496,3773184,2800304
1497,3837264,2818752
1498,3657776,2538432
1499,3385600,4243040
1500,3490368,2818352
1501,3212704,2699264
1502,4253552,2857680
1503,3435808,2976672
1504,3274000,3242560
1505,3508400,3205200
1506,3695824,3041264
1507,3953904,3352928
1508,3835360,2789584
1509,3630448,2579696
1510,3929360,2836176
1511,3361520,3352032
1512,3084592,3025056
1513,3526848,2830800
1514,4069168,3371744
1515,3659040,2384528
1516,3394048,3302384
1517,4016496,2861056
1518,2981312,2923328
1519,4018432,3673808
1520,3420336,2727328
1521,3592512,2726096
1522,4336512,2787600
1523,3304208,3162544
1524,3232128,3063408
1525,3437200,2938096
1526,3870160,3234336
1527,3759104,2875600
1528,3562624,3310800
1529,3896528,3054944
1530,3502432,2503168
1531,3943568,3579568
1532,3617248,2895456
1533,3084592,2793424
1534,4281440,2712096
1535,3462864,2855520
1536,3392672,3289200
1537,3238912,2788528
1538,3515408,3193504
1539,3997936,3111456
1540,3436400,2612304
1541,3859072,3097904
1542,3776464,3090256
1543,3248384,3130016
1544,3789664,2858448
1545,3764400,3096096
1546,3841232,2639536
1547,3442864,2400560
1548,3788464,4097120
1549,3315088,2882896
1550,3085152,2776800
1551,4123424,2906176
1552,3509712,3314384
1553,3285008,3103472
1554,3589792,2763872
1555,4017488,3010976
1556,3755440,2950720
1557,3402832,2908448
1558,3712928,3128960
1559,3627488,2887152
1560,3576848,3365232
1561,3819328,2798784
1562,3537536,3563376
1563,4070192,2738240
1564,3429008,2716352
1565,4240656,2823472
1566,3336464,3239120
1567,3273472,2987824
1568,3520128,3564160
1569,3947088,2452272
1570,3633008,2985664
1571,4206032,2908992
1572,3131840,3477888
1573,3618384,2409040
1574,3568752,2349184
1575,4196256,3032656
1576,3033440,3642672
1577,3022464,3328880
1578,3043248,2781840
1579,3764160,2752496
1580,4002608,3505184
1581,3359680,2634160
1582,3440480,2873568
1583,4221136,2486400
1584,3223184,3777904
1585,3543536,2769328
1586,3195184,3161632
1587,3812752,2820672
1588,3479040,2241680
1589,3878976,2835440
1590,3530880,2977552
1591,2960032,2940976
1592,2965328,3089648
1593,3655728,2929856
1594,3660496,3036560
1595,3796880,2912784
1596,3615440,3070832
1597,3754816,3004256
1598,3552288,2963712
1599,3779952,2998496
1600,3711456,2975600
1601,3669264,3129504
1602,3706272,3160704
1603,3680352,3933360
1604,3840976,2808944
1605,3839360,3174976
1606,3735056,2870800
1607,3524768,2383280
1608,3888400,3752960
1609,3581280,3318864
1610,3103040,2807232
1611,3793280,2970432
1612,4029632,2722592
1613,3396752,4055424
1614,3569024,3883520
1615,3336400,2871648
1616,4756160,3214880
1617,4476880,2461920
1618,3424464,3437392
1619,3817152,3148816
1620,3115296,2400992
1621,3906368,3509472
1622,3804176,3208096
1623,3045024,2593952
1624,4035680,3229312
1625,3874768,2335184
1626,3270160,3589728
1627,3767680,3163104
1628,3032512,3128048
1629,4052320,3080032
1630,3821840,2951968
1631,3789824,2628608
1632,3455776,2751440
1633,3521344,3381872
1634,3255200,2907536
1635,3374576,2833712
1636,3952224,3330320
1637,3508176,2495680
1638,3481424,3264688
1639,3937632,3384512
1640,3141968,2660176
1641,3763264,3373184
1642,4048960,2742368
1643,3284528,3067968
1644,4018848,2811792
1645,3396960,2766144
1646,3683072,3501152
1647,3395008,2725936
1648,3336272,3728032
1649,4091760,2856880
1650,3397280,2976400
1651,4361344,2745616
1652,3430576,3230800
1653,3541440,2957600
1654,3302976,2852336
1655,3893792,2768688
1656,3520416,3066256
1657,3463392,3126496
1658,3429840,2808320
1659,3764224,3642544
1660,3794272,2684464
1661,3490192,2465680
1662,4348320,3088000
1663,3293712,3086592
1664,3039424,2470720
1665,3722864,3479760
1666,3742480,2585040
1667,3137472,3428768
1668,3937360,2712960
1669,3180976,3635792
1670,3963680,3161280
1671,3364976,2746192
1672,4232096,2980992
1673,3784224,3327952
1674,3317664,3371232
1675,3643616,3272928
1676,3988400,4058960
1677,3849136,3453568
1678,3944608,3118480
1679,4737760,3260016
1680,4155824,2601952
1681,3494960,2614832
1682,3760592,2749264
1683,3184832,3870240
1684,3206880,2912608
1685,3393104,2936960
1686,4585840,2883696
1687,3490208,2724224
1688,3422672,2692032
1689,3434096,2982464
1690,3320240,2951600
1691,3260544,2472544
1692,3689168,3741728
1693,3660176,2838592
1694,3191360,3181184
1695,3769888,2816256
1696,3544528,2460384
1697,3901104,3853024
1698,3532320,2694464
1699,3178448,3321232
1700,3878992,2726608
1701,3365376,3207040
1702,4028816,2922752
1703,3316448,3207184
1704,3890912,3235600
1705,3583792,2803248
1706,3923824,2593328
1707,3873616,3383728
1708,3399104,2844448
1709,3171952,2683600
1710,4085824,3658800
1711,3435312,2714736
1712,3313184,3094336
1713,4378736,2922752
1714,3342992,2826800
1715,3659648,3609600
1716,3567728,2505376
1717,3421216,2733584
1718,4302448,3612880
1719,3129968,2670896
1720,3245904,2716064
1721,4329904,3398064
1722,3287808,2922336
1723,3369456,3074496
1724,4114768,2657312
1725,3509536,2410720
1726,3739328,4136784
1727,3287984,2621136
1728,3129952,2850528
1729,4290960,2956256
1730,3220032,3172208
1731,3462096,2865040
1732,3633648,3087904
1733,3892208,3575792
1734,3580256,2679856
1735,3761248,2920400
1736,4285120,2835792
1737,3337840,3951936
1738,3493456,3383872
1739,3423360,3504608
1740,4668256,2617376
1741,3844240,3544128
1742,3994912,2852608
1743,3301808,2602928
1744,4090192,3121824
1745,3538288,3884144
1746,3222496,2974080
1747,3500848,2883856
1748,4449248,3546704
1749,3598880,3120192
1750,3481920,4108864
1751,4035408,3168640
1752,3748160,3201920
1753,4808384,2857904
1754,3816224,2938096
1755,3751264,3749744
1756,3205840,4579968
1757,3461936,3225424
1758,4287344,3026576
1759,5231408,4030832
1760,3826080,3185792
1761,3729936,2770928
1762,4723616,3197696
1763,3851872,3392112
1764,3484304,2705136
1765,3916368,3029360
1766,4077024,2901408
1767,3298816,3237872
1768,3679808,3008432
1769,3492128,3032768
1770,3939456,3147584
1771,3570160,2812368
1772,3626000,2911648
1773,3679184,2710784
1774,3329632,2870000
1775,3454880,3021376
1776,3325504,2900368
1777,3542880,3413040
1778,3728880,2769200
1779,3576368,4769168
1780,4075696,3261872
1781,3436384,2527440
1782,5408672,4003200
1783,3920016,3559168
1784,3196944,4477056
1785,4586208,3987184
1786,4135744,3325648
1787,4380752,2922256
1788,4530672,2527376
1789,3898448,3210704
1790,3502560,3538912
1791,3146544,3478464
1792,3647520,5279808
1793,4118384,3849760
1794,4168464,2975952
1795,4016384,3049504
1796,4458800,3272704
1797,3476160,2470032
1798,3669376,4108048
1799,3812800,3248048
1800,3125936,3429536
1801,4598272,3844512
1802,3821600,3570960
1803,4113680,2778448
1804,3783744,2940976
1805,4100752,3159104
1806,3259968,2849408
1807,3499760,2846224
1808,3741584,2648592
1809,3404640,3302112
1810,3444944,5000624
1811,3258816,2943008
1812,3978176,3168384
1813,5412784,3632336
1814,3589728,2983968
1815,3809296,3042960
1816,4128544,3006480
1817,3687840,3411744
1818,3756272,4389456
1819,3725728,2537728
1820,4128096,3194960
1821,4444624,2798576
1822,3120160,2788240
1823,3842704,3238784
1824,3358112,2783920
1825,3428656,4168336
1826,3942544,4156784
1827,3433120,4104464
1828,116191872,3695152
1829,4077184,2738896
1830,4692688,2708064
1831,4787488,3053456
1832,4366480,2714160
1833,3457952,3657504
1834,3293664,2538096
1835,3680032,2994704
1836,3368640,2900496
1837,4373232,2308144
1838,3171712,2911024
1839,3709264,2914832
1840,3622576,3236576
1841,2969008,3571856
1842,3029456,2281936
1843,2968400,2908416
1844,3364496,2864688
1845,3611808,2834944
1846,2985280,3047952
1847,2974272,2880736
1848,3020128,4334832
1849,3531232,2714208
1850,3677152,2384272
1851,3466912,3733232
1852,5009584,2255152
1853,3244560,3909888
1854,3080304,3127456
1855,3859616,3343488
1856,2957808,2343200
1857,3998704,3172560
1858,3843312,2892544
1859,3958704,2392080
1860,3051424,2948448
1861,3795312,3903488
1862,3604352,9162576
1863,3064752,3568080
1864,3073136,3284608
1865,3914080,4280976
1866,9808176,4774464
1867,4158240,2499456
1868,3990304,4095328
1869,4326752,4625280
1870,5479328,7247760
1871,3125056,7307584
1872,4713312,4469952
1873,5263840,5954096
1874,15588816,4372000
1875,6482464,6541440
1876,7117680,6947616
1877,5019520,3154720
1878,6609024,2852656
1879,4933152,2737824
1880,6482256,4943072
1881,7478528,3317568
1882,3849472,2143856
1883,3505920,3002736
1884,3442512,3225440
1885,5607248,2864368
1886,3935040,2990000
1887,2806000,3070016
1888,3676224,3589216
1889,3879984,2826512
1890,3496528,2359168
1891,3691872,2855440
1892,3784896,3316832
1893,4288464,4747392
1894,3421696,3901088
1895,3069872,4657184
1896,3504816,3031504
1897,4007600,3247136
1898,5450912,3589616
1899,4498896,3661376
1900,5256672,3642864
1901,3698112,2862592
1902,3821200,2838544
1903,4065568,3132368
1904,4160048,4004032
1905,4333728,6165648
1906,3569040,6798048
1907,3434720,2865296
1908,3794592,7752000
1909,4044192,4092912
1910,5173568,3011600
1911,7133120,3690528
1912,3432336,3036128
1913,8234208,4135440
1914,4675472,2864640
1915,3718432,2865984
1916,4386000,2695104
1917,3533328,3387776
1918,4748384,2661728
1919,3383520,3212336
1920,3462256,3367664
1921,3394288,3271424
1922,3944352,2978960
1923,3307424,3691440
1924,3688816,2782544
1925,4005936,2696960
1926,3910688,2462160
1927,3594640,3552832
1928,4362704,3235760
1929,3505376,3288496
1930,3449520,2969392
1931,3095360,4159696
1932,4199792,3236848
1933,3840720,3735760
1934,3974864,3652176
1935,3683536,3322848
1936,4875360,2943008
1937,3955984,2230752
1938,4481056,3048592
1939,4277616,6855552
1940,3854832,3895136
1941,3555632,2792368
1942,2869648,3346928
1943,3561696,5043168
1944,7504160,3674576
1945,4284256,2373808
1946,3432688,4491040
1947,3999120,4390064
1948,5645376,3888912
1949,4339152,4012864
1950,2976384,3954160
1951,5178144,4033152
1952,5002048,3144112
1953,3588080,2985264
1954,4650848,3111616
1955,4474704,2850640
1956,4665440,4156272
1957,3889136,2949056
1958,3046160,2932448
1959,3857952,2950944
1960,3000144,2976960
1961,4898624,3195760
1962,3672192,3075440
1963,3581568,2817264
1964,3705488,3101280
1965,3687696,2961392
1966,3910720,2774064
1967,3757120,2954704
1968,3446672,3212928
1969,3763376,3015088
1970,3678432,2917328
1971,3349104,3023728
1972,3583472,2972736
1973,3943216,3106208
1974,3722912,2723616
1975,3547104,2408384
1976,3705136,2999376
1977,3706096,3494496
1978,3810112,2429152
1979,3382864,2714528
1980,3114240,2985104
1981,3075696,2742992
1982,3438144,2565984
1983,3118176,2208064
1984,2819808,3285392
1985,3708176,2851776
1986,3468496,2778960
1987,3283568,2839328
1988,2944384,3036144
1989,3787968,3498704
1990,3442832,2891936
1991,3389296,3337040
1992,3377904,3416352
1993,3480608,2576672
1994,4022784,2327216
1995,3573648,2906640
1996,3840608,3947632
1997,4055088,3430272
1998,3236192,0
1999,2971936,0
===CSV_END===
=========================================
HI_NET_PING_DONE run=12
