========================================
SHM Ping-Pong Client
Scenario 2 - EB corbos Linux Evaluation
========================================
Messages:       2000
Message size:   64 B
Poll interval:  100 us
Echo timeout:   10 ms

Waiting for shm_echo to register (UUID: b2c3d4e5-f6a7-8901-bcde-f12345678901)...
Found shm_echo!


========== SHM PING-PONG RESULTS ==========
Messages sent:    2000
Messages lost:    4 (0.200%)
RTL (us):
  Mean:   1964.014    Std dev: 967.716
  Min:      55.360    Max:     9623.104
  P50:    1679.504    P95:     3041.136
  P99:    7967.680    P99.9:   9531.952
Throughput: 509 msg/s
============================================
===CSV_START===
Seq,RTT_ns
1,2659392
2,8535120
3,3248992
4,8773952
5,3234128
6,8353216
7,1440960
8,2357664
9,1645808
10,2489776
11,1511952
12,2566208
13,1582640
14,2032336
15,1540368
16,2367088
17,1498128
18,2589728
19,8041728
20,1743984
21,2602208
22,1629856
23,1667456
24,1652592
25,2656768
26,1850656
27,1956528
28,1481312
29,2540496
30,1614160
31,2378768
32,8316976
33,1660208
34,1750944
35,1337104
36,2670528
37,1554816
38,1385552
39,1327456
40,1490064
41,2459344
42,8395472
43,1630128
44,1966432
45,1381168
46,3008048
47,1974416
48,2050784
49,8279696
50,1712352
51,1883456
52,1707136
53,1988960
54,1553856
55,2577840
56,1704688
57,1837856
58,1470736
59,6964384
60,1423168
61,6903440
62,1379680
63,2057600
64,1722384
65,2122048
66,1264064
67,2842208
68,8435968
69,1357088
70,1840336
71,1505952
72,1596688
73,2375472
74,2859776
75,8579520
76,3317344
77,1670096
78,2141920
79,1329792
80,2835536
81,1461472
82,3048528
83,1534656
84,1835456
85,1563648
86,2700816
87,8391712
88,1680928
89,1588960
90,1458432
91,1497584
92,2462768
93,1361360
94,1784592
95,1674512
96,6233024
97,1605568
98,1971600
99,1725008
100,2603536
101,1417920
102,2386512
103,1353328
104,2844288
105,7967680
106,1574576
107,2137024
108,1720000
109,3084896
110,1645008
111,1729664
112,1486480
113,1965680
114,1383520
115,1596160
116,912528
117,1896320
118,1377136
119,9299904
120,1414752
121,1850496
122,1415760
123,2590352
124,1498416
125,2292592
126,1851904
127,1772512
128,1346912
129,2654528
130,8371712
131,1561680
132,2229168
133,1456528
134,2064800
135,1666736
136,1500800
137,9623104
138,1501296
139,1888432
140,1548720
141,1493536
142,2970784
143,2220624
144,1384240
145,2160720
146,6442224
147,1885248
148,1730608
149,2413600
150,1506096
151,2344288
152,1997248
153,3469440
154,2509440
155,1725744
156,3329200
157,1325424
158,1686512
159,1611472
160,2078688
161,1766080
162,2268752
163,1514000
164,2274992
165,1345712
166,1212096
167,1700576
168,1569728
169,2211136
170,1532144
171,1388784
172,9312800
173,1717616
174,2255888
175,1667024
176,2142448
177,1721440
178,2409040
179,1459488
180,2895328
181,2012896
182,2407152
183,1900128
184,2630576
185,2659152
186,1634960
187,2674032
188,1810480
189,2073184
190,1670672
191,1874880
192,1670816
193,2730752
194,1704032
195,1825056
196,4192640
197,1744880
198,2384992
199,1629280
200,2470336
201,1659776
202,2065232
203,1755456
204,1977152
205,1865632
206,2653600
207,1532816
208,2811920
209,1490448
210,2245856
211,1673264
212,2073168
213,1893232
214,2063536
215,1698048
216,2558848
217,1631696
218,2054160
219,1643024
220,2605280
221,1646352
222,2348256
223,1457344
224,2015200
225,3493632
226,1613456
227,2670928
228,1632336
229,2546368
230,1751712
231,1971808
232,1743536
233,2633248
234,1862288
235,2032592
236,1781392
237,1945168
238,1679184
239,2680976
240,1735312
241,2446624
242,5856192
243,1735168
244,1656304
245,1915872
246,1407552
247,2746080
248,1214720
249,1413392
250,2496848
251,1554016
252,1088064
253,1434480
254,2227680
255,1342752
256,1498720
257,1814608
258,1490128
259,1435376
260,1474256
261,1311968
262,1590304
263,1276016
264,1496800
265,1828544
266,1403392
267,1462160
268,1472176
269,1580784
270,1806272
271,1687248
272,2188704
273,1685248
274,2362368
275,3220448
276,1531040
277,1426400
278,1394736
279,1398560
280,1185200
281,1607392
282,1277888
283,3023776
284,1387360
285,1271200
286,1293856
287,1446368
288,1607008
289,1421056
290,2481392
291,1329264
292,2637024
293,1699040
294,2350512
295,1265376
296,1375040
297,1737936
298,1407936
299,1677696
300,1510432
301,1428176
302,1513008
303,1653312
304,2294064
305,1155568
306,1484640
307,1686864
308,1473696
309,2364672
310,1513488
311,2339696
312,1527184
313,1145040
314,1970112
315,1444496
316,1544736
317,1274192
318,1558832
319,4827744
320,1822544
321,1437440
322,2726240
323,1341488
324,2344128
325,1215008
326,1660992
327,1399808
328,2466656
329,1620592
330,2839792
331,1351712
332,1409888
333,1527936
334,1460592
335,1656832
336,1332400
337,1361936
338,1760512
339,1455936
340,1868496
341,1770768
342,2443104
343,1237664
344,1550848
345,2230912
346,1555184
347,1642976
348,1399888
349,1581792
350,1427328
351,1467776
352,1619120
353,1179840
354,1347664
355,1664192
356,1597840
357,2060384
358,1230784
359,1424128
360,1471760
361,1206736
362,1697792
363,2388896
364,1401056
365,1467104
366,3576080
367,1412512
368,1165936
369,1678256
370,1739024
371,1995184
372,1364256
373,3012208
374,1741888
375,2306208
376,1112784
377,1354016
378,2421888
379,1168752
380,1519072
381,1430704
382,1314448
383,2538144
384,1446928
385,1617200
386,1378384
387,2032720
388,1438848
389,1445488
390,2643600
391,1360160
392,1674480
393,1403504
394,2167328
395,1338208
396,1118672
397,1781424
398,1570272
399,1521424
400,1475648
401,1290400
402,1692800
403,1394128
404,1566848
405,1423984
406,1570944
407,1586144
408,1535040
409,1559008
410,2058816
411,1458816
412,1753424
413,1177232
414,1228752
415,1573584
416,1271072
417,1379712
418,1546064
419,1757888
420,2499440
421,1331472
422,1596288
423,1435744
424,1379632
425,1694272
426,1336784
427,3055296
428,1267344
429,1354000
430,2373904
431,1249328
432,1522128
433,1432048
434,2590288
435,1432128
436,1306032
437,2548592
438,2683248
439,1384240
440,2424224
441,1615808
442,1201552
443,2487920
444,1417760
445,1528368
446,1443040
447,2128256
448,1475648
449,1552048
450,1993456
451,1068960
452,6884752
453,1696000
454,2228656
455,1564432
456,2075408
457,1969776
458,2008512
459,1834096
460,2129984
461,1646848
462,2198864
463,1568144
464,2496672
465,1657392
466,1998768
467,1961536
468,2290112
469,1770496
470,2199328
471,1626224
472,2795472
473,1576688
474,2176832
475,1916288
476,2107136
477,1567792
478,2019712
479,1887920
480,1808352
481,1412720
482,2890960
483,1739728
484,1992592
485,1846608
486,1915344
487,1720912
488,2735392
489,1815280
490,1906224
491,1683504
492,2788448
493,1543712
494,2219376
495,1798496
496,1907040
497,1632080
498,2221888
499,1850128
500,2176304
501,1861072
502,2244944
503,1582512
504,2454192
505,1783328
506,1892368
507,1774880
508,1998688
509,1638640
510,2785648
511,1914736
512,2027488
513,1520512
514,2967104
515,1697120
516,2143104
517,1730480
518,2199920
519,1634576
520,6980144
521,1341568
522,1548704
523,1781984
524,2008736
525,1600304
526,2423568
527,1179520
528,2853280
529,55360
530,2655168
531,2381824
532,1167472
533,1802720
534,1191600
535,2598480
536,1343888
537,1386416
538,2496864
539,1419280
540,1425392
541,1330880
542,2385264
543,1424880
544,1319568
545,1770272
546,3794912
547,1490544
548,2734832
549,1379984
550,1984768
551,1334448
552,1513776
553,2518928
554,1526560
555,1583712
556,1547424
557,1947504
558,1243360
559,1260016
560,1561328
561,1582000
562,2263680
563,1287744
564,1237184
565,1451760
566,1299120
567,1582224
568,1870176
569,1470528
570,1729280
571,1304144
572,1561408
573,1357536
574,1509008
575,2270144
576,1535808
577,2835184
578,1501408
579,2284208
580,1312080
581,1423792
582,1703328
583,100016
584,1721776
585,1719440
586,1334320
587,1473664
588,2035872
589,1724864
590,2279168
591,1610480
592,1672128
593,1475024
594,1846544
595,1346384
596,1349408
597,1625616
598,1308256
599,1489296
600,1515008
601,1528624
602,2243536
603,1636176
604,2339328
605,4155360
606,1490384
607,2443424
608,1375520
609,2291360
610,1375056
611,1147552
612,1674944
613,1626240
614,1559872
615,1239088
616,1188624
617,1569520
618,1425776
619,1087632
620,1784656
621,1353840
622,1387104
623,2257376
624,1312688
625,1601472
626,1315504
627,2773088
628,1467536
629,1562144
630,2243712
631,3256096
632,1316608
633,2332832
634,1475840
635,2255568
636,1224640
637,1585552
638,1530848
639,1501152
640,2983696
641,1353584
642,1437072
643,1314544
644,1571008
645,1820768
646,1578992
647,2372240
648,1530112
649,2045216
650,1423152
651,1558032
652,1964464
653,1511152
654,1696240
655,1494032
656,1423984
657,2264624
658,1161280
659,1573648
660,1192976
661,1271808
662,1466576
663,1278528
664,1169216
665,1676416
666,1569088
667,1603632
668,1507648
669,1502208
670,1671280
671,1226384
672,1254928
673,1431824
674,1435520
675,1338624
676,1631328
677,1440096
678,2093520
679,1748096
680,2292608
681,1222560
682,1326352
683,1501696
684,1498064
685,2260752
686,1251360
687,1534176
688,1547776
689,1323920
690,2473040
691,1648080
692,1443472
693,2150528
694,1897648
695,2276512
696,3934784
697,1542096
698,2143568
699,1214368
700,1588224
701,2113840
702,1254976
703,1701808
704,1149472
705,1521392
706,2302304
707,1285440
708,1754496
709,1615120
710,2544096
711,1302752
712,1453568
713,2498896
714,1484240
715,2320480
716,1452576
717,2401520
718,1211424
719,1722544
720,1281008
721,1470752
722,2224640
723,1455056
724,1564192
725,1438928
726,2328368
727,1184256
728,1260544
729,1564256
730,1428272
731,5314656
732,2094880
733,1578544
734,2184496
735,1596560
736,2282848
737,1614432
738,2039456
739,1808464
740,1918192
741,1608064
742,2536304
743,1713872
744,2297632
745,2269008
746,1935952
747,1546656
748,1935648
749,1862160
750,1902176
751,1754592
752,2589344
753,1870416
754,2264464
755,1775200
756,2022144
757,1617056
758,2845744
759,1655424
760,2006304
761,1908480
762,2081872
763,1480944
764,2781952
765,1487104
766,2130192
767,1592448
768,2205728
769,1771888
770,2223392
771,1686880
772,2007040
773,1852112
774,2750048
775,1817888
776,2015824
777,1924864
778,2031472
779,1697872
780,1982224
781,1628720
782,2896048
783,1530976
784,2002544
785,1578224
786,2528928
787,1710288
788,2024864
789,1707376
790,2581312
791,1816128
792,2118112
793,1582496
794,2129088
795,1808064
796,1910320
797,8847360
798,3148784
799,1378672
800,1544832
801,2372448
802,3132032
803,1432032
804,2214304
805,2657584
806,1759440
807,1612960
808,1727344
809,1448352
810,1553920
811,2363936
812,1577360
813,2419280
814,1452416
815,1672176
816,1347424
817,2146656
818,1589664
819,2602608
820,1368464
821,2369296
822,1489104
823,1364800
824,2084496
825,1479104
826,1777792
827,3924000
828,1537296
829,2391616
830,1402960
831,2363216
832,1343232
833,3086400
834,1519200
835,1640016
836,1683872
837,1278016
838,1811776
839,2474944
840,1933520
841,1512912
842,1984384
843,1681088
844,2439488
845,1562624
846,2142624
847,1557888
848,2512960
849,1620304
850,2433072
851,1399648
852,2490544
853,1473680
854,1387872
855,2329264
856,1488000
857,2597808
858,1414544
859,1030576
860,1310560
861,1474224
862,1663696
863,1455152
864,2348080
865,1543504
866,1805056
867,1451728
868,1471968
869,1645536
870,1506640
871,2479024
872,1578768
873,2374800
874,1597072
875,2430944
876,1538288
877,1700240
878,1962336
879,1549216
880,2250176
881,1224496
882,2019440
883,3452880
884,1416320
885,2806640
886,1629440
887,2500688
888,1557024
889,2374304
890,1536640
891,2141376
892,1499792
893,2609648
894,1643136
895,2144368
896,1279008
897,1500080
898,1531616
899,1566912
900,1601024
901,1341392
902,1237664
903,1826192
904,1454736
905,1514512
906,2131248
907,2840496
908,1444000
909,1329824
910,2039104
911,1546192
912,1606368
913,1356288
914,1500000
915,1114112
916,1768832
917,2497552
918,1570560
919,2452320
920,1455056
921,2396160
922,1358832
923,2526848
924,1388608
925,1451504
926,2658128
927,2525456
928,1529696
929,2230928
930,1317680
931,1509856
932,1826512
933,1476512
934,1717168
935,2716032
936,1653296
937,1400336
938,1208576
939,2368368
940,1461888
941,1675088
942,1622528
943,1920896
944,1569696
945,2807392
946,1385952
947,2283680
948,4187232
949,1429280
950,2301360
951,1315280
952,1443344
953,1657872
954,1375504
955,1554960
956,1651104
957,1191888
958,1656352
959,1391568
960,2871744
961,1522160
962,2375392
963,3941376
964,1644496
965,2232016
966,1460320
967,1454192
968,2471072
969,1194240
970,1672336
971,1181632
972,1339984
973,1516224
974,3524256
975,1408320
976,1490512
977,1858208
978,1439792
979,1665840
980,1369856
981,1675360
982,2139024
983,1364400
984,1640256
985,1369312
986,1459136
987,1440480
988,1571968
989,2016720
990,1343168
991,1543248
992,1616048
993,1354832
994,1981952
995,1752512
996,1830464
997,7442096
998,2457952
999,1788032
1000,2488624
1001,1722960
1002,2045872
1003,1809120
1004,2046112
1005,1714176
1006,2011664
1007,1785424
1008,2581536
1009,1739264
1010,2036176
1011,1792896
1012,1877856
1013,1703120
1014,2729232
1015,1685056
1016,2276096
1017,1905136
1018,2043120
1019,1716688
1020,2891216
1021,1829328
1022,2164704
1023,1692240
1024,2237104
1025,1612064
1026,1951088
1027,1733600
1028,2067312
1029,1882336
1030,2153776
1031,2109984
1032,2188976
1033,2145840
1034,2851840
1035,2507776
1036,1852496
1037,2296592
1038,1946816
1039,2358176
1040,1610416
1041,2168544
1042,1718992
1043,2122112
1044,1935552
1045,2086016
1046,1919744
1047,1853776
1048,1736704
1049,2153056
1050,1927312
1051,2402160
1052,1798944
1053,1977056
1054,1635808
1055,2554896
1056,1748352
1057,2270048
1058,1844512
1059,2200432
1060,1779600
1061,6207760
1062,3380384
1063,1222064
1064,1379040
1065,1586272
1066,1409616
1067,1249968
1068,2462544
1069,1368944
1070,1584384
1071,1288640
1072,2878608
1073,1225760
1074,2391264
1075,1533584
1076,2323200
1077,1365168
1078,2662880
1079,1563392
1080,2405776
1081,1594784
1082,1222144
1083,970432
1084,1373328
1085,1377456
1086,1608368
1087,1353920
1088,2791792
1089,1417968
1090,2371696
1091,1452528
1092,2388672
1093,1663760
1094,1650784
1095,1619968
1096,3057136
1097,1625184
1098,2324528
1099,1667792
1100,3010464
1101,1491472
1102,1747920
1103,1715872
1104,2495696
1105,1643536
1106,1773424
1107,1664496
1108,1308832
1109,2487376
1110,1649552
1111,2396064
1112,3476432
1113,3127072
1114,1483616
1115,1463152
1116,1333600
1117,1568832
1118,2161632
1119,1320736
1120,1447600
1121,1693296
1122,1506624
1123,1984192
1124,1656784
1125,2966848
1126,1593568
1127,1958896
1128,1550896
1129,2952032
1130,1959184
1131,2094112
1132,1478176
1133,1495584
1134,1697344
1135,3220784
1136,1487296
1137,1832032
1138,1631200
1139,2597136
1140,1416048
1141,2595088
1142,1493888
1143,2539728
1144,1644192
1145,2044656
1146,1715376
1147,2514880
1148,1435952
1149,2301952
1150,1629184
1151,2292592
1152,1424528
1153,2706496
1154,1555152
1155,2190672
1156,1363888
1157,1439840
1158,2448048
1159,1411168
1160,1582672
1161,1222256
1162,2519376
1163,2204608
1164,1501040
1165,1459280
1166,1517216
1167,1261104
1168,1408416
1169,2421296
1170,1435072
1171,2685168
1172,1589344
1173,2407952
1174,1812880
1175,2283856
1176,3732528
1177,1286032
1178,1464720
1179,1602976
1180,1612560
1181,1822848
1182,1476496
1183,1363248
1184,1869264
1185,1457568
1186,1884096
1187,1318512
1188,1450784
1189,2399376
1190,1510144
1191,1642336
1192,1302816
1193,1056416
1194,2432704
1195,1407952
1196,1651248
1197,1446992
1198,1562704
1199,1472112
1200,1353584
1201,1712960
1202,1363008
1203,1434528
1204,1992560
1205,1365408
1206,1689984
1207,9171760
1208,1306368
1209,1614432
1210,1791984
1211,2354544
1212,8084256
1213,1506592
1214,2205552
1215,1696464
1216,1516368
1217,1181296
1218,1281456
1219,1449840
1220,2065216
1221,1397360
1222,1509104
1223,1267904
1224,1751632
1225,2481616
1226,3436576
1227,1542528
1228,1864368
1229,1317952
1230,1365552
1231,1090016
1232,1483440
1233,1485504
1234,1057968
1235,1428736
1236,1342656
1237,1520736
1238,1498656
1239,2096880
1240,1535104
1241,2536464
1242,4368224
1243,1539120
1244,2448032
1245,1349984
1246,1974016
1247,4170864
1248,1474736
1249,2680112
1250,1466944
1251,2365584
1252,1557488
1253,2418528
1254,1679504
1255,2286672
1256,1673216
1257,2205296
1258,1603152
1259,2450336
1260,3193232
1261,1434176
1262,3140640
1263,1695936
1264,2490416
1265,1605168
1266,2574896
1267,1386464
1268,2215536
1269,1398608
1270,2501344
1271,1811936
1272,2935648
1273,1366336
1274,1716736
1275,1592816
1276,3306928
1277,1521872
1278,1613824
1279,1662960
1280,1272592
1281,9531952
1282,1485296
1283,2581472
1284,1443264
1285,2298608
1286,1645424
1287,3041136
1288,2002208
1289,1445168
1290,1444848
1291,2393296
1292,1538592
1293,1803984
1294,1930512
1295,1593712
1296,1447536
1297,2486912
1298,1626208
1299,2369200
1300,1479184
1301,2393168
1302,1749152
1303,2344960
1304,1352064
1305,3004672
1306,1615488
1307,1835312
1308,1423968
1309,1366864
1310,2309552
1311,1371312
1312,1918976
1313,1408336
1314,2478528
1315,1563696
1316,2449392
1317,1531840
1318,2490128
1319,1531920
1320,2516336
1321,1586960
1322,2052720
1323,1331552
1324,1581408
1325,1657456
1326,2398272
1327,1527024
1328,2453424
1329,1524080
1330,2498304
1331,1426848
1332,1769936
1333,1817008
1334,1464672
1335,1344960
1336,1533104
1337,2497072
1338,1500560
1339,2499696
1340,1550432
1341,2277168
1342,1566240
1343,1198544
1344,2393440
1345,1466672
1346,1824624
1347,1376176
1348,1814928
1349,1285168
1350,1461456
1351,1808288
1352,1627952
1353,1815008
1354,1424144
1355,1482048
1356,1701008
1357,1708608
1358,1832880
1359,1314624
1360,2786368
1361,1714896
1362,1763392
1363,1875264
1364,2526096
1365,1552048
1366,2393184
1367,1398736
1368,2580656
1369,1478736
1370,2538192
1371,1597008
1372,2290480
1373,1284928
1374,1432288
1375,2844080
1376,2393536
1377,1428800
1378,2382080
1379,1404560
1380,1306672
1381,2397680
1382,1489152
1383,2449232
1384,1438304
1385,1687904
1386,1392688
1387,2253392
1388,4423632
1389,1460688
1390,1796176
1391,1511904
1392,1447808
1393,1034880
1394,1762240
1395,2354128
1396,1488160
1397,1430192
1398,1593120
1399,1412272
1400,1125696
1401,1512112
1402,1319488
1403,2396640
1404,1322320
1405,1538128
1406,1597408
1407,2586752
1408,1718080
1409,1999296
1410,1416816
1411,1372112
1412,2408208
1413,1462272
1414,1632336
1415,1619632
1416,1701648
1417,1534816
1418,1368192
1419,1753728
1420,1463312
1421,2165728
1422,1684800
1423,2353920
1424,1279104
1425,2428928
1426,1824960
1427,2350544
1428,1634944
1429,2451008
1430,1671808
1431,2603632
1432,1548656
1433,1725296
1434,1425184
1435,1501056
1436,2553232
1437,1442976
1438,1288688
1439,4157200
1440,1489888
1441,6793744
1442,1575744
1443,1707808
1444,1677648
1445,2632464
1446,1444416
1447,2377872
1448,1476592
1449,2564928
1450,1647264
1451,2637856
1452,1807552
1453,1829168
1454,1795424
1455,1794480
1456,1662512
1457,1363008
1458,2286096
1459,1679856
1460,1255104
1461,3596128
1462,1495344
1463,1546608
1464,2336752
1465,1398176
1466,1931952
1467,1409984
1468,2268352
1469,1658112
1470,2440496
1471,1522416
1472,2272352
1473,1523856
1474,2603488
1475,1427680
1476,2575840
1477,1459840
1478,2445696
1479,1430688
1480,2506400
1481,1840448
1482,1807504
1483,1415696
1484,1499792
1485,1815360
1486,1636608
1487,1677152
1488,1373840
1489,1270656
1490,2090000
1491,1452656
1492,1666528
1493,1423936
1494,1581376
1495,2893296
1496,2697504
1497,1660224
1498,1637168
1499,1480640
1500,2678640
1501,1337696
1502,1391952
1503,1874368
1504,1472752
1505,1881360
1506,1561904
1507,2637152
1508,1814512
1509,1882032
1510,1483776
1511,7250704
1512,1939600
1513,2567504
1514,2356032
1515,1647264
1516,1275104
1517,2005600
1518,1517072
1519,2235248
1520,1510624
1521,1609984
1522,1762176
1523,1451600
1524,1775488
1525,1460128
1526,2269312
1527,1765488
1528,1485632
1529,1485200
1530,1523024
1531,1758608
1532,1637232
1533,2081008
1534,1325392
1535,1472848
1536,1714992
1537,1384144
1538,2340352
1539,1585280
1540,2390848
1541,1512720
1542,2600736
1543,1363456
1544,2658848
1545,1451552
1546,2321088
1547,1448784
1548,2257424
1549,1493952
1550,2611328
1551,1628496
1552,2476384
1553,1565872
1554,2494672
1555,1568096
1556,2495808
1557,1768448
1558,1894032
1559,1795232
1560,1766896
1561,1476192
1562,1382336
1563,1733632
1564,1719312
1565,1785056
1566,1385328
1567,1496784
1568,2021504
1569,1527712
1570,1680384
1571,1721584
1572,2207968
1573,1435552
1574,1435648
1575,1237456
1576,1758336
1577,2428080
1578,1574464
1579,2342224
1580,1567280
1581,2295728
1582,1514064
1583,2283520
1584,1285120
1585,1650448
1586,1234704
1587,3961008
1588,3741760
1589,1415680
1590,1315024
1591,1752624
1592,1750528
1593,1811040
1594,1340400
1595,1469712
1596,1820672
1597,1649840
1598,1848384
1599,1492288
1600,1288816
1601,2669072
1602,1314976
1603,2005120
1604,1512928
1605,1771920
1606,2681520
1607,2381520
1608,1523984
1609,2300144
1610,3481696
1611,1544944
1612,1586960
1613,1549520
1614,1491664
1615,1279968
1616,1327440
1617,3614864
1618,1567392
1619,1622448
1620,1388352
1621,2358304
1622,1331824
1623,1307152
1624,1717376
1625,1531040
1626,2068720
1627,1518496
1628,2434352
1629,1693232
1630,2240752
1631,1428912
1632,2451648
1633,1338960
1634,1277792
1635,1932736
1636,1586512
1637,1631088
1638,1479296
1639,1499664
1640,1689008
1641,1514192
1642,1760928
1643,1547520
1644,1504928
1645,1318544
1646,1439392
1647,4338096
1648,2018480
1649,1316560
1650,1477680
1651,2657040
1652,2633872
1653,1524816
1654,2243296
1655,1236448
1656,1555600
1657,2511344
1658,1429824
1659,1667504
1660,1657280
1661,1707728
1662,1457952
1663,1366496
1664,2210400
1665,1410896
1666,1581152
1667,1410208
1668,1536672
1669,2008032
1670,7567088
1671,1552832
1672,2944240
1673,3181664
1674,1728016
1675,6986128
1676,4406736
1677,1396112
1678,2002720
1679,1696160
1680,2109424
1681,1524896
1682,1984448
1683,1477056
1684,2211248
1685,2056368
1686,1876944
1687,1367792
1688,1519712
1689,2093392
1690,3893952
1691,1801120
1692,1882016
1693,1609376
1694,1884592
1695,1605808
1696,2345344
1697,1370576
1698,1495536
1699,2535984
1700,2523328
1701,1487776
1702,1404448
1703,2323248
1704,1626304
1705,2275856
1706,1713344
1707,2256128
1708,3083808
1709,1598752
1710,2638592
1711,2017952
1712,2146448
1713,2112320
1714,1174384
1715,3838352
1716,1655744
1717,2531632
1718,4021104
1719,1486144
1720,3141216
1721,1525856
1722,1844672
1723,1704672
1724,2645808
1725,1749872
1726,1560960
1727,3238336
1728,1963152
1729,2240096
1730,1817008
1731,1980576
1732,1294416
1733,1385840
1734,1639824
1735,1327552
1736,2397184
1737,1575632
1738,2385296
1739,1668112
1740,2290448
1741,1378048
1742,2350320
1743,2922128
1744,2019328
1745,1454816
1746,1863440
1747,1654928
1748,2520112
1749,1476512
1750,1564800
1751,1722960
1752,1472832
1753,2398384
1754,1487488
1755,1923776
1756,3678672
1757,1646592
1758,1828992
1759,1479440
1760,1528704
1761,2944208
1762,1986304
1763,1980672
1764,2335344
1765,1648592
1766,2448576
1767,1433872
1768,2430288
1769,1646496
1770,2102496
1771,1293664
1772,3298528
1773,3003184
1774,1459856
1775,2309056
1776,1477504
1777,2542720
1778,1841520
1779,1976128
1780,1683312
1781,2646592
1782,1400048
1783,2160288
1784,1482752
1785,2363760
1786,1561296
1787,2706496
1788,1472336
1789,2260416
1790,1460560
1791,2734400
1792,1566928
1793,2490656
1794,1521552
1795,2359904
1796,1557536
1797,2294048
1798,1799216
1799,2502992
1800,1471824
1801,2157312
1802,1665888
1803,2418752
1804,1369872
1805,2454432
1806,1427456
1807,2432896
1808,1397744
1809,1560688
1810,2401136
1811,1594800
1812,1920704
1813,1459648
1814,1690096
1815,1515056
1816,2706992
1817,1587952
1818,2399792
1819,1365296
1820,2440688
1821,1337120
1822,1399200
1823,1928912
1824,1416352
1825,1698624
1826,4200352
1827,1365568
1828,2756576
1829,1450496
1830,2752576
1831,1415520
1832,2390352
1833,1426736
1834,2293104
1835,1583136
1836,2381488
1837,1612800
1838,2477696
1839,1655040
1840,2407376
1841,1341344
1842,2708320
1843,1587856
1844,2368304
1845,1474720
1846,2383392
1847,1689872
1848,1784192
1849,1725296
1850,1494752
1851,2298032
1852,2769360
1853,1484784
1854,3215696
1855,1605824
1856,1717776
1857,1269136
1858,1450672
1859,1659280
1860,1277712
1861,2572560
1862,1608704
1863,2256288
1864,1542496
1865,2281904
1866,1499616
1867,2512672
1868,1470304
1869,1248368
1870,1937520
1871,1126288
1872,2345152
1873,1509152
1874,2370992
1875,1301808
1876,1339520
1877,1147904
1878,1821280
1879,2070560
1880,1378944
1881,1512208
1882,1985648
1883,1524128
1884,1461328
1885,1444656
1886,1457664
1887,1749584
1888,1678240
1889,1598736
1890,1434688
1891,1576496
1892,2567312
1893,7562304
1894,1471808
1895,1861456
1896,1612256
1897,2276336
1898,1520608
1899,2475168
1900,1368976
1901,2614608
1902,1730816
1903,1843728
1904,1568160
1905,2725168
1906,1591216
1907,2639136
1908,1448080
1909,2140224
1910,1354832
1911,3311872
1912,1500240
1913,1757536
1914,1621056
1915,2625488
1916,1494464
1917,1872384
1918,4402752
1919,1531024
1920,2312736
1921,1776112
1922,2461904
1923,3597184
1924,1436240
1925,1554272
1926,2781248
1927,2414816
1928,1709616
1929,2391072
1930,1628784
1931,2293776
1932,1592064
1933,2640672
1934,1669904
1935,1774528
1936,1477824
1937,1768224
1938,1452960
1939,1190128
1940,2819952
1941,2419424
1942,1596912
1943,1745024
1944,1698352
1945,1580928
1946,2553232
1947,1414448
1948,1307744
1949,4088960
1950,1561936
1951,2320240
1952,1644128
1953,2548384
1954,1692864
1955,1639568
1956,8847184
1957,1679936
1958,2288928
1959,3245248
1960,1369456
1961,1560192
1962,1632448
1963,1509712
1964,2158160
1965,1639472
1966,2538512
1967,1513184
1968,2303152
1969,1532416
1970,2896688
1971,1521264
1972,1668608
1973,1418224
1974,1316368
1975,2047856
1976,1659232
1977,1859280
1978,1476192
1979,2477296
1980,1288256
1981,3405712
1982,1498592
1983,2007120
1984,1496384
1985,2413456
1986,1439824
1987,2558288
1988,1665968
1989,2651024
1990,1551824
1991,1700912
1992,1701984
1993,2361664
1994,1452704
1995,2337680
1996,5710368
===CSV_END===
===VMSTAT_START===
procs -----------memory---------- ---swap-- -----io---- -system-- ------cpu-----
 r  b   swpd   free   buff  cache   si   so    bi    bo   in   cs us sy id wa st
 3  0      0 144312   3824  35228    0    0    30    15  293  231 59 24 17  0  0
 3  0      0 144312   3824  35232    0    0     0     0  956 1280 77 20  3  0  0
 3  0      0 144312   3824  35232    0    0     0     0  915 1203 73 25  3  0  0
 2  0      0 144312   3832  35232    0    0     0   120  935 1167 68 29  3  0  0
 2  0      0 144248   3832  35232    0    0     0     0  707  756 64 17 19  0  0
 2  0      0 144248   3832  35232    0    0     0     0  303  157 52  1 47  0  0
 2  0      0 144248   3832  35232    0    0     0     0  318  164 54  1 45  0  0
===VMSTAT_END===
