========================================
Signal Sender Workload (Synchronized)
========================================
Initializing shared memory...
Waiting for speedometer to register...
Found speedometer in shared memory!
Sending START command to speedometer: START: 15;5;20

Running workload signal period for 15 seconds...

Workload signal period completed.
Sending STOP command to speedometer...
Waiting for statistics from speedometer...

Stress workload terminated.
===VMSTAT_START===
procs -----------memory---------- ---swap-- -----io---- -system-- ------cpu-----
 r  b   swpd   free   buff  cache   si   so    bi    bo   in   cs us sy id wa st
 4  0      0 138852   9116  35240    0    0    97    11  225  154 58 19 23  0  0
 4  0      0 138852   9116  35244    0    0     0     0  309  280 52  1 46  0  0
 4  0      0 138852   9116  35244    0    0     0     0  409  261 73  2 25  0  0
 4  0      0 138852   9116  35244    0    0     0     0  393  260 70  1 29  0  0
 4  0      0 138852   9116  35244    0    0     0     0  403  254 71  2 27  0  0
 4  0      0 138852   9124  35244    0    0     0   124  397  272 70  1 28  0  0
 4  0      0 138852   9124  35244    0    0     0     0  375  263 68  1 32  0  0
 4  0      0 138852   9124  35244    0    0     0     0  368  260 65  2 34  0  0
 4  0      0 138852   9124  35244    0    0     0     0  389  268 69  2 29  0  0
 4  0      0 138852   9124  35244    0    0     0     0  357  276 64  1 36  0  0
 4  0      0 138852   9124  35244    0    0     0     0  401  259 73  2 26  0  0
 5  0      0 138852   9124  35244    0    0     0     0  396  266 70  2 28  0  0
 4  0      0 138852   9124  35244    0    0     0     0  388  266 69  2 29  0  0
 4  0      0 138852   9124  35244    0    0     0     0  408  265 73  2 25  0  0
 4  0      0 138852   9124  35244    0    0     0     0  407  260 71  2 27  0  0
 5  0      0 138852   9124  35244    0    0     0     0  375  263 67  2 32  0  0
 4  0      0 138852   9124  35244    0    0     0     0  354  268 59  3 38  0  0
===VMSTAT_END===
========== SPEEDOMETER RT APPLICATION RESULTS ==========
Test Configuration:
Period: 50.000 ms
Deadline: 5.000 ms
RT Priority: 99 (SCHED_FIFO)
Execution Statistics:
Total cycles: 299
Deadline misses: 6 (2.007%)
Execution Time (μs):
Mean: 206.774
Min: 152.896
Max: 1180.240
50th percentile: 198.576
95th percentile: 261.168
99th percentile: 360.800
99.9th percentile: 1180.240
Jitter (μs):
Mean: 2344.571
Min: 1060.592
Max: 15999.056
Response Time (μs):
Mean: 2551.345
Min: 1217.360
Max: 16185.616
50th percentile: 2102.352
95th percentile: 3549.696
99th percentile: 14624.464
99.9th percentile: 16185.616
========================================================
[  151.985208] SDK:handler_do_el0_svc_pre: syscall __NR_futex (98) is not allowed
[  152.302730] SDK:handler_do_el0_svc_pre: syscall __NR_munmap (215) is not allowed
[  152.310678] SDK:handler_do_el0_svc_pre: syscall __NR_wait4 (260) is not allowed
[  152.320463] SDK:handler_do_el0_svc_pre: syscall __NR_munmap (215) is not allowed
[  152.328676] SDK:handler_do_el0_svc_pre: syscall __NR_rt_sigprocmask (135) is not allowed
[  152.336961] SDK:handler_do_el0_svc_pre: syscall __NR_futex (98) is not allowed
[  152.345423] SDK:handler_do_el0_svc_pre: syscall __NR_exit (93) is not allowed
[  152.346083] SDK:handler_do_el0_svc_pre: syscall __NR_futex (98) is not allowed
[  152.361157] SDK:handler_do_el0_svc_pre: syscall __NR_munmap (215) is not allowed
===VMSTAT_START===
procs -----------memory---------- ---swap-- -----io---- -system-- ------cpu-----
r  b   swpd   free   buff  cache   si   so    bi    bo   in   cs us sy id wa st
0  0      0  68456    512   9820    0    0     0     0   70   65  1  6 92  1  0
1  0      0  68324    512   9820    0    0     0     0   49   56  0  2 98  0  0
1  0      0  68324    512   9820    0    0     0     0   55   59  0  2 98  0  0
1  0      0  68324    512   9820    0    0     0     0   53   56  0  2 98  0  0
1  0      0  68324    512   9820    0    0     0     0   46   60  0  1 99  0  0
1  0      0  68324    512   9820    0    0     0     0   44   59  0  1 99  0  0
0  0      0  68324    512   9820    0    0     0     0   59   57  1  2 98  0  0
1  0      0  68324    512   9820    0    0     0     0   50   63  1  2 97  0  0
0  0      0  68324    512   9820    0    0     0     0   47   60  0  3 97  0  0
0  0      0  68324    512   9820    0    0     0     0   61   70  1  3 97  0  0
0  0      0  68324    512   9820    0    0     0     0   50   55  0  2 98  0  0
0  0      0  68324    512   9820    0    0     0     0   51   56  1  2 98  0  0
1  0      0  68324    512   9820    0    0     0     0   53   61  0  2 98  0  0
3  0      0  68324    512   9820    0    0     0     0   44   60  0  1 99  0  0
0  0      0  68324    512   9820    0    0     0     0   40   57  1  1 98  0  0
0  0      0  68324    512   9820    0    0     0     0  130   39  0  7 93  0  0
===VMSTAT_END===
===CSV_START===
cycle,timestamp_s,execution_time_us,jitter_us,response_time_us,deadline_miss
1,0.052757,211.424,2756.864,2968.288,0
2,0.102813,209.760,2812.880,3022.640,0
3,0.152138,195.664,2137.504,2333.168,0
4,0.202347,243.744,2346.896,2590.640,0
5,0.251628,177.520,1627.968,1805.488,0
6,0.302558,219.120,2558.432,2777.552,0
7,0.351499,163.520,1499.296,1662.816,0
8,0.402549,199.216,2549.440,2748.656,0
9,0.451767,230.656,1766.768,1997.424,0
10,0.503192,190.896,3191.584,3382.480,0
11,0.551559,225.824,1559.232,1785.056,0
12,0.602819,221.728,2819.232,3040.960,0
13,0.651503,234.144,1502.880,1737.024,0
14,0.702504,215.088,2503.632,2718.720,0
15,0.751552,255.008,1551.616,1806.624,0
16,0.802560,200.048,2559.920,2759.968,0
17,0.851502,243.072,1501.536,1744.608,0
18,0.902393,254.976,2392.864,2647.840,0
19,0.951583,189.408,1583.104,1772.512,0
20,1.002450,256.512,2450.064,2706.576,0
21,1.051835,190.000,1835.264,2025.264,0
22,1.102209,167.328,2208.528,2375.856,0
23,1.151623,194.768,1622.576,1817.344,0
24,1.202558,196.608,2557.904,2754.512,0
25,1.251634,188.080,1634.368,1822.448,0
26,1.302374,214.336,2373.696,2588.032,0
27,1.351429,254.032,1428.896,1682.928,0
28,1.403184,175.808,3184.320,3360.128,0
29,1.451576,159.280,1575.984,1735.264,0
30,1.502063,189.632,2063.120,2252.752,0
31,1.564621,180.064,14620.800,14800.864,1
32,1.602974,213.264,2973.776,3187.040,0
33,1.651549,227.104,1548.560,1775.664,0
34,1.702517,197.040,2516.656,2713.696,0
35,1.751638,230.464,1637.760,1868.224,0
36,1.802835,203.776,2835.408,3039.184,0
37,1.851497,156.512,1496.704,1653.216,0
38,1.902863,274.048,2862.864,3136.912,0
39,1.951631,172.752,1630.656,1803.408,0
40,2.002469,271.984,2469.376,2741.360,0
41,2.051550,214.624,1549.664,1764.288,0
42,2.103017,237.552,3016.512,3254.064,0
43,2.151651,155.008,1651.264,1806.272,0
44,2.202915,180.608,2914.512,3095.120,0
45,2.251505,218.864,1505.152,1724.016,0
46,2.302659,233.040,2659.344,2892.384,0
47,2.351613,206.992,1613.184,1820.176,0
48,2.402772,156.320,2772.464,2928.784,0
49,2.451573,192.512,1572.640,1765.152,0
50,2.502584,205.056,2584.208,2789.264,0
51,2.551463,272.096,1463.024,1735.120,0
52,2.602973,196.016,2973.008,3169.024,0
53,2.651498,228.384,1497.920,1726.304,0
54,2.701770,261.168,1770.192,2031.360,0
55,2.751515,211.248,1515.200,1726.448,0
56,2.802860,225.168,2860.032,3085.200,0
57,2.852546,219.504,2545.552,2765.056,0
58,2.902627,190.976,2626.784,2817.760,0
59,2.951564,161.632,1563.792,1725.424,0
60,3.002577,175.952,2576.512,2752.464,0
61,3.051461,231.456,1461.408,1692.864,0
62,3.102408,360.800,2407.856,2768.656,0
63,3.151503,259.968,1502.688,1762.656,0
64,3.202646,176.368,2646.320,2822.688,0
65,3.251576,157.696,1576.224,1733.920,0
66,3.302098,157.760,2097.840,2255.600,0
67,3.351613,192.624,1613.440,1806.064,0
68,3.402054,267.776,2053.696,2321.472,0
69,3.451624,166.928,1624.208,1791.136,0
70,3.502633,177.376,2632.896,2810.272,0
71,3.552912,190.240,2911.872,3102.112,0
72,3.602159,208.784,2158.944,2367.728,0
73,3.651691,218.672,1691.168,1909.840,0
74,3.702860,258.784,2860.256,3119.040,0
75,3.751809,221.456,1808.576,2030.032,0
76,3.802733,233.520,2733.040,2966.560,0
77,3.851823,154.864,1822.528,1977.392,0
78,3.902726,152.944,2726.016,2878.960,0
79,3.951651,206.064,1650.992,1857.056,0
80,4.002797,188.368,2796.864,2985.232,0
81,4.051626,198.832,1625.648,1824.480,0
82,4.103216,212.688,3216.160,3428.848,0
83,4.151796,208.000,1796.000,2004.000,0
84,4.202849,204.080,2849.056,3053.136,0
85,4.251719,236.352,1718.992,1955.344,0
86,4.301881,221.216,1881.136,2102.352,0
87,4.352753,155.744,2753.312,2909.056,0
88,4.402085,194.528,2084.560,2279.088,0
89,4.451737,182.688,1736.768,1919.456,0
90,4.502735,157.328,2734.640,2891.968,0
91,4.552745,232.496,2745.136,2977.632,0
92,4.601983,177.152,1982.528,2159.680,0
93,4.651651,190.640,1651.440,1842.080,0
94,4.701902,162.144,1901.984,2064.128,0
95,4.752657,189.984,2656.560,2846.544,0
96,4.802874,177.680,2874.416,3052.096,0
97,4.851706,185.568,1705.520,1891.088,0
98,4.901777,221.824,1777.264,1999.088,0
99,4.952731,206.160,2731.392,2937.552,0
100,5.002807,217.104,2807.136,3024.240,0
101,5.051653,228.160,1652.704,1880.864,0
102,5.101966,216.400,1966.272,2182.672,0
103,5.151777,175.936,1776.640,1952.576,0
104,5.201813,180.064,1812.832,1992.896,0
105,5.251203,210.848,1202.688,1413.536,0
106,5.302374,221.616,2374.064,2595.680,0
107,5.351742,219.504,1742.048,1961.552,0
108,5.402587,186.864,2587.360,2774.224,0
109,5.451778,174.720,1777.536,1952.256,0
110,5.501883,197.920,1883.328,2081.248,0
111,5.552725,259.952,2724.784,2984.736,0
112,5.601949,192.416,1948.560,2140.976,0
113,5.652774,195.632,2774.432,2970.064,0
114,5.702387,162.720,2386.816,2549.536,0
115,5.751793,154.496,1792.528,1947.024,0
116,5.802019,218.880,2018.800,2237.680,0
117,5.851752,155.520,1751.920,1907.440,0
118,5.902980,194.224,2980.288,3174.512,0
119,5.952609,219.872,2608.848,2828.720,0
120,6.002818,236.736,2818.336,3055.072,0
121,6.052759,209.584,2759.376,2968.960,0
122,6.103074,155.872,3074.304,3230.176,0
123,6.152761,192.064,2761.488,2953.552,0
124,6.202572,212.672,2571.952,2784.624,0
125,6.251176,213.312,1175.936,1389.248,0
126,6.302575,245.328,2574.816,2820.144,0
127,6.351745,207.728,1745.296,1953.024,0
128,6.403077,155.824,3076.512,3232.336,0
129,6.452599,228.784,2598.784,2827.568,0
130,6.502651,190.848,2650.816,2841.664,0
131,6.551656,197.488,1656.224,1853.712,0
132,6.601949,223.712,1948.704,2172.416,0
133,6.651745,153.456,1745.456,1898.912,0
134,6.701752,163.216,1751.840,1915.056,0
135,6.752771,204.736,2770.976,2975.712,0
136,6.801767,220.000,1766.832,1986.832,0
137,6.851623,182.528,1622.848,1805.376,0
138,6.902055,186.928,2055.344,2242.272,0
139,6.951600,230.400,1600.496,1830.896,0
140,7.001696,211.152,1695.616,1906.768,0
141,7.051767,195.872,1767.440,1963.312,0
142,7.101772,218.304,1771.680,1989.984,0
143,7.151802,155.184,1801.616,1956.800,0
144,7.201798,188.352,1798.368,1986.720,0
145,7.263741,883.456,13741.008,14624.464,1
146,7.301061,156.768,1060.592,1217.360,0
147,7.351718,193.456,1718.080,1911.536,0
148,7.404134,164.096,4134.400,4298.496,0
149,7.451499,164.560,1498.864,1663.424,0
150,7.502874,154.448,2873.568,3028.016,0
151,7.551552,176.256,1552.144,1728.400,0
152,7.603246,263.200,3246.176,3509.376,0
153,7.657162,1180.240,7162.432,8342.672,1
154,7.701917,185.840,1917.456,2103.296,0
155,7.752731,173.728,2731.440,2905.168,0
156,7.803629,189.456,3629.152,3818.608,0
157,7.851726,232.464,1726.464,1958.928,0
158,7.901762,167.888,1762.400,1930.288,0
159,7.951750,236.256,1750.016,1986.272,0
160,8.002771,212.112,2770.656,2982.768,0
161,8.051863,191.216,1862.880,2054.096,0
162,8.101905,197.344,1904.832,2102.176,0
163,8.152697,176.640,2696.976,2873.616,0
164,8.203751,206.048,3750.576,3956.624,0
165,8.251585,190.112,1584.736,1774.848,0
166,8.301761,187.664,1761.456,1949.120,0
167,8.351797,239.936,1797.184,2037.120,0
168,8.401729,274.768,1729.280,2004.048,0
169,8.452754,197.264,2754.064,2951.328,0
170,8.503075,185.520,3074.512,3260.032,0
171,8.551600,232.592,1599.952,1832.544,0
172,8.601761,238.848,1761.296,2000.144,0
173,8.651633,187.248,1632.592,1819.840,0
174,8.703379,177.648,3378.928,3556.576,0
175,8.751672,206.624,1672.496,1879.120,0
176,8.801661,238.528,1660.720,1899.248,0
177,8.851733,154.560,1732.624,1887.184,0
178,8.901660,218.912,1660.080,1878.992,0
179,8.951646,181.744,1645.664,1827.408,0
180,9.015999,186.560,15999.056,16185.616,1
181,9.052637,208.208,2636.736,2844.944,0
182,9.103076,172.368,3076.480,3248.848,0
183,9.151794,201.616,1793.584,1995.200,0
184,9.203357,215.808,3356.608,3572.416,0
185,9.251621,204.976,1621.392,1826.368,0
186,9.309008,180.960,9008.368,9189.328,1
187,9.351545,163.712,1545.040,1708.752,0
188,9.403157,198.576,3156.704,3355.280,0
189,9.451599,194.560,1599.088,1793.648,0
190,9.502925,163.296,2924.672,3087.968,0
191,9.551501,178.800,1501.056,1679.856,0
192,9.603617,177.232,3617.248,3794.480,0
193,9.651760,167.536,1759.856,1927.392,0
194,9.703228,199.616,3228.496,3428.112,0
195,9.751588,210.704,1587.888,1798.592,0
196,9.802334,192.784,2334.096,2526.880,0
197,9.851610,224.960,1610.464,1835.424,0
198,9.902629,180.656,2628.864,2809.520,0
199,9.951602,155.392,1602.240,1757.632,0
200,10.002873,205.200,2872.512,3077.712,0
201,10.052459,196.688,2458.656,2655.344,0
202,10.103625,188.672,3624.704,3813.376,0
203,10.151620,188.240,1620.112,1808.352,0
204,10.202800,227.216,2800.240,3027.456,0
205,10.252445,233.952,2445.232,2679.184,0
206,10.303354,195.840,3353.856,3549.696,0
207,10.351487,239.104,1486.640,1725.744,0
208,10.403905,155.952,3905.456,4061.408,0
209,10.455551,157.696,5550.912,5708.608,1
210,10.502586,246.272,2585.856,2832.128,0
211,10.551507,181.968,1506.928,1688.896,0
212,10.602387,201.936,2386.640,2588.576,0
213,10.651506,193.104,1506.208,1699.312,0
214,10.702498,156.016,2498.304,2654.320,0
215,10.751660,209.648,1660.272,1869.920,0
216,10.802614,170.224,2614.432,2784.656,0
217,10.851573,218.688,1573.280,1791.968,0
218,10.902579,191.904,2579.472,2771.376,0
219,10.951565,175.168,1565.280,1740.448,0
220,11.002418,329.680,2418.208,2747.888,0
221,11.051629,194.512,1628.768,1823.280,0
222,11.102938,217.552,2937.888,3155.440,0
223,11.152563,152.896,2562.624,2715.520,0
224,11.202617,154.576,2617.232,2771.808,0
225,11.251560,154.480,1559.920,1714.400,0
226,11.302360,216.336,2359.552,2575.888,0
227,11.351179,227.360,1179.184,1406.544,0
228,11.402128,156.800,2127.840,2284.640,0
229,11.451559,199.440,1558.560,1758.000,0
230,11.502413,280.528,2413.040,2693.568,0
231,11.551456,207.664,1456.128,1663.792,0
232,11.602456,288.640,2455.968,2744.608,0
233,11.651921,193.520,1921.392,2114.912,0
234,11.703071,154.528,3070.928,3225.456,0
235,11.751833,177.152,1833.280,2010.432,0
236,11.802666,185.600,2666.448,2852.048,0
237,11.851654,185.584,1653.504,1839.088,0
238,11.902820,157.152,2819.824,2976.976,0
239,11.951731,222.464,1730.816,1953.280,0
240,12.002917,202.736,2917.424,3120.160,0
241,12.051774,217.632,1773.792,1991.424,0
242,12.102780,178.304,2779.856,2958.160,0
243,12.151797,213.728,1796.640,2010.368,0
244,12.202886,211.568,2886.144,3097.712,0
245,12.252647,181.072,2647.280,2828.352,0
246,12.302797,198.128,2796.512,2994.640,0
247,12.351636,207.472,1635.584,1843.056,0
248,12.402656,156.144,2656.352,2812.496,0
249,12.451661,213.136,1661.120,1874.256,0
250,12.503046,200.896,3046.320,3247.216,0
251,12.551651,155.472,1651.408,1806.880,0
252,12.602701,168.128,2701.312,2869.440,0
253,12.651624,218.096,1624.080,1842.176,0
254,12.702546,283.536,2545.888,2829.424,0
255,12.751655,194.960,1655.472,1850.432,0
256,12.802146,153.152,2145.616,2298.768,0
257,12.851764,196.528,1763.664,1960.192,0
258,12.901781,181.664,1780.640,1962.304,0
259,12.952662,217.936,2662.080,2880.016,0
260,13.002808,201.968,2807.616,3009.584,0
261,13.051215,230.368,1214.752,1445.120,0
262,13.101765,186.944,1765.040,1951.984,0
263,13.151786,206.272,1786.368,1992.640,0
264,13.201836,154.256,1835.920,1990.176,0
265,13.251655,183.632,1654.656,1838.288,0
266,13.301886,185.248,1886.464,2071.712,0
267,13.352717,211.952,2717.440,2929.392,0
268,13.401744,220.368,1743.792,1964.160,0
269,13.451625,221.616,1625.184,1846.800,0
270,13.501819,208.960,1818.960,2027.920,0
271,13.551774,214.176,1773.872,1988.048,0
272,13.602703,162.912,2702.576,2865.488,0
273,13.651625,220.640,1624.544,1845.184,0
274,13.701777,201.824,1776.768,1978.592,0
275,13.751879,178.848,1878.672,2057.520,0
276,13.802782,216.480,2782.240,2998.720,0
277,13.851622,223.824,1621.776,1845.600,0
278,13.902447,227.280,2447.024,2674.304,0
279,13.951746,235.648,1746.496,1982.144,0
280,14.001739,219.552,1738.672,1958.224,0
281,14.051753,203.632,1752.864,1956.496,0
282,14.102785,213.536,2785.136,2998.672,0
283,14.151724,226.288,1724.192,1950.480,0
284,14.201922,172.416,1922.464,2094.880,0
285,14.252613,190.320,2613.072,2803.392,0
286,14.301790,164.112,1790.160,1954.272,0
287,14.351758,153.808,1758.048,1911.856,0
288,14.402792,205.216,2791.808,2997.024,0
289,14.451734,178.864,1733.728,1912.592,0
290,14.502597,214.400,2596.880,2811.280,0
291,14.551650,272.560,1650.240,1922.800,0
292,14.602768,203.152,2767.888,2971.040,0
293,14.651633,225.344,1632.560,1857.904,0
294,14.702643,184.960,2642.640,2827.600,0
295,14.751657,202.496,1657.472,1859.968,0
296,14.801731,187.472,1730.784,1918.256,0
297,14.851630,221.760,1629.776,1851.536,0
298,14.901714,186.800,1714.400,1901.200,0
299,14.951657,172.016,1657.040,1829.056,0
===CSV_END===
Statistics sent to li VM via shared memory
Run #5 completed. Waiting for next START command...
Waiting for START command from li VM...
