========================================
net_sender_li (pinger) — Scenario 3 reversed
EB corbos Linux Network Determinism
Metric: Round-Trip Latency (RTL)
========================================
Target:       10.0.1.1:5000
Probes:       2000
Protocol:     UDP
Period:       1 ms
Msg size:     64 B
Flood rate:   0 Mbps
Echo timeout: 10 ms

net_sender_li: SCHED_FIFO OK (priority 90)
Sending HELLO to 10.0.1.1:5000 (protocol=UDP)...
HELLO_ACK received — protocol=UDP
Starting ping-echo loop (2000 probes at 1 ms period)...


========== NET SENDER_LI (PINGER) RESULTS ==========
Probes sent:        2000
Echoes received:    2000
Lost (no echo):       15 (0.750%)
Elapsed:           12.895 s
RTL (us):
  Mean: 6422.095    Std dev: 915.850
  Min:  4658.400    Max:     13789.024
  P50:  6272.640    P95:     8012.448
  P99:  9586.096    P99.9:   12586.128
IAJ (us):
  Mean: 5410.171    Std dev: 811.239
  Min:  3672.064    Max:     8877.856
  P50:  5291.120    P95:     6960.672
  P99:  8137.664    P99.9:   8783.040
===CSV_START===
index,send_time_ns,recv_time_ns,rtl_ns,iaj_ns
0,620765616080,620771653520,6037440,7987552
1,620771837040,620780641072,8804032,5889344
2,620780800304,620787530416,6730112,5518816
3,620787602176,620794049232,6447056,6146080
4,620794063040,620801195312,7132272,6751136
5,620801209200,620808946448,7737248,5848960
6,620808960016,620815795408,6835392,8599904
7,620815809216,620825395312,9586096,5057216
8,620825409712,620831452528,6042816,5774384
9,620831466384,620838226912,6760528,5620528
10,620838241296,620844847440,6606144,7307600
11,620844868688,620853155040,8286352,4647568
12,620853168720,620858802608,5633888,5564176
13,620858910816,620865366784,6455968,5240864
14,620865415568,620871607648,6192080,5820960
15,620871621296,620878428608,6807312,4694464
16,620878441872,620884123072,5681200,6383856
17,620884138624,620891506928,7368304,5169152
18,620891567296,620897676080,6108784,5970240
19,620897690064,620904646320,6956256,5342128
20,620904667232,620910988448,6321216,6025040
21,620911001632,620918013488,7011856,4625248
22,620918026896,620923638736,5611840,4856224
23,620923653632,620929494960,5841328,5237280
24,620929535120,620935732240,6197120,6505824
25,620935745856,620943238064,7492208,6026112
26,620943251456,620950264176,7012720,4636048
27,620950277504,620955900224,5622720,6001136
28,620955913440,620962901360,6987920,5812400
29,620962915280,620969713760,6798480,5372032
30,620969726736,620976085792,6359056,5436576
31,620977022288,620982522368,5500080,3946960
32,620982537984,620987469328,4931344,5038032
33,620987481856,620993507360,6025504,4724656
34,620993520528,620999232016,5711488,5503344
35,620999245248,621005735360,6490112,4831088
36,621005748816,621011566448,5817632,5615152
37,621011605264,621018181600,6576336,4848368
38,621018194576,621024029968,5835392,5947280
39,621024077760,621030977248,6899488,5456736
40,621030990432,621037433984,6443552,5357792
41,621037447296,621043791776,6344480,6000704
42,621043883824,621050792480,6908656,5165584
43,621050805840,621056958064,6152224,5645280
44,621056971072,621063603344,6632272,5420608
45,621063616848,621070023952,6407104,4752384
46,621070044896,621075776336,5731440,5944464
47,621075789872,621082720800,6930928,5745104
48,621082734288,621089465904,6731616,4717904
49,621089479488,621095183808,5704320,4992016
50,621095196288,621101175824,5979536,4291744
51,621101188800,621106467568,5278768,5716160
52,621106480336,621113183728,6703392,5327232
53,621113196400,621119510960,6314560,5089744
54,621119574672,621125600704,6026032,5490080
55,621125614480,621132090784,6476304,6131088
56,621132809600,621139221872,6412272,7166048
57,621139235360,621147387920,8152560,4983136
58,621147401616,621153371056,5969440,5216432
59,621153386048,621159587488,6201440,6204704
60,621159649200,621166792192,7142992,5352768
61,621166842816,621173144960,6302144,6878928
62,621173157888,621185384944,12227056,5147520
63,621185446288,621193263872,7817584,6069952
64,621193278032,621199411392,6133360,4546272
65,621199425200,621206481344,7056144,7040000
66,621206495376,621212027616,5532240,6296112
67,621212040944,621222963888,10922944,5383376
68,621222979584,621231003888,8024304,5663376
69,621231017984,621238300000,7282016,6390992
70,621238379760,621244683376,6303616,5299648
71,621244696496,621251346752,6650256,5358656
72,621251370656,621258737744,7367088,4669712
73,621258751056,621265037392,6286336,5334800
74,621265050560,621271396048,6345488,5069920
75,621271409328,621277065760,5656432,5109984
76,621277078128,621283400560,6322432,5703552
77,621283413392,621289470480,6057088,5299456
78,621289482928,621295580464,6097536,4975184
79,621295600560,621302284016,6683456,5364864
80,621302296896,621308583472,6286576,5501968
81,621308596272,621314558656,5962384,5026608
82,621314645296,621320923520,6278224,5100544
83,621320936560,621327425488,6488928,5242432
84,621327438304,621333452096,6013792,6395792
85,621333465200,621339552640,6087440,7820448
86,621339674800,621345795072,6120272,6209584
87,621345876480,621353190864,7314384,6957760
88,621353205344,621362011312,8805968,4584816
89,621362024336,621369220896,7196560,4967456
90,621369234016,621377178656,7944640,4727120
91,621377191472,621382763472,5572000,5181824
92,621382776368,621388730928,5954560,5125824
93,621388744352,621394458048,5713696,4246080
94,621394470992,621400639872,6168880,5428544
95,621400657792,621406765696,6107904,5636752
96,621406778432,621412011776,5233344,4679648
97,621412024240,621418440320,6416080,6355664
98,621418453696,621425077072,6623376,6329984
99,621425089648,621430756720,5667072,4270256
100,621430769392,621438112384,7342992,4060112
101,621438126400,621445442368,7315968,5704336
102,621445455248,621450712624,5257376,4211392
103,621450725168,621455772736,5047568,4877200
104,621455785136,621462477072,6691936,4883632
105,621462489632,621467688464,5198832,5301568
106,621467701312,621473565664,5864352,6441664
107,621473582464,621479449296,5866832,4671216
108,621479461760,621485750864,6289104,5197200
109,621485764144,621493192528,7428384,4975616
110,621493205760,621498863744,5657984,5394976
111,621498876416,621505060944,6184528,5019712
112,621505073792,621511036560,5962768,4724208
113,621511056816,621517431536,6374720,5107792
114,621517445776,621523451248,6005472,4747856
115,621523464032,621529175456,5711424,5007808
116,621529188448,621535283248,6094800,5003312
117,621535296320,621541031104,5734784,5432432
118,621541044304,621547038912,5994608,4596192
119,621547052128,621553042224,5990096,5311376
120,621553055696,621559474656,6418960,5376624
121,621559487344,621565070848,5583504,6754512
122,621565083376,621571382224,6298848,4985152
123,621571394896,621577758848,6363952,6106480
124,621577772112,621585513360,7741248,5391392
125,621585591648,621591498512,5906864,6857344
126,621591511248,621598604992,7093744,5931376
127,621598617984,621604996384,6378400,6285600
128,621605010752,621612853728,7842976,5797344
129,621612941456,621619785104,6843648,6273344
130,621619799568,621627070704,7271136,7317888
131,621627084912,621633868048,6783136,6537392
132,621633883312,621641141392,7258080,5022528
133,621641181920,621649459280,8277360,5486768
134,621649476272,621656996672,7520400,6645104
135,621657009984,621663019200,6009216,5105168
136,621663032496,621669505968,6473472,4460064
137,621669519264,621677151072,7631808,5793392
138,621677164352,621683256240,6091888,4744064
139,621683269216,621688716304,5447088,4506400
140,621688729232,621695509696,6780464,5124208
141,621695613232,621701253760,5640528,5019952
142,621701266624,621706760160,5493536,5133664
143,621706780608,621712884368,6103760,5314128
144,621712896960,621718904320,6007360,6015424
145,621718917200,621725037984,6120784,5342448
146,621725051152,621731352112,6300960,5062576
147,621731372928,621738367536,6994608,5402688
148,621738388208,621744709984,6321776,4867072
149,621744730240,621750772560,6042320,5361968
150,621750786000,621757175248,6389248,6668640
151,621757188240,621763042320,5854080,4670096
152,621763055024,621769404288,6349264,5475392
153,621769416992,621777072928,7655936,4823024
154,621777085824,621782743024,5657200,4943776
155,621782755856,621789218416,6462560,7653760
156,621789231120,621795041440,5810320,6288704
157,621795054080,621800985216,5931136,5668656
158,621800998480,621809638976,8640496,5702560
159,621809654976,621816927680,7272704,4405536
160,621816941072,621823596336,6655264,5334336
161,621823610736,621830298896,6688160,4248352
162,621830312352,621835704432,5392080,4918832
163,621835716928,621842038768,6321840,5718112
164,621842051344,621847287120,5235776,5684736
165,621847299824,621853205952,5906128,5903904
166,621853218720,621859924064,6705344,6346448
167,621859937376,621866608800,6671424,5309952
168,621866622240,621873512704,6890464,5795392
169,621873525360,621880859152,7333792,4067840
170,621880872432,621887169104,6296672,5015248
171,621887182016,621893964496,6782480,4700384
172,621893992880,621899032336,5039456,3992432
173,621899045280,621905047584,6002304,4665152
174,621905060496,621910747968,5687472,5061152
175,621910760768,621915740400,4979632,5681632
176,621915753120,621921405552,5652432,3921840
177,621921418160,621927466704,6048544,5083152
178,621927480112,621934148336,6668224,4229952
179,621934161152,621939070176,4909024,5383760
180,621939083344,621945153328,6069984,5468560
181,621945166624,621950383280,5216656,4831280
182,621950396688,621956767040,6370352,4990672
183,621956780480,621963235600,6455120,5083248
184,621963248800,621969066880,5818080,5320784
185,621969080096,621975057552,5977456,4737840
186,621975070288,621981140800,6070512,5180624
187,621981153888,621987461584,6307696,4784528
188,621987474736,621993199424,5724688,4576496
189,621993212080,621999380048,6167968,4850256
190,621999393664,622005164576,5770912,4629792
191,622005177520,622010741072,5563552,4151424
192,622010754480,622016591328,5836848,5591760
193,622016627648,622022221120,5593472,4763792
194,622022234128,622027372544,5138416,5494576
195,622027385520,622033964304,6578784,5516400
196,622033977504,622039728096,5750592,5335680
197,622039741520,622046222672,6481152,6309744
198,622046235552,622052739072,6503520,4059888
199,622052752064,622059074752,6322688,5342576
200,622059088656,622066384496,7295840,6622352
201,622066399408,622071444384,5044976,4840592
202,622071457760,622077786960,6329200,5045472
203,622077801360,622085409312,7607952,5556928
204,622085422144,622091249904,5827760,5498992
205,622091262832,622097295376,6032544,4021360
206,622097308480,622103852304,6543824,5140272
207,622103867792,622110351296,6483504,6784544
208,622110375216,622115372656,4997440,4960384
209,622115387424,622121512928,6125504,5381248
210,622121634368,622129297472,7663104,6735632
211,622129360608,622135257856,5897248,5003648
212,622135273632,622141639104,6365472,5522176
213,622141654160,622149374736,7720576,6064544
214,622149389984,622155378384,5988400,5092864
215,622155393712,622161900560,6506848,5990368
216,622161915520,622168965104,7049584,4342208
217,622168980336,622175057968,6077632,5376112
218,622175072192,622182048336,6976144,4522032
219,622182064560,622187390544,5325984,5094336
220,622187405184,622193766656,6361472,4377072
221,622193792432,622199288688,5496256,5287120
222,622199302560,622205383024,6080464,4685024
223,622205397152,622210760096,5362944,6093760
224,622210774576,622217047216,6272640,4459904
225,622217061120,622222732240,5671120,4982976
226,622222746000,622229826000,7080000,5198864
227,622229867360,622235285904,5418544,4958048
228,622235299888,622241268880,5968992,6523456
229,622241282992,622247467744,6184752,5137456
230,622247482256,622253425792,5943536,4901040
231,622253440160,622260949248,7509088,5390976
232,622260963888,622267086704,6122816,5027008
233,622267101232,622272987744,5886512,6482688
234,622273019456,622279378720,6359264,5454000
235,622279392896,622285405728,6012832,4767088
236,622285420112,622292888416,7468304,4524720
237,622292903264,622299342416,6439152,4088400
238,622299357056,622305109504,5752448,4647936
239,622305123824,622310634224,5510400,6663456
240,622310655024,622315722624,5067600,5067296
241,622315736496,622321370560,5634064,5284208
242,622321384656,622329034016,7649360,7074592
243,622329048864,622335101312,6052448,5315472
244,622335116528,622341385520,6268992,6325408
245,622341399840,622349460112,8060272,4663312
246,622349475056,622355775584,6300528,4926912
247,622355789840,622363100992,7311152,4090336
248,622363115728,622368764304,5648576,6470960
249,622368778448,622374691216,5912768,6015728
250,622374705248,622379781552,5076304,4795728
251,622379795696,622387252512,7456816,5946816
252,622387266768,622394268240,7001472,5289392
253,622394291904,622400063968,5772064,5082384
254,622400080256,622407010784,6930528,5398016
255,622407024912,622413300176,6275264,4855248
256,622413371664,622419382560,6010896,4996176
257,622419396720,622425780576,6383856,5072688
258,622425796528,622431635824,5839296,5448256
259,622431659776,622437632000,5972224,4423584
260,622437646400,622443704688,6058288,6124640
261,622443719216,622450152944,6433728,3676320
262,622450167600,622455576528,5408928,6832640
263,622455594224,622462701168,7106944,5093584
264,622462717616,622467377488,4659872,4771408
265,622467391616,622475210128,7818512,5315424
266,622475225312,622481303712,6078400,5012416
267,622481357728,622487075120,5717392,5339632
268,622487089344,622493390544,6301200,4921520
269,622493405664,622499402960,5997296,5518208
270,622499417424,622505742592,6325168,5878400
271,622505757312,622511664112,5906800,5342464
272,622511678336,622518182320,6503984,5320208
273,622518196960,622525060720,6863760,6725456
274,622525075248,622531403184,6327936,4818960
275,622531419264,622537723392,6304128,5471184
276,622537738640,622545448848,7710208,4949248
277,622545463520,622551267808,5804288,4827280
278,622551281936,622557738992,6457056,4860656
279,622557753376,622563688240,5934864,4703584
280,622563702544,622569515520,5812976,7034592
281,622569595248,622575376176,5780928,4517872
282,622575391712,622581079760,5688048,5422016
283,622581093744,622589114352,8020608,4959440
284,622589129280,622594632224,5502944,4130736
285,622594648320,622601054240,6405920,5298176
286,622601068784,622607013680,5944896,4268416
287,622607028096,622612144416,5116320,4946288
288,622612750352,622618442592,5692240,4942944
289,622618456496,622623711008,5254512,6412944
290,622623724592,622629657296,5932704,5457408
291,622629705536,622635600240,5894704,5287296
292,622635616976,622643013184,7396208,5246480
293,622643027856,622649470592,6442736,4149536
294,622649484880,622655757888,6273008,5056880
295,622655772336,622662004368,6232032,6518256
296,622662018576,622667153904,5135328,6288064
297,622667168272,622673210784,6042512,5701008
298,622673225136,622680729040,7503904,5416752
299,622680743712,622688017104,7273392,4885568
300,622688062464,622694718112,6655648,4940496
301,622694733056,622701134864,6401808,5143040
302,622701156912,622707020432,5863520,4857680
303,622707035136,622712960928,5925792,5622608
304,622712975296,622719103968,6128672,5549120
305,622719118752,622724961648,5842896,4614528
306,622724976096,622731584256,6608160,6038368
307,622731605024,622738133376,6528352,5597504
308,622738148064,622743747904,5599840,5632352
309,622743762512,622750786272,7023760,5486640
310,622750801024,622757383776,6582752,4210176
311,622757398560,622764016128,6617568,4970880
312,622764030976,622770502768,6471792,4643248
313,622770517200,622775712944,5195744,5285792
314,622775727232,622781683824,5956592,4831104
315,622781698000,622787327072,5629072,4685616
316,622787359376,622793612864,6253488,4570672
317,622793640464,622799443968,5803504,4303968
318,622799458096,622805129584,5671488,6348816
319,622805144128,622810700256,5556128,5407136
320,622810714608,622816004224,5289616,6111088
321,622816019216,622823353040,7333824,4695584
322,622823397920,622829760176,6362256,5350160
323,622829774992,622836871264,7096272,5474832
324,622836886416,622842566848,5680432,5056400
325,622842584288,622848917008,6332720,6770336
326,622848931056,622855391840,6460784,4430784
327,622855406864,622861448240,6041376,5409072
328,622861462656,622869218576,7755920,4994320
329,622869241296,622874649360,5408064,5203728
330,622874663552,622881058432,6394880,4591760
331,622881073152,622887052752,5979600,5265600
332,622887067328,622893256480,6189152,4230688
333,622893272240,622898848240,5576000,4662224
334,622898862464,622905113840,6251376,5379152
335,622905127824,622910344528,5216704,4219552
336,622910358688,622916006752,5648064,5008496
337,622916021360,622922385904,6364544,6998176
338,622922400032,622927605456,5205424,6143616
339,622927620304,622933613952,5993648,7524864
340,622933628864,622941612128,7983264,5022784
341,622941629840,622948755744,7125904,5068144
342,622948771392,622957280608,8509216,5315648
343,622957295760,622963303392,6007632,4611136
344,622963318512,622969371536,6053024,5034000
345,622969387824,622975687184,6299360,8877856
346,622975702224,622981298320,5596096,4829392
347,622981312592,622987332320,6019728,5871584
348,622987375360,622997210176,9834816,4137408
349,622997225120,623003039568,5814448,5344528
350,623003078288,623009911152,6832864,4367952
351,623009933440,623015048560,5115120,6968352
352,623015062688,623021393088,6330400,4941472
353,623021420912,623026761040,5340128,4511904
354,623026775296,623034729392,7954096,4211104
355,623034744464,623040670864,5926400,5686144
356,623040692352,623046182768,5490416,7027408
357,623046196304,623051393872,5197568,6210160
358,623051407360,623058080016,6672656,4826448
359,623058095488,623066107424,8011936,5470416
360,623066121712,623073317584,7195872,5162992
361,623073341344,623079144032,5802688,6846160
362,623079158592,623085614448,6455856,5092672
363,623085636560,623091777440,6140880,4926176
364,623091791536,623099623600,7832064,5121520
365,623099655216,623105716272,6061056,4980400
366,623105731536,623111642448,5910912,5638560
367,623111658272,623117763968,6105696,4072544
368,623117778864,623123744368,5965504,5287616
369,623123759040,623130382928,6623888,5191744
370,623130399248,623135455472,5056224,5829392
371,623135469568,623141743088,6273520,5914128
372,623141757936,623147934832,6176896,6535216
373,623147949376,623154764224,6814848,6928368
374,623154778576,623161678352,6899776,5281744
375,623161692176,623169213568,7521392,6583808
376,623169227584,623177141936,7914352,8694496
377,623177156208,623183423680,6267472,6538112
378,623183438080,623194222320,10784240,6253984
379,623194238768,623205357504,11118736,7054912
380,623205372224,623215409808,10037584,7342752
381,623215425040,623229214064,13789024,6668384
382,623229230704,623236797872,7567168,6718432
383,623236907536,623246492368,9584832,7109232
384,623246508880,623254030480,7521600,6960336
385,623254047552,623261284464,7236912,5573712
386,623261300192,623269339376,8039184,6887520
387,623269383680,623277682128,8298448,5540848
388,623277698368,623285350512,7652144,4887488
389,623285401248,623293068944,7667696,5585568
390,623293084064,623301178176,8094112,6976960
391,623301193872,623309138512,7944640,7701968
392,623309153488,623315712224,6558736,5725472
393,623315726288,623323599744,7873456,8032080
394,623323631488,623330140592,6509104,5157312
395,623330154464,623336028080,5873616,5373824
396,623336079312,623342613648,6534336,5634624
397,623342638064,623350590608,7952544,8291056
398,623350607024,623359292576,8685552,4932672
399,623359308608,623366018048,6709440,4582480
400,623366033680,623375050128,9016448,5697808
401,623375064976,623381207440,6142464,6436192
402,623381222352,623387581264,6358912,5467872
403,623387609520,623394215888,6606368,4808544
404,623394230112,623403506944,9276832,6530176
405,623403570848,623409439616,5868768,4858560
406,623409454128,623415022096,5567968,7321920
407,623415035984,623421719904,6683920,7493568
408,623421734528,623429156096,7421568,5503840
409,623429170016,623435623968,6453952,4881840
410,623435638432,623441432512,5794080,5333520
411,623441447120,623448962688,7515568,4554832
412,623448988048,623454821248,5833200,5547840
413,623454836512,623463143168,8306656,4307760
414,623463158336,623471636736,8478400,5515936
415,623471652736,623478140576,6487840,5875040
416,623478155344,623484022416,5867072,4906592
417,623484036912,623490355936,6319024,5444304
418,623490378880,623495910768,5531888,4539776
419,623495925200,623502458608,6533408,7396416
420,623502472784,623507766368,5293584,7209600
421,623507780512,623514282304,6501792,7016832
422,623514296384,623521157344,6860960,4949440
423,623521180160,623527063936,5883776,5095152
424,623527078016,623533508240,6430224,6394800
425,623533569040,623539048016,5478976,4852208
426,623539061888,623547444432,8382544,5687392
427,623547467808,623555654032,8186224,6603552
428,623555669024,623563670864,8001840,4674784
429,623563685584,623569620304,5934720,6124000
430,623569634880,623575715456,6080576,6842880
431,623575730016,623583110256,7380240,5500304
432,623583125280,623588962464,5837184,5207296
433,623588976832,623599746352,10769520,5212464
434,623599762400,623606433744,6671344,5033120
435,623606449760,623614037296,7587536,5767504
436,623614055344,623619712080,5656736,7334704
437,623619726960,623626836080,7109120,6575248
438,623626851696,623634678960,7827264,5823744
439,623634716896,623641179264,6462368,5524992
440,623641193408,623647386560,6193152,5944592
441,623647401232,623653599024,6197792,5783136
442,623653614208,623659632144,6017936,5249584
443,623659647648,623666399648,6752000,5495808
444,623666415568,623674734352,8318784,4605792
445,623674752992,623682309600,7556608,6006576
446,623682427952,623689133344,6705392,5438000
447,623689157856,623695658336,6500480,5556240
448,623695674144,623702602928,6928784,4647872
449,623702642624,623709386064,6743440,5124992
450,623709401456,623715635648,6234192,5364192
451,623715650048,623722131456,6481408,6743328
452,623722145632,623727737248,5591616,6437488
453,623727751808,623734743824,6992016,5025536
454,623734758032,623741181824,6423792,5311424
455,623741196176,623747738064,6541888,5732496
456,623747752368,623753385936,5633568,5615744
457,623753400336,623759510928,6110592,4022336
458,623759589616,623765875120,6285504,6446752
459,623765889360,623773618448,7729088,4919760
460,623773634704,623781055936,7421232,5033312
461,623781070224,623787081472,6011248,5075184
462,623787096064,623793392896,6296832,8189040
463,623793407072,623800125392,6718320,4533584
464,623800995456,623806741136,5745680,6777696
465,623806755696,623811763472,5007776,4865424
466,623811778032,623819210224,7432192,5266512
467,623819225152,623825129984,5904832,5546000
468,623825143856,623831163296,6019440,4645168
469,623831177376,623837238480,6061104,5687344
470,623837252528,623846427520,9174992,4272400
471,623846442064,623851961104,5519040,5067168
472,623851975568,623859738800,7763232,4929344
473,623859774224,623865604224,5830000,6044976
474,623865669632,623871870736,6201104,4635824
475,623871885136,623878416736,6531600,4899616
476,623878430976,623884061904,5630928,4132304
477,623884076336,623890749248,6672912,5636960
478,623890763440,623896021648,5258208,4101584
479,623896035744,623902088816,6053072,5143424
480,623902103152,623908018160,5915008,7416240
481,623908031968,623915063136,7031168,6020784
482,623915076928,623920698960,5622032,8037072
483,623920712928,623926598576,5885648,6297424
484,623926620928,623931730880,5109952,7098000
485,623931744720,623938367840,6623120,4298672
486,623938381696,623943469424,5087728,5158272
487,623943483152,623949612848,6129696,4803408
488,623949630416,623958029088,8398672,4038112
489,623958062080,623965049872,6987792,5364048
490,623965064880,623974086944,9022064,4412368
491,623974102384,623981384368,7281984,5834672
492,623981407264,623989482368,8075104,4057968
493,623989497968,623994781040,5283072,7202656
494,623994795312,624000939312,6144000,5579920
495,624001018864,624006742720,5723856,4176624
496,624006757440,624011780832,5023392,4844016
497,624011794608,624018144880,6350272,5030960
498,624018158544,624023557248,5398704,6099552
499,624023579968,624030391920,6811952,6016624
500,624030406064,624035449888,5043824,5009200
501,624035463568,624043652544,8188976,5002160
502,624043667872,624050232464,6564592,4638224
503,624050246672,624055409088,5162416,5832320
504,624055424288,624061253104,5828816,4510416
505,624061267520,624067284064,6016544,6010048
506,624067298288,624074383616,7085328,5517344
507,624074397680,624081400240,7002560,5015776
508,624081418144,624087409440,5991296,5202192
509,624087423312,624093411600,5988288,5111664
510,624093425968,624099049824,5623856,5788832
511,624099063760,624105882144,6818384,4191136
512,624105896448,624111392560,5496112,5140720
513,624111407168,624118402608,6995440,6510064
514,624118416816,624124919952,6503136,4877376
515,624124934928,624130935728,6000800,5266800
516,624130950160,624137137920,6187760,5113328
517,624137152736,624143249584,6096848,5240496
518,624143263744,624150038416,6774672,4648704
519,624150053696,624155229552,5175856,5332416
520,624155243856,624161370272,6126416,4886736
521,624161385424,624168880336,7494912,5493312
522,624168894864,624174757712,5862848,5875648
523,624174771936,624181024512,6252576,4686320
524,624181038784,624187137840,6099056,5562064
525,624187153200,624193378336,6225136,5573648
526,624193392480,624199027040,5634560,5250464
527,624199041168,624205359456,6318288,6388320
528,624205379888,624211246192,5866304,5332560
529,624211259920,624217739504,6479584,5824944
530,624217753728,624224615152,6861424,6236896
531,624224630992,624230301472,5670480,6917088
532,624230351888,624236863536,6511648,5222496
533,624236877376,624243437184,6559808,4760864
534,624243451792,624249687648,6235856,6809056
535,624249702112,624257075968,7373856,4719264
536,624257089968,624263408528,6318560,5184896
537,624263423392,624270233472,6810080,5209760
538,624270247456,624277470368,7222912,5354880
539,624277485824,624285387456,7901632,5366208
540,624285401424,624291609952,6208528,5355056
541,624291624528,624297370816,5746288,6257296
542,624297384672,624305179872,7795200,4427056
543,624305194176,624310899136,5704960,5062704
544,624310913776,624317084032,6170256,5381920
545,624317097760,624323293792,6196032,5065776
546,624323308544,624329648672,6340128,4747680
547,624329663040,624336014880,6351840,4987440
548,624336028960,624342369936,6340976,5123024
549,624342384640,624349627232,7242592,5434096
550,624349642176,624355054288,5412112,5862688
551,624355068640,624361116992,6048352,5564976
552,624361131248,624367498912,6367664,4886400
553,624367514400,624373564688,6050288,6605536
554,624373588016,624379312368,5724352,4600288
555,624379354320,624385299808,5945488,4558944
556,624385372880,624391422832,6049952,5287616
557,624391438544,624397856928,6418384,4208624
558,624397871456,624404719616,6848160,5176400
559,624404735216,624411284592,6549376,6507824
560,624411298640,624417170992,5872352,4725792
561,624417185216,624424776528,7591312,5212464
562,624424791648,624430376816,5585168,4730304
563,624430391152,624435935760,5544608,4838144
564,624435999776,624442223376,6223600,4838096
565,624442237504,624447432000,5194496,5989744
566,624447445584,624453608400,6162816,5172336
567,624453624256,624461116224,7491968,5042032
568,624461130016,624466842016,5712000,6187600
569,624466855840,624473054480,6198640,5268480
570,624473068608,624478784784,5716176,5102032
571,624478799008,624484622928,5823920,5026864
572,624484638384,624490461024,5822640,4867248
573,624490475360,624497450768,6975408,4631824
574,624497465024,624503623104,6158080,5526160
575,624503637568,624509665136,6027568,4940752
576,624509678752,624516852736,7173984,4891776
577,624516867520,624523121216,6253696,5095440
578,624523136000,624529223248,6087248,4919872
579,624529237824,624535250112,6012288,4901232
580,624535265120,624541117360,5852240,5063040
581,624541131552,624546749184,5617632,4653680
582,624546763456,624553275344,6511888,4358832
583,624553289936,624559216096,5926160,5013872
584,624559230880,624565107872,5876992,6097744
585,624565128848,624571203312,6074464,5027760
586,624571217504,624577123184,5905680,5255984
587,624577136800,624583024416,5887616,6783552
588,624583038256,624589087456,6049200,5425248
589,624589101424,624594741136,5639712,6337296
590,624594755152,624600099968,5344816,5680128
591,624600632880,624606113840,5480960,6216720
592,624606127936,624613211584,7083648,5910160
593,624613226000,624619239344,6013344,4546608
594,624619253840,624625495328,6241488,7010704
595,624625509120,624633278880,7769760,5064928
596,624633293008,624639704128,6411120,5043808
597,624639718624,624647041424,7322800,6504896
598,624647066944,624653721552,6654608,4695632
599,624653735728,624660938272,7202544,3991568
600,624660952448,624667848432,6895984,5509328
601,624667942384,624673395040,5452656,4363376
602,624673409280,624681405744,7996464,4554768
603,624681420352,624687470672,6050320,4943312
604,624687484736,624693514480,6029744,5573984
605,624693617696,624701019376,7401680,6128320
606,624701033568,624706715008,5681440,5587392
607,624706728848,624711706576,4977728,4847408
608,624711720672,624718215904,6495232,5245680
609,624718230256,624723579280,5349024,5042352
610,624723596000,624729134048,5538048,5555344
611,624729147552,624735077360,5929808,5077488
612,624735091344,624741651344,6560000,4345856
613,624741667008,624748779664,7112656,5793120
614,624748794448,624755367056,6572608,4479280
615,624755396752,624761214464,5817712,6015072
616,624761228688,624767460144,6231456,7629088
617,624767474448,624773502496,6028048,5620896
618,624773517536,624780057840,6540304,4706256
619,624780071920,624786135328,6063408,5917072
620,624786173680,624791481184,5307504,5449232
621,624791494896,624798274304,6779408,4608160
622,624798288608,624803753584,5464976,4973840
623,624803769024,624810768656,6999632,5698128
624,624810783136,624819397744,8614608,5114640
625,624819413824,624826018640,6604816,5155040
626,624826033760,624831724896,5691136,4616560
627,624831739040,624838641968,6902928,5486976
628,624838655824,624845091200,6435376,8526032
629,624845104992,624850699360,5594368,5212480
630,624850713440,624856673200,5959760,6821088
631,624856694528,624863371328,6676800,5452672
632,624863385216,624869485968,6100752,6259952
633,624869499984,624875641008,6141024,4736992
634,624875655584,624881257568,5601984,6168928
635,624881271376,624887744544,6473168,4646352
636,624887758832,624897270576,9511744,5922336
637,624897285136,624903483056,6197920,5632864
638,624903497680,624911304144,7806464,5081296
639,624911371568,624917756816,6385248,5306624
640,624917771008,624925016768,7245760,5556256
641,624925031216,624930753760,5722544,5378896
642,624930767568,624937922688,7155120,5680928
643,624938002352,624943569040,5566688,5480400
644,624943591760,624950491376,6899616,4781280
645,624950506112,624957124240,6618128,4911504
646,624957138272,624963205536,6067264,6152368
647,624963219792,624969512160,6292368,4260576
648,624969602656,624976068416,6465760,5892576
649,624976647648,624982447312,5799664,5226656
650,624982469152,624989128240,6659088,6215440
651,624989142720,624995608640,6465920,5110080
652,624995623232,625001389920,5766688,4230032
653,625001404176,625007301424,5897248,6206800
654,625007365264,625014453792,7088528,5860080
655,625014468032,625019714368,5246336,4909712
656,625019728336,625026606944,6878608,4985104
657,625026627568,625032833600,6206032,5404656
658,625032850944,625040049040,7198096,5707408
659,625040665744,625046159120,5493376,5770976
660,625046172816,625051389152,5216336,5645792
661,625051402848,625058595952,7193104,6512816
662,625058611392,625065456032,6844640,6691600
663,625065470544,625071365744,5895200,5216224
664,625071380160,625077350848,5970688,5739488
665,625077408192,625083755504,6347312,6978624
666,625083769904,625090462912,6693008,5760592
667,625090476944,625097233888,6756944,6959680
668,625097247872,625103879680,6631808,5880816
669,625103894352,625111392496,7498144,7087648
670,625111407360,625119084096,7676736,4532656
671,625119098864,625125300320,6201456,6774320
672,625125315360,625132039808,6724448,6080560
673,625132056624,625140018432,7961808,4301280
674,625140033680,625146779024,6745344,5024448
675,625146794016,625154738704,7944688,6602032
676,625154754960,625161619520,6864560,5455808
677,625161659104,625169707168,8048064,5136416
678,625169723216,625175239824,5516608,6344560
679,625175254544,625183014144,7759600,4770944
680,625183028736,625190094704,7065968,5153760
681,625190109248,625195395984,5286736,5475824
682,625195411680,625201420432,6008752,5059424
683,625201435072,625209022464,7587392,7079312
684,625209038208,625215478272,6440064,5104368
685,625215493296,625221614688,6121392,4914736
686,625221638528,625228959248,7320720,6700192
687,625228974096,625234730192,5756096,5207264
688,625234744512,625240883952,6139440,6375712
689,625240935968,625247359776,6423808,4860144
690,625247381808,625253419200,6037392,5745424
691,625253433648,625261498512,8064864,7754768
692,625261512912,625267602880,6089968,7463456
693,625267619264,625273517616,5898352,8238720
694,625273585728,625281217808,7632080,7545536
695,625281232480,625287425072,6192592,5321424
696,625287439696,625300025824,12586128,6436112
697,625300041088,625307401536,7360448,4867056
698,625307417184,625313261680,5844496,4425008
699,625313277056,625320007104,6730048,5315088
700,625320022608,625328761872,8739264,4396032
701,625328777376,625337225328,8447952,5592240
702,625337241216,625346464048,9222832,5757968
703,625346479792,625355009584,8529792,5310912
704,625355025312,625361331008,6305696,6939408
705,625361389696,625368767120,7377424,4670976
706,625368781216,625374634176,5852960,4820880
707,625374649904,625380059184,5409280,5011344
708,625380074112,625386374272,6300160,5624784
709,625386388816,625391770304,5381488,5196928
710,625391784688,625398362544,6577856,7080064
711,625398402832,625405120512,6717680,6464384
712,625405135584,625411431424,6295840,5470832
713,625411446448,625419370832,7924384,5147360
714,625419384896,625425041808,5656912,6138304
715,625425055728,625430862688,5806960,4847424
716,625430877536,625436874032,5996496,5085040
717,625436887888,625443498816,6610928,5696848
718,625443513360,625449695744,6182384,5472032
719,625449710576,625457775808,8065232,4038176
720,625457791152,625465240192,7449040,4877600
721,625465255072,625471711024,6455952,5219232
722,625471725040,625477858384,6133344,4958480
723,625477873008,625484996688,7123680,4739120
724,625485011664,625490844112,5832448,5551600
725,625490861472,625496929152,6067680,6426320
726,625496944128,625503626000,6681872,4850864
727,625503643344,625510098032,6454688,5732144
728,625510112320,625515136208,5023888,5265088
729,625515150592,625521013808,5863216,5536928
730,625521027968,625527233040,6205072,4352480
731,625527247264,625533191520,5944256,5605808
732,625533206608,625538930640,5724032,4638480
733,625539010352,625545482240,6471888,5509456
734,625545496864,625552908560,7411696,4250352
735,625552923120,625558759424,5836304,4838576
736,625558773760,625565491568,6717808,4895024
737,625565506048,625571756656,6250608,4845472
738,625571771088,625578293584,6522496,5080560
739,625578308096,625583646064,5337968,5061120
740,625583667344,625590251872,6584528,5013232
741,625590266480,625595890352,5623872,3672064
742,625595904960,625602399808,6494848,5660192
743,625602413840,625607650160,5236320,4301792
744,625607665984,625613488736,5822752,5156976
745,625613502656,625619383760,5881104,3864048
746,625619397664,625625229232,5831568,5360944
747,625625243312,625631309792,6066480,5550112
748,625631400672,625637370912,5970240,6801360
749,625637385456,625643384144,5998688,5978272
750,625643397808,625648056208,4658400,5622864
751,625648070288,625654716400,6646112,7071776
752,625654733424,625660018192,5284768,5048192
753,625660032480,625666175168,6142688,5757888
754,625666188736,625671039216,4850480,6888480
755,625671052848,625677400160,6347312,5924432
756,625677416736,625683950272,6533536,5307440
757,625683965968,625691751632,7785664,6120544
758,625691767968,625698729904,6961936,6326080
759,625698746208,625705352768,6606560,6903296
760,625705371392,625713424544,8053152,4609888
761,625713441168,625719472736,6031568,4812224
762,625719488672,625726230624,6741952,4928992
763,625726246624,625734119104,7872480,5626016
764,625734134640,625741043536,6908896,4915248
765,625741058128,625747350976,6292848,5633520
766,625747382976,625754471520,7088544,4131120
767,625754486528,625761797600,7311072,5724304
768,625761815248,625769700896,7885648,4950496
769,625769715424,625775310784,5595360,6674368
770,625775382896,625781123008,5740112,4731936
771,625781136720,625787052000,5915280,4954768
772,625787065664,625793678016,6612352,5309968
773,625793692336,625799593264,5900928,4781456
774,625799608672,625806226784,6618112,5553264
775,625806240960,625811357904,5116944,5734720
776,625811388544,625818082208,6693664,5470832
777,625818096688,625824032704,5936016,6044512
778,625824048752,625831707072,7658320,5546288
779,625831721712,625837439008,5717296,4932736
780,625837453184,625843393776,5940592,5580592
781,625843409392,625849703744,6294352,6301504
782,625849718128,625855485200,5767072,5739472
783,625855499360,625862038464,6539104,4741520
784,625862053840,625868773184,6719344,5511104
785,625868788032,625875244016,6455984,6087456
786,625875259200,625882288528,7029328,5144800
787,625882303632,625888834816,6531184,5486288
788,625888850736,625894767552,5916816,5274400
789,625894782064,625901348144,6566080,8768416
790,625901377520,625908649648,7272128,5029744
791,625908664928,625915389120,6724192,4752704
792,625915404000,625921130640,5726640,4947104
793,625921145136,625927641744,6496608,4962672
794,625927656560,625934729200,7072640,5418048
795,625934743792,625940874000,6130208,6548448
796,625940888496,625947360288,6471792,5393824
797,625947376848,625953634688,6257840,5721040
798,625953649408,625963403104,9753696,3838480
799,625963418160,625969432848,6014688,3975744
800,625969447328,625975185552,5738224,5343552
801,625975199440,625981132656,5933216,5792480
802,625981146512,625987095328,5948816,4749744
803,625987110064,625993513376,6403312,5127600
804,625993624208,626001061824,7437616,5028064
805,626001075872,626007455648,6379776,4693472
806,626007470192,626014176688,6706496,4732864
807,626014213904,626019015168,4801264,6214512
808,626019029392,626023990912,4961520,4822848
809,626024004800,626030334464,6329664,4385504
810,626030357600,626037126944,6769344,5895440
811,626037140960,626042876688,5735728,6513232
812,626042891008,626049004288,6113280,5788976
813,626049018480,626055032352,6013872,4925920
814,626055047056,626060725824,5678768,7035440
815,626060740528,626066458688,5718160,6168032
816,626066473024,626073673200,7200176,4927824
817,626073689984,626079496048,5806064,5603472
818,626079510144,626084881552,5371408,6296208
819,626084895568,626091776992,6881424,5664048
820,626091792592,626099290224,7497632,6943872
821,626099304416,626106079200,6774784,6283664
822,626106093536,626112005120,5911584,5085296
823,626112040832,626120040560,7999728,5844368
824,626120069216,626127208592,7139376,6782400
825,626127223568,626133136416,5912848,4993744
826,626133150688,626139739888,6589200,5222976
827,626139753536,626147036096,7282560,4223872
828,626147051200,626153700144,6648944,4922672
829,626153715408,626161644016,7928608,7150992
830,626161659984,626168927680,7267696,6815872
831,626169008496,626175012976,6004480,7124448
832,626175027808,626181857344,6829536,5193984
833,626181896480,626189639744,7743264,5467968
834,626189654784,626195633488,5978704,6407952
835,626195650304,626201856464,6206160,5216640
836,626201962688,626207080336,5117648,4749440
837,626207094976,626213003008,5908032,5937984
838,626213017488,626221154000,8136512,6674704
839,626221168368,626228969872,7801504,5544448
840,626228985376,626237094320,8108944,6273456
841,626237108784,626243288304,6179520,5123840
842,626243302368,626249756272,6453904,5709280
843,626249770848,626257164224,7393376,4683184
844,626257178448,626263380864,6202416,5495104
845,626263395184,626269130304,5735120,5154304
846,626269144256,626276068288,6924032,6280656
847,626276082608,626283742992,7660384,5307312
848,626283757776,626290287440,6529664,4300240
849,626290302592,626297560896,7258304,4981024
850,626297583328,626303684736,6101408,4906096
851,626303699488,626310394016,6694528,6075600
852,626310408736,626316077200,5668464,5850192
853,626316092560,626322572304,6479744,5053216
854,626322587600,626328726608,6139008,5652672
855,626328740880,626336007264,7266384,4243600
856,626336022464,626342314576,6292112,4802672
857,626342377856,626347614816,5236960,4536112
858,626347630896,626353595840,5964944,6136448
859,626353612688,626359501936,5889248,4432704
860,626359518128,626366577536,7059408,4923648
861,626366596688,626373427728,6831040,5102672
862,626373443296,626379480944,6037648,5291120
863,626379494656,626386133616,6638960,5022512
864,626386155808,626391377216,5221408,5781696
865,626391391824,626397179888,5788064,4333056
866,626397193456,626402716000,5522544,5436032
867,626402730096,626409852448,7122352,6216384
868,626409867744,626415285152,5417408,4903104
869,626415299328,626421208800,5909472,4838992
870,626421224400,626427311472,6087072,4655216
871,626427379248,626433602592,6223344,5557568
872,626433626080,626439625104,5999024,5169680
873,626439639424,626446406800,6767376,5587712
874,626446421248,626451739856,5318608,4286144
875,626451753760,626458175888,6422128,5549008
876,626458189568,626465392272,7202704,4369088
877,626465406416,626471295376,5888960,5526912
878,626471309600,626477134368,5824768,7603072
879,626477148384,626482789584,5641200,4325488
880,626482846688,626489347152,6500464,5450976
881,626489371248,626495516832,6145584,4296528
882,626495581168,626502104544,6523376,6167680
883,626502119136,626507390688,5271552,5365056
884,626507404288,626513939696,6535408,5378240
885,626513956080,626519308784,5352704,5868016
886,626519349808,626525835696,6485888,5365952
887,626525851888,626534438768,8586880,5175696
888,626534452960,626539764256,5311296,5106272
889,626539778288,626546215232,6436944,5454112
890,626546229408,626551511760,5282352,5093808
891,626551575792,626558679440,7103648,4884000
892,626558693520,626565044496,6350976,4742592
893,626565058160,626571422736,6364576,4675344
894,626571439008,626578290752,6851744,5439904
895,626578305072,626584656704,6351632,4845776
896,626584671296,626590832400,6161104,3948944
897,626590914064,626596938672,6024608,5994512
898,626597002944,626603392784,6389840,5135744
899,626603406560,626609486592,6080032,7290256
900,626609500240,626615370592,5870352,5429904
901,626615384832,626621113184,5728352,5291536
902,626621126768,626626788528,5661760,4245056
903,626626802432,626633228432,6426000,6284976
904,626633242432,626639074208,5831776,4044800
905,626639088128,626644023152,4935024,5525792
906,626644069536,626651017664,6948128,4143888
907,626651056112,626657153408,6097296,4763792
908,626657168624,626665443664,8275040,5203616
909,626665482976,626671873568,6390592,4512896
910,626671887808,626678165104,6277296,7246112
911,626678179344,626683410160,5230816,5561248
912,626683423856,626690695136,7271280,5977856
913,626690709328,626695739936,5030608,4356192
914,626695753392,626702265728,6512336,6039280
915,626702279808,626707409616,5129808,5579376
916,626707423088,626713173408,5750320,5106000
917,626713187664,626719377024,6189360,5623120
918,626719390880,626724889920,5499040,6052432
919,626724903968,626733136032,8232064,5321184
920,626733150576,626739697280,6546704,6235040
921,626739710896,626746675136,6964240,4791504
922,626746694096,626752031328,5337232,4843856
923,626752045200,626759070608,7025408,5445696
924,626759084816,626765649984,6565168,4631248
925,626765664736,626771755984,6091248,5537648
926,626771770656,626778379104,6608448,4502736
927,626778394048,626785431536,7037488,5470960
928,626785445520,626791752720,6307200,4986368
929,626791766896,626798987760,7220864,4850272
930,626799002096,626804779264,5777168,5091920
931,626804792896,626810623120,5830224,5926080
932,626810639280,626817068816,6429536,5634640
933,626817082416,626822700064,5617648,5563872
934,626822713856,626829237712,6523856,5602960
935,626829251584,626834740448,5488864,5256800
936,626834753920,626841211408,6457488,5915264
937,626841225648,626847197776,5972128,5192304
938,626847212880,626853048048,5835168,5069568
939,626853144064,626859139968,5995904,5793920
940,626859154464,626866066048,6911584,4966656
941,626866081824,626872700688,6618864,5553072
942,626872715360,626879264560,6549200,5611840
943,626879278672,626885867520,6588848,4876896
944,626885882000,626892124320,6242320,5511264
945,626892784624,626899039584,6254960,6306624
946,626899053216,626905231888,6178672,5494272
947,626905245952,626911301456,6055504,5101312
948,626911315424,626918095376,6779952,4927632
949,626918110944,626924062032,5951088,5048400
950,626924078432,626930615104,6536672,5206592
951,626930648320,626937226944,6578624,6806272
952,626937241328,626943103840,5862512,5119648
953,626943118144,626949615104,6496960,6266592
954,626949631072,626956921728,7290656,5971232
955,626956935968,626963416000,6480032,8029344
956,626963454864,626969517312,6062448,5144480
957,626969581728,626975444944,5863216,4940768
958,626975459488,626981493344,6033856,4676000
959,626981508768,626987699936,6191168,5299296
960,626987713984,626995506208,7792224,5835792
961,626995520800,627001625856,6105056,5654528
962,627001659168,627008892448,7233280,6633072
963,627008907040,627015863680,6956640,4533648
964,627015877696,627024893024,9015328,5131920
965,627024925216,627031037504,6112288,4823008
966,627031051840,627036978272,5926432,6334672
967,627036992320,627042654272,5661952,5073232
968,627042674800,627048953568,6278768,5480416
969,627048967744,627055789360,6821616,5938608
970,627055861488,627062443888,6582400,5358736
971,627062458688,627070076960,7618272,5479600
972,627070091520,627075610608,5519088,6222400
973,627075624976,627081742528,6117552,4577904
974,627081757024,627087565536,5808512,6723104
975,627087592848,627094900208,7307360,8432272
976,627094914704,627100973440,6058736,7405664
977,627100987552,627107453856,6466304,6779600
978,627107468224,627114392464,6924240,4749872
979,627114406288,627120751200,6344912,5229104
980,627120765376,627127230800,6465424,5033744
981,627127245072,627134453200,7208128,5305280
982,627134477520,627140031104,5553584,6833568
983,627140045248,627147754208,7708960,4866928
984,627147770576,627157186480,9415904,7064320
985,627157202464,627165592144,8389680,5170992
986,627165607632,627173371744,7764112,5153584
987,627173392992,627179121616,5728624,5578208
988,627179136048,627185350720,6214672,4098416
989,627185372336,627191384464,6012128,5205168
990,627191407760,627197689744,6281984,6801952
991,627197705552,627205523312,7817760,4950704
992,627205631024,627211390240,5759216,5336944
993,627211407296,627219454560,8047264,5050160
994,627219469392,627225625552,6156160,5607456
995,627225640800,627231779136,6138336,5544720
996,627231793312,627238357344,6564032,4799216
997,627238380048,627243455760,5075712,6296704
998,627243469440,627249660928,6191488,4917248
999,627249674288,627257462880,7788592,5329312
1000,627257476288,627263413584,5937296,4293872
1001,627263428656,627269750528,6321872,6817776
1002,627269764512,627275800688,6036176,5049616
1003,627275862240,627282408144,6545904,6666704
1004,627282422288,627288952864,6530576,5536880
1005,627288967152,627294752080,5784928,4760784
1006,627294766480,627302048784,7282304,6158240
1007,627302062544,627307966032,5903488,5144432
1008,627307980208,627314295344,6315136,4955296
1009,627314309184,627319589216,5280032,8192944
1010,627319605600,627327406992,7801392,6804528
1011,627327422176,627333456608,6034432,5436608
1012,627333470832,627341123312,7652480,6485968
1013,627341137584,627347660192,6522608,5319232
1014,627347676768,627357721856,10045088,6465296
1015,627357736688,627363482640,5745952,5888768
1016,627363499088,627370640880,7141792,6080816
1017,627370656864,627376785312,6128448,5398160
1018,627376836448,627382740608,5904160,5119696
1019,627382754992,627394193552,11438560,4568112
1020,627394207440,627403386496,9179056,4995168
1021,627403402064,627411191024,7788960,5835920
1022,627411205776,627417627632,6421856,5966480
1023,627417654368,627425113600,7459232,4853472
1024,627425127776,627431432832,6305056,5670304
1025,627431447504,627438898128,7450624,6490928
1026,627438980688,627445786896,6806208,5514944
1027,627445801120,627452867712,7066592,5098016
1028,627452881728,627459265872,6384144,4496624
1029,627459280112,627465385568,6105456,5549360
1030,627465399824,627470953680,5553856,6138768
1031,627470967632,627476948848,5981216,5152832
1032,627476972592,627483784768,6812176,5032416
1033,627483798992,627490751248,6952256,4986304
1034,627490765664,627496604720,5839056,5684672
1035,627496619312,627503275024,6655712,5221856
1036,627503290128,627510765952,7475824,4774176
1037,627510781488,627517280896,6499408,5015744
1038,627517296432,627523378912,6082480,5590976
1039,627523393184,627528875536,5482352,5644576
1040,627528889872,627535424896,6535024,5600720
1041,627535438464,627542563664,7125200,5534304
1042,627542653264,627548716496,6063232,5453936
1043,627548730608,627554748912,6018304,5911680
1044,627554762992,627560735216,5972224,4551616
1045,627560749584,627567419888,6670304,5489296
1046,627567434256,627573641744,6207488,4080864
1047,627573657056,627579415920,5758864,5905392
1048,627579430288,627585431664,6001376,5010224
1049,627585445856,627592022640,6576784,5592960
1050,627592069536,627598667216,6597680,6075744
1051,627598705424,627605267936,6562512,5503584
1052,627605282448,627611802240,6519792,5211952
1053,627611913872,627618256176,6342304,4476384
1054,627618270992,627625167856,6896864,3706128
1055,627625182736,627630719472,5536736,5607456
1056,627630733552,627637208768,6475216,4285744
1057,627637222752,627642289632,5066880,4797344
1058,627642303360,627649195024,6891664,4933856
1059,627649209312,627655205248,5995936,6004896
1060,627655218976,627661798208,6579232,4228640
1061,627661861360,627668873952,7012592,5415120
1062,627668888160,627675377536,6489376,4586912
1063,627675392496,627681589488,6196992,6127952
1064,627681634704,627687065872,5431168,5696816
1065,627687080032,627691772000,4691968,6484160
1066,627691785520,627698379456,6593936,5640560
1067,627698393872,627703665200,5271328,5201712
1068,627703679328,627709462544,5783216,5234368
1069,627709476768,627715396400,5919632,5758384
1070,627715409984,627722401296,6991312,4225888
1071,627722427152,627727629936,5202784,6346784
1072,627727644176,627734045056,6400880,4962736
1073,627734059792,627739631968,5572176,4988944
1074,627739647008,627746759920,7112912,4998528
1075,627746776400,627753456736,6680336,6671600
1076,627753472480,627760940896,7468416,6090288
1077,627760963952,627767581456,6617504,5510560
1078,627767629728,627773783168,6153440,3999456
1079,627773797648,627780017536,6219888,5095136
1080,627780031824,627786775920,6744096,5126896
1081,627786790512,627792001808,5211296,8240336
1082,627792016016,627799348592,7332576,4728400
1083,627799363504,627805311328,5947824,5838096
1084,627805367552,627811300272,5932720,5133120
1085,627811314832,627817298800,5983968,5691136
1086,627817349776,627824970400,7620624,4229408
1087,627824984448,627832060688,7076240,5421056
1088,627832775328,627838571248,5795920,4419584
1089,627838623120,627843570704,4947584,5906672
1090,627843621504,627849665840,6044336,5609200
1091,627849688496,627855792736,6104240,5076240
1092,627855806640,627865033072,9226432,5009216
1093,627865048720,627870761472,5712752,4934112
1094,627870775536,627877599568,6824032,5456160
1095,627877614080,627883732688,6118608,4810080
1096,627883747040,627890423824,6676784,4926240
1097,627890438192,627895653232,5215040,4970144
1098,627895667056,627902074288,6407232,5535952
1099,627902089680,627907493872,5404192,6898592
1100,627907507488,627914400544,6893056,5001584
1101,627914415312,627921009744,6594432,5438144
1102,627921025120,627927085984,6060864,4534720
1103,627927099808,627933095200,5995392,5883904
1104,627933108896,627939029312,5920416,5292208
1105,627939043680,627945485472,6441792,5399392
1106,627945500336,627951295552,5795216,4922608
1107,627951310112,627957221792,5911680,5148224
1108,627957235888,627963191936,5956048,5325344
1109,627963206224,627969727888,6521664,5064784
1110,627969742128,627977626480,7884352,5716800
1111,627977658080,627983628064,5969984,3839120
1112,627983641712,627990066208,6424496,3837184
1113,627990080768,627995600928,5520160,5348688
1114,627995621392,628002484832,6863440,5890656
1115,628002500160,628008777040,6276880,5512688
1116,628008791152,628015176432,6385280,6622064
1117,628015190464,628021099040,5908576,4830736
1118,628021112688,628027247264,6134576,5011008
1119,628027261376,628033572608,6311232,5139680
1120,628033597200,628039637392,6040192,5375072
1121,628039651088,628046354192,6703104,5676544
1122,628046372496,628051193312,4820816,5885392
1123,628051206768,628056030496,4823728,4925456
1124,628056745056,628062379184,5634128,5425392
1125,628062393056,628069269840,6876784,6491088
1126,628069284224,628075782528,6498304,5468192
1127,628075797872,628083404592,7606720,5244944
1128,628083419088,628089235328,5816240,4513152
1129,628089249904,628095246336,5996432,5235456
1130,628095259920,628101386016,6126096,4451200
1131,628101399472,628107761088,6361616,5094128
1132,628107775008,628114437632,6662624,5283040
1133,628114451280,628121323024,6871744,5731424
1134,628121339184,628127248480,5909296,4483728
1135,628127263088,628133673872,6410784,4930880
1136,628133688624,628141164960,7476336,4524496
1137,628141178752,628147633152,6454400,5599792
1138,628147649760,628153878096,6228336,5133952
1139,628153892560,628159391248,5498688,5796432
1140,628159404944,628165626704,6221760,5786928
1141,628165641392,628171077904,5436512,4713424
1142,628171092416,628177172032,6079616,5082928
1143,628177194928,628183455072,6260144,4862688
1144,628183477984,628190186496,6708512,5024896
1145,628190200560,628195670224,5469664,5485600
1146,628195684384,628201601104,5916720,6231088
1147,628201623120,628207125600,5502480,5352832
1148,628207139728,628213725392,6585664,5066640
1149,628213739632,628219859344,6119712,4856128
1150,628219872864,628226655776,6782912,5742064
1151,628226670000,628233442704,6772704,5379296
1152,628233456272,628239156128,5699856,4537760
1153,628239169680,628245239056,6069376,5419760
1154,628245253328,628251101744,5848416,5875824
1155,628251117360,628257126640,6009280,5408224
1156,628257140096,628263612240,6472144,5337760
1157,628263626832,628270843328,7216496,4841840
1158,628270858768,628277196160,6337392,5746576
1159,628277210336,628283262800,6052464,4199296
1160,628283276576,628289118928,5842352,4817664
1161,628289132688,628295860992,6728304,4951120
1162,628295913568,628302240288,6326720,4825008
1163,628302254528,628307778048,5523520,4807104
1164,628307792016,628314197808,6405792,5127744
1165,628314211808,628321073632,6861824,5030288
1166,628321087568,628327481856,6394288,5478960
1167,628327495840,628333819616,6323776,6283664
1168,628333916176,628339661456,5745280,4722016
1169,628339675648,628346408032,6732384,4074640
1170,628346422576,628351607328,5184752,7131328
1171,628351647888,628357424992,5777104,5924800
1172,628357465488,628363376112,5910624,5178800
1173,628363391280,628369201120,5809840,4310112
1174,628369215152,628375008224,5793072,5816000
1175,628375021984,628381135968,6113984,4500512
1176,628381149424,628387166256,6016832,4011952
1177,628387180208,628393645216,6465008,5044736
1178,628393659280,628400928880,7269600,4399360
1179,628400944016,628406650896,5706880,5096064
1180,628406664384,628411725536,5061152,6791568
1181,628411739696,628419856864,8117168,4750384
1182,628419871152,628426781664,6910512,3998160
1183,628426795632,628432960464,6164832,4700704
1184,628432974672,628438270576,5295904,4649536
1185,628438284160,628445086576,6802416,6100640
1186,628445100784,628450587088,5486304,3924384
1187,628450601024,628455599040,4998016,4934944
1188,628455614960,628461643776,6028816,5453216
1189,628461659168,628467043136,5383968,4692304
1190,628467056720,628473139200,6082480,4722784
1191,628473152656,628480930768,7778112,4923712
1192,628480945232,628486681152,5735920,4416560
1193,628486695408,628491679312,4983904,4555536
1194,628491692960,628497380016,5687056,5975024
1195,628497393808,628503029552,5635744,5434416
1196,628503043024,628510130192,7087168,5331856
1197,628510144192,628515054576,4910384,4544752
1198,628515068448,628520989520,5921072,5983344
1199,628521003568,628527442736,6439168,5079136
1200,628527456384,628533135040,5678656,4496880
1201,628533148576,628538857824,5709248,5074112
1202,628538871920,628544781536,5909616,7484192
1203,628544795312,628550198096,5402784,4230304
1204,628550212192,628555753632,5541440,5322736
1205,628555928880,628562728656,6799776,4084528
1206,628562742912,628569163072,6420160,6274176
1207,628569184992,628575494928,6309936,4406992
1208,628575509408,628581039680,5530272,4744496
1209,628581055472,628588023024,6967552,4553808
1210,628588037536,628594102160,6064624,5318096
1211,628594137984,628599599040,5461056,5048800
1212,628599622288,628605673152,6050864,6011328
1213,628605687200,628614157344,8470144,4693904
1214,628614171584,628619387648,5216064,4431600
1215,628619401408,628625710384,6308976,5208160
1216,628625724224,628630794912,5070688,5001696
1217,628630845696,628638069088,7223392,5192832
1218,628638082976,628643476080,5393104,5924464
1219,628643489696,628649220576,5730880,5512944
1220,628649234944,628654774384,5539440,5511184
1221,628654788432,628661092480,6304048,4828656
1222,628661106832,628667141280,6034448,5284480
1223,628667155216,628674152608,6997392,5503376
1224,628674168400,628679846512,5678112,4247120
1225,628679861920,628685278112,5416192,4815936
1226,628685292544,628691486272,6193728,4964480
1227,628691500336,628697487968,5987632,5805744
1228,628697502384,628703680800,6178416,4411840
1229,628703694928,628710605264,6910336,4769648
1230,628710640016,628717118208,6478192,5793552
1231,628717132048,628723629392,6497344,5814496
1232,628723651104,628729458048,5806944,4158736
1233,628729473248,628735742528,6269280,5433568
1234,628735756496,628742245904,6489408,4220720
1235,628742261024,628747493024,5232000,8247872
1236,628747506336,628753308960,5802624,4856160
1237,628753372288,628759273440,5901152,5214768
1238,628759287072,628766079184,6792112,7641024
1239,628766093568,628771491024,5397456,5142656
1240,628771505232,628777260672,5755440,6216912
1241,628777274864,628784054224,6779360,5014976
1242,628785028048,628790868720,5840672,5324544
1243,628790883168,628796027456,5144288,5437344
1244,628796041952,628802461024,6419072,5002640
1245,628802475824,628807681744,5205920,6464400
1246,628807696416,628816929616,9233200,6223680
1247,628816943840,628822785776,5841936,4499584
1248,628822799920,628829000544,6200624,6463600
1249,628829014688,628837641568,8626880,4984272
1250,628837656272,628843784224,6127952,5358208
1251,628843798800,628851001136,7202336,4847008
1252,628851016416,628857016112,5999696,4822912
1253,628857030512,628863340656,6310144,7056896
1254,628863379728,628869778000,6398272,5896240
1255,628869792352,628875780640,5988288,4253056
1256,628875794592,628883245040,7450448,4989184
1257,628883259264,628890468720,7209456,6213376
1258,628890483232,628895968304,5485072,4795200
1259,628896008912,628903431904,7422992,4217664
1260,628903446624,628909416176,5969552,5554176
1261,628909429936,628915774384,6344448,4348128
1262,628915788736,628921621392,5832656,5317648
1263,628921664992,628927444304,5779312,4657760
1264,628927457984,628935501200,8043216,6506432
1265,628935514992,628942397440,6882448,6817248
1266,628942411536,628947650496,5238960,6960672
1267,628947665776,628953639680,5973904,4000656
1268,628953653840,628960853056,7199216,6185248
1269,628960866912,628966648256,5781344,5439936
1270,628966661872,628971865920,5204048,5004320
1271,628971879824,628978420096,6540272,5179728
1272,628978434400,628983768224,5333824,4797536
1273,628983781728,628990085872,6304144,4635216
1274,628990099616,628995743632,5644016,4800832
1275,628995759008,629003250064,7491056,6000256
1276,629003264496,629011067312,7802816,4353152
1277,629011081856,629019027984,7946128,5328048
1278,629019042624,629024028640,4986016,6165584
1279,629024042544,629031213888,7171344,4826832
1280,629031227888,629037653824,6425936,5313136
1281,629037668032,629043658144,5990112,5571200
1282,629043672720,629049837872,6165152,5569984
1283,629049851840,629055635408,5783568,5838064
1284,629055655952,629061270624,5614672,4593136
1285,629061284944,629067071456,5786512,6012304
1286,629067086176,629074071712,6985536,5000832
1287,629074086576,629079424864,5338288,6031568
1288,629079439456,629085752912,6313456,5222160
1289,629085767024,629092918496,7151472,7219552
1290,629092932752,629098745328,5812576,5163200
1291,629098759520,629105058464,6298944,5339248
1292,629105072832,629111629664,6556832,7007856
1293,629111646000,629118199648,6553648,4859808
1294,629118214544,629125037712,6823168,5557744
1295,629125052848,629130630848,5578000,5986336
1296,629130652592,629137643152,6990560,5638192
1297,629137657808,629143643984,5986176,5042560
1298,629143658000,629150675552,7017552,6933392
1299,629150692688,629156897712,6205024,4544000
1300,629156920672,629165117264,8196592,5471728
1301,629165132672,629171280464,6147792,6521440
1302,629171295376,629177619712,6324336,5288416
1303,629177690400,629185627568,7937168,5189936
1304,629185644992,629191487376,5842384,6802064
1305,629191501856,629198045120,6543264,5499104
1306,629198060096,629205031456,6971360,8170400
1307,629205045712,629211669648,6623936,4924896
1308,629211692128,629217712208,6020080,5993792
1309,629217761760,629225645600,7883840,4796048
1310,629225666512,629231189600,5523088,6517488
1311,629231203600,629237661328,6457728,4680848
1312,629237676496,629245182768,7506272,5388112
1313,629245197568,629251471184,6273616,5033664
1314,629251485632,629257661120,6175488,5014128
1315,629257686144,629265463184,7777040,4904800
1316,629265477808,629271962288,6484480,6483232
1317,629271977264,629281132688,9155424,5248400
1318,629281148896,629287057584,5908688,5344400
1319,629287071920,629294051376,6979456,5031952
1320,629294065632,629299847424,5781792,4905360
1321,629299939984,629307364912,7424928,4997840
1322,629307380400,629313045760,5665360,5214864
1323,629313060000,629319433872,6373872,5126800
1324,629319449328,629325467536,6018208,5530608
1325,629325482016,629331481664,5999648,4472864
1326,629331496256,629337386464,5890208,5605632
1327,629337401280,629344869696,7468416,6240528
1328,629344884416,629351118096,6233680,6648016
1329,629351133568,629357462496,6328928,5506464
1330,629357477312,629363494448,6017136,6852368
1331,629363515024,629369399808,5884784,4893360
1332,629369413536,629375397648,5984112,8069952
1333,629375499856,629381612512,6112656,6668640
1334,629381628496,629387739312,6110816,8331888
1335,629387862672,629394269920,6407248,4826976
1336,629394284272,629399742784,5458512,6630848
1337,629399756368,629406348416,6592048,8255040
1338,629406401376,629413588944,7187568,4662320
1339,629413604480,629421236960,7632480,5983824
1340,629421253824,629427743424,6489600,5345776
1341,629427760016,629435595792,7835776,5461424
1342,629435611824,629441489152,5877328,5663056
1343,629441503984,629450559104,9055120,4603648
1344,629450630080,629458227744,7597664,5802336
1345,629458243632,629467559632,9316000,5935552
1346,629467576928,629473386608,5809680,6339184
1347,629473402064,629481017456,7615392,5174144
1348,629481033008,629490272496,9239488,5430880
1349,629490287952,629495934816,5646864,4798416
1350,629496011920,629502918640,6906720,4963136
1351,629502933408,629509264416,6331008,6326944
1352,629509282096,629515725840,6443744,5530464
1353,629515741696,629522388896,6647200,4876768
1354,629522405680,629527992544,5586864,7257696
1355,629528025136,629534794880,6769744,6741680
1356,629534858272,629541730432,6872160,5485744
1357,629541745264,629549069616,7324352,5868160
1358,629549084304,629555243760,6159456,5642208
1359,629555258224,629561674640,6416416,5057248
1360,629561689152,629567473056,5783904,4902192
1361,629567487344,629573436192,5948848,5737152
1362,629573450480,629580763136,7312656,6192208
1363,629580778544,629587293600,6515056,5366064
1364,629587308880,629593170368,5861488,5086336
1365,629593187200,629601428064,8240864,5012448
1366,629601444384,629609169744,7725360,4999424
1367,629609184336,629615655488,6471152,4943520
1368,629615670240,629622523648,6853408,5002608
1369,629622648112,629629165856,6517744,5129472
1370,629629179616,629635223104,6043488,5136416
1371,629635237120,629641125296,5888176,5426800
1372,629641139328,629647862448,6723120,4518128
1373,629647879360,629655054656,7175296,5396128
1374,629655070048,629661420720,6350672,4027616
1375,629661434928,629667507056,6072128,3943440
1376,629667521760,629673519504,5997744,5974144
1377,629673576160,629679518928,5942768,5626720
1378,629679533072,629685462448,5929376,4851856
1379,629685476432,629691465056,5988624,6069616
1380,629691479136,629697594528,6115392,5894096
1381,629697634144,629703730944,6096800,5290752
1382,629703745232,629710157744,6412512,4672560
1383,629710171952,629715675872,5503920,6509792
1384,629715689856,629722072000,6382144,5428704
1385,629722086400,629727099616,5013216,5624672
1386,629727113856,629732043056,4929200,6722448
1387,629732057568,629739017200,6959632,6212400
1388,629739031504,629745643920,6612416,6741440
1389,629745660576,629751495776,5835200,4906848
1390,629751510496,629758565392,7054896,4192368
1391,629758596096,629765459488,6863392,5826992
1392,629765474496,629771750240,6275744,5497808
1393,629771765392,629777422800,5657408,5306400
1394,629777438288,629784932592,7494304,5785056
1395,629784949664,629791361296,6411632,4331408
1396,629791401792,629797985968,6584176,4689024
1397,629798004240,629805708416,7704176,7288048
1398,629805724448,629812920816,7196368,6971200
1399,629812936304,629820662256,7725952,5119344
1400,629820677664,629826569104,5891440,5188304
1401,629826599392,629831761472,5162080,4728784
1402,629831775920,629838588464,6812544,5954144
1403,629838633568,629845086272,6452704,4592496
1404,629845102000,629851392672,6290672,5751008
1405,629851407824,629858177728,6769904,4230560
1406,629858192144,629863509136,5316992,5404544
1407,629863562464,629869198160,5635696,5274304
1408,629869211968,629877486208,8274240,5864912
1409,629877500544,629885457408,7956864,5624512
1410,629885471888,629891576752,6104864,6821376
1411,629891591328,629897765056,6173728,4716240
1412,629897779312,629903493840,5714528,8667824
1413,629903508208,629910447984,6939776,5528976
1414,629910461936,629916040480,5578544,6104768
1415,629916054640,629922791488,6736848,5069600
1416,629922843184,629928022048,5178864,5619968
1417,629928036240,629934426592,6390352,5060832
1418,629934440592,629940700896,6260304,4725296
1419,629940716784,629947565808,6849024,5485984
1420,629947581600,629954190320,6608720,6125840
1421,629954207488,629962011696,7804208,4632672
1422,629962026400,629967727936,5701536,4255472
1423,629967742048,629977395760,9653712,5472176
1424,629977410448,629983924736,6514288,5958368
1425,629983940624,629991029504,7088880,6255248
1426,629991044480,629997099104,6054624,6138768
1427,629997113152,630003719072,6605920,5689936
1428,630003733504,630009779904,6046400,5844112
1429,630009794896,630015505200,5710304,5563232
1430,630015519296,630021991184,6471888,6052864
1431,630022005136,630029117024,7111888,4985664
1432,630029131184,630034749696,5618512,7224592
1433,630034763552,630040005168,5241616,5307840
1434,630040018944,630046477344,6458400,5167136
1435,630046491408,630053435712,6944304,4939712
1436,630053450320,630060690960,7240640,5660448
1437,630060706624,630067829728,7123104,5912704
1438,630067844320,630074519664,6675344,5464496
1439,630074584272,630081363776,6779504,6091792
1440,630081405088,630087927008,6521920,5322192
1441,630087943376,630094979872,7036496,7057616
1442,630094995312,630100965536,5970224,5482832
1443,630100979472,630109190128,8210656,5702416
1444,630109204688,630115497968,6293280,4402048
1445,630115512336,630121665104,6152768,4770464
1446,630121679472,630127604816,5925344,4609088
1447,630127643152,630134265264,6622112,5720336
1448,630134280544,630141177968,6897424,4946192
1449,630141200512,630147642464,6441952,5362384
1450,630147658352,630154734256,7075904,7081312
1451,630154749888,630161056448,6306560,4218672
1452,630161070576,630169114064,8043488,4902448
1453,630169128960,630175596896,6467936,5710272
1454,630175619200,630182299312,6680112,6844832
1455,630182365920,630187701360,5335440,5890016
1456,630187715744,630193471824,5756080,4334656
1457,630193486048,630199080912,5594864,7927472
1458,630199094544,630205801248,6706704,5722416
1459,630205899296,630211747440,5848144,5227216
1460,630211761200,630218109824,6348624,6171136
1461,630218124000,630226191136,8067136,5723904
1462,630226205872,630231409808,5203936,5573024
1463,630231423360,630237312256,5888896,4034656
1464,630237373808,630244022528,6648720,5925056
1465,630244037008,630251867360,7830352,4095728
1466,630251881744,630258757376,6875632,4754384
1467,630258771152,630264092032,5320880,4999680
1468,630265171664,630273019504,7847840,5429984
1469,630273035312,630279741920,6706608,6966048
1470,630279756224,630285969136,6212912,4762576
1471,630285982976,630293140272,7157296,5109968
1472,630293154864,630299864176,6709312,5220720
1473,630299880400,630306437200,6556800,5498384
1474,630306451424,630311471856,5020432,4773600
1475,630311485824,630318396912,6911088,5239568
1476,630318411184,630323492640,5081456,6044240
1477,630323506656,630329247024,5740368,5119504
1478,630329261600,630335246704,5985104,4671600
1479,630335260528,630341676688,6416160,4929600
1480,630341691424,630349642736,7951312,4772992
1481,630349656912,630355405312,5748400,4687280
1482,630355419296,630361515280,6095984,5251200
1483,630361606752,630367736000,6129248,4722112
1484,630367750368,630374234384,6484016,4139120
1485,630374248512,630380007984,5759472,4700736
1486,630380022144,630386247552,6225408,4772720
1487,630386261168,630393291792,7030624,5340752
1488,630393305888,630399411296,6105408,4836816
1489,630399425056,630405082896,5657840,5032064
1490,630405096416,630411012496,5916080,5397344
1491,630411026288,630416785488,5759200,4920064
1492,630416799552,630422472768,5673216,5379296
1493,630422492928,630428723968,6231040,5495120
1494,630428745872,630434446080,5700208,4230400
1495,630434459968,630439585200,5125232,5875520
1496,630439598944,630445285936,5686992,5479824
1497,630445300272,630451058656,5758384,4815952
1498,630451072704,630457399408,6326704,5720304
1499,630457413760,630463236224,5822464,4186400
1500,630463250256,630469268288,6018032,4133984
1501,630469282896,630475665632,6382736,5567872
1502,630475679776,630481585696,5905920,5293008
1503,630481599760,630487964992,6365232,5986784
1504,630488000752,630494460112,6459360,5633408
1505,630494473968,630499690512,5216544,4512256
1506,630499704448,630506566032,6861584,5887536
1507,630506612064,630513045856,6433792,5416368
1508,630513060384,630518861808,5801424,5219888
1509,630518875664,630525582112,6706448,6224064
1510,630525600624,630530768512,5167888,3997840
1511,630530782304,630535902496,5120192,4849952
1512,630535917680,630542470368,6552688,7026256
1513,630542491680,630548763376,6271696,4539776
1514,630548799008,630555750160,6951152,5003472
1515,630555764368,630562383568,6619200,5239984
1516,630562398256,630567895824,5497568,5152128
1517,630567910304,630574783360,6873056,4986128
1518,630574798336,630581199728,6401392,4580368
1519,630581215168,630587419616,6204448,5751488
1520,630587440816,630594643680,7202864,4646816
1521,630594658176,630599641520,4983344,5032000
1522,630599662432,630605491472,5829040,5399360
1523,630605505280,630613517728,8012448,6535984
1524,630613637520,630619057504,5419984,4859680
1525,630619071440,630625060976,5989536,5248112
1526,630625074624,630631300960,6226336,5174064
1527,630631381744,630637453088,6071344,6173232
1528,630637467600,630643439216,5971616,3999472
1529,630643452800,630649019584,5566784,4947680
1530,630649033088,630655771072,6737984,4806480
1531,630655785008,630661417888,5632880,4989408
1532,630661432816,630667449888,6017072,4975072
1533,630667463920,630673849248,6385328,5316304
1534,630673862800,630681385232,7522432,4169504
1535,630681399584,630687244912,5845328,6016336
1536,630687259152,630693493024,6233872,4159232
1537,630693506944,630699667088,6160144,5465376
1538,630699697424,630706840320,7142896,4605936
1539,630706855424,630711839792,4984368,4695120
1540,630711854848,630717787472,5932624,4760064
1541,630717832816,630723593952,5761136,6399056
1542,630723608064,630729583360,5975296,5980224
1543,630729599296,630735558432,5959136,4905904
1544,630735580064,630741874736,6294672,6834720
1545,630741888416,630747044240,5155824,5280384
1546,630747057872,630754060576,7002704,5450400
1547,630754074704,630759219808,5145104,5683936
1548,630759233616,630765685184,6451568,5871920
1549,630765699488,630771291120,5591632,5140192
1550,630771305408,630776986240,5680832,5207568
1551,630777000512,630782746304,5745792,5246272
1552,630782760128,630790145360,7385232,5860144
1553,630790159536,630797125584,6966048,5370576
1554,630797140480,630803031488,5891008,5807744
1555,630803045712,630810866208,7820496,5809344
1556,630810881136,630817146592,6265456,5614704
1557,630817163920,630823596992,6433072,5542944
1558,630823630656,630830280928,6650272,5455728
1559,630830296720,630837152848,6856128,5517312
1560,630837167936,630843293040,6125104,4979456
1561,630843307456,630849500608,6193152,4091264
1562,630849514512,630855746880,6232368,5866224
1563,630855760816,630862607024,6846208,5268048
1564,630862623936,630868977600,6353664,5138720
1565,630868991792,630875785344,6793552,4935616
1566,630875800592,630882594688,6794096,5291568
1567,630882609136,630889209392,6600256,5354752
1568,630889224800,630895752336,6527536,5365360
1569,630895766304,630902208064,6441760,6020416
1570,630902222064,630908725376,6503312,5032352
1571,630908748576,630914704832,5956256,5198784
1572,630914718560,630919796096,5077536,4672848
1573,630919839440,630926662320,6822880,5372704
1574,630926677456,630932930368,6252912,5297184
1575,630932944656,630939069088,6124432,4684048
1576,630939083136,630945004704,5921568,5602816
1577,630945041904,630951296272,6254368,4941856
1578,630951369712,630957651024,6281312,6926256
1579,630957665520,630964016384,6350864,5698832
1580,630964056128,630971036800,6980672,5265968
1581,630971052128,630977069152,6017024,5006032
1582,630977108192,630983267936,6159744,5722416
1583,630983282576,630988940784,5658208,5161328
1584,630988955184,630995313488,6358304,4986896
1585,630995385344,631001610672,6225328,4868208
1586,631001634576,631007294720,5660144,6693712
1587,631007308560,631013897536,6588976,5388032
1588,631013911648,631019839392,5927744,4881968
1589,631019854896,631027765648,7910752,4556272
1590,631027779744,631034464480,6684736,3970608
1591,631034478240,631040730448,6252208,6601344
1592,631040744320,631046736480,5992160,4814512
1593,631046750272,631053458896,6708624,5253856
1594,631053473248,631059620224,6146976,4572608
1595,631059634528,631065607120,5972592,4986320
1596,631065629360,631071475328,5845968,6507552
1597,631071489984,631079169040,7679056,6669424
1598,631079184832,631089225616,10040784,4069504
1599,631089241728,631095613648,6371920,5538880
1600,631095636384,631101495616,5859232,5989440
1601,631101509456,631107051888,5542432,5440352
1602,631107065712,631112022496,4956784,4694544
1603,631112036224,631119623840,7587616,4856784
1604,631119647984,631125438352,5790368,6423392
1605,631125452656,631131692208,6239552,4176992
1606,631131706480,631137264816,5558336,4852960
1607,631137278816,631143251136,5972320,6552352
1608,631143264640,631150758688,7494048,5059344
1609,631150773296,631158428112,7654816,6367680
1610,631158442736,631163497616,5054880,5678768
1611,631163511728,631170036496,6524768,4856864
1612,631170050704,631177025936,6975232,4057632
1613,631177041216,631183466288,6425072,5471472
1614,631183480576,631189160832,5680256,5286112
1615,631189174784,631195017616,5842832,4850256
1616,631195031104,631202441008,7409904,5559056
1617,631202454528,631207618000,5163472,4830880
1618,631207631744,631213470960,5839216,4891168
1619,631213484512,631221023312,7538800,4718176
1620,631221037248,631227082656,6045408,5651840
1621,631227097440,631234450336,7352896,5123888
1622,631234465072,631241129104,6664032,4828128
1623,631241143264,631246985968,5842704,5148064
1624,631246999632,631252043600,5043968,4959840
1625,631252057376,631258515072,6457696,5237536
1626,631258585456,631264801184,6215728,5612720
1627,631264905088,631270651440,5746352,3848160
1628,631270664976,631277210496,6545520,5114336
1629,631277226976,631283041376,5814400,5119552
1630,631283054848,631288932544,5877696,5448656
1631,631288945984,631294650720,5704736,5961488
1632,631294664320,631301302560,6638240,4674624
1633,631301316464,631307426448,6109984,5655440
1634,631307439968,631313254576,5814608,5169792
1635,631313271680,631319402640,6130960,6050512
1636,631319416256,631325362480,5946224,4196304
1637,631325410304,631331600016,6189712,5829424
1638,631331630352,631338212736,6582384,4726832
1639,631338226976,631343060896,4833920,5263744
1640,631343074640,631349175232,6100592,5497840
1641,631349189392,631355294784,6105392,7143104
1642,631355308352,631361743440,6435088,5120272
1643,631361757392,631368704928,6947536,5453872
1644,631368718720,631374379552,5660832,4715056
1645,631374393072,631381034992,6641920,5183808
1646,631381048592,631387204784,6156192,5114752
1647,631387218944,631394255296,7036352,4933216
1648,631394269216,631399451600,5182384,8783040
1649,631399465808,631406281024,6815216,5136896
1650,631406295408,631412007856,5712448,6938672
1651,631412022032,631418271600,6249568,5384688
1652,631418285168,631424769440,6484272,5202128
1653,631424790768,631432912544,8121776,4588880
1654,631432927152,631439032816,6105664,5079616
1655,631439046800,631445486688,6439888,5562064
1656,631445500432,631451201744,5701312,5890784
1657,631451215456,631457385552,6170096,4550016
1658,631457399248,631463500304,6101056,5567872
1659,631463514096,631469433520,5919424,8247584
1660,631469447856,631479216560,9768704,5621040
1661,631479234480,631485353456,6118976,6234464
1662,631485378464,631493292128,7913664,4909712
1663,631493307632,631499676816,6369184,5193776
1664,631499691552,631505878944,6187392,5483920
1665,631505893328,631511467824,5574496,5302032
1666,631511485392,631523516896,12031504,4830576
1667,631523531312,631533941456,10410144,5381520
1668,631533957408,631540021072,6063664,4688640
1669,631540036976,631546583136,6546160,5563520
1670,631546600416,631553473920,6873504,4576192
1671,631553488832,631559023936,5535104,6443248
1672,631559038352,631565591808,6553456,5442128
1673,631565607536,631574839392,9231856,4958640
1674,631574855744,631581460432,6604688,4633536
1675,631581475888,631588694896,7219008,5351680
1676,631588712256,631594604608,5892352,5293152
1677,631594618992,631600798384,6179392,5264560
1678,631600845664,631607282304,6436640,5097120
1679,631607296080,631613584336,6288256,4662432
1680,631613604784,631619414912,5810128,5702720
1681,631619429024,631625796432,6367408,3904944
1682,631625844288,631631485072,5640784,5356832
1683,631631564224,631638048592,6484368,6881200
1684,631638062512,631643624784,5562272,6366880
1685,631643645440,631651068032,7422592,4805456
1686,631651082896,631657510160,6427264,5318672
1687,631657568736,631663468800,5900064,7049440
1688,631663482960,631669102336,5619376,5644848
1689,631669116304,631675454016,6337712,5953136
1690,631675468608,631681747168,6278560,5468496
1691,631681762032,631688011728,6249696,4942992
1692,631688025936,631694108848,6082912,5953600
1693,631694122944,631699771280,5648336,4292336
1694,631699785136,631706474000,6688864,4719808
1695,631706488016,631711378944,4890928,5453024
1696,631711393536,631717735776,6342240,4769280
1697,631717750144,631725616976,7866832,5652960
1698,631725633824,631732983856,7350032,6363504
1699,631732998112,631738789312,5791200,5229584
1700,631738803856,631745107984,6304128,7591728
1701,631745122704,631753157424,8034720,6942240
1702,631753172048,631759802272,6630224,4564800
1703,631759916288,631766755408,6839120,4794208
1704,631766769968,631773223904,6453936,6180384
1705,631773238656,631779166896,5928240,4805552
1706,631779180896,631786120496,6939600,5760976
1707,631786136144,631791412832,5276688,5225808
1708,631791426784,631797132640,5705856,5717120
1709,631797147344,631803585664,6438320,4396400
1710,631803601696,631809354944,5753248,5564992
1711,631809377168,631816007904,6630736,4532896
1712,631816024576,631823371408,7346832,4888688
1713,631823390240,631829600992,6210752,5432592
1714,631829617200,631838192720,8575520,5238848
1715,631838209008,631846134960,7925952,5779632
1716,631846150880,631851699760,5548880,5656656
1717,631851714368,631857493968,5779600,4897488
1718,631857508816,631864674352,7165536,5021072
1719,631864689552,631870479904,5790352,6417216
1720,631870494240,631877240880,6746640,4928624
1721,631877275840,631883466688,6190848,4475568
1722,631883481440,631890183808,6702368,4531104
1723,631890198912,631895580208,5381296,5348976
1724,631895602640,631902145200,6542560,5325968
1725,631902162112,631907678096,5515984,5180400
1726,631907692384,631913566784,5874400,5494672
1727,631913590032,631919999376,6409344,5403024
1728,631920013360,631926238224,6224864,5670880
1729,631926252032,631933017856,6765824,4098368
1730,631933032224,631939674512,6642288,5922096
1731,631939688816,631945572000,5883184,5789872
1732,631945594048,631951593072,5999024,4671072
1733,631951610512,631959010288,7399776,5319744
1734,631959024416,631964938912,5914496,4858544
1735,631964953296,631970414480,5461184,4993584
1736,631970428752,631975945584,5516832,4936592
1737,631975959616,631982294560,6334944,5100224
1738,631982308160,631988620528,6312368,5213936
1739,631988637504,631994800928,6163424,6195712
1740,631994815152,632001295600,6480448,6020864
1741,632001309568,632007698624,6389056,4771824
1742,632007714000,632014369504,6655504,5425984
1743,632014391808,632019467872,5076064,6279408
1744,632019508368,632026389968,6881600,5610048
1745,632026404512,632033179840,6775328,5395264
1746,632033194496,632038850912,5656416,6093440
1747,632038866704,632045170656,6303952,4829584
1748,632045185280,632051029200,5843920,4151840
1749,632051043168,632057022784,5979616,5397856
1750,632057037216,632062959376,5922160,5748416
1751,632062973808,632069059600,6085792,5458720
1752,632069073584,632075273536,6199952,4988176
1753,632075287808,632082469248,7181440,6383120
1754,632082483552,632089490112,7006560,5164720
1755,632089503936,632095261936,5758000,4710912
1756,632095276144,632101687920,6411776,5061072
1757,632101703536,632108967328,7263792,5187824
1758,632108982256,632115577376,6595120,4892576
1759,632115622784,632121972640,6349856,4980496
1760,632121987040,632129066080,7079040,4729744
1761,632129081248,632134895664,5814416,4282640
1762,632134910896,632140047504,5136608,4978032
1763,632140061936,632146445360,6383424,6628896
1764,632146459536,632153193776,6734240,6864624
1765,632153208784,632159652496,6443712,4711488
1766,632159666496,632165640672,5974176,6518272
1767,632165655376,632173023792,7368416,4058896
1768,632173038496,632179188512,6150016,4880240
1769,632179202384,632184899424,5697040,7722272
1770,632184913200,632190960496,6047296,5885056
1771,632191017344,632197148320,6130976,5367856
1772,632197170416,632203040896,5870480,4994352
1773,632203055024,632209021392,5966368,4743456
1774,632209035120,632214751136,5716016,5221760
1775,632214764752,632220033776,5269024,5006240
1776,632220047488,632226011808,5964320,5009664
1777,632226025488,632233640704,7615216,4823824
1778,632233655184,632241505328,7850144,5300000
1779,632241578352,632247216816,5638464,4262992
1780,632247231088,632254735088,7504000,4934528
1781,632254749536,632259793984,5044448,4850496
1782,632259816672,632265674224,5857552,5412336
1783,632265688544,632274396496,8707952,5535296
1784,632274411040,632281281552,6870512,5491744
1785,632281296512,632287649408,6352896,4350016
1786,632287663920,632293643760,5979840,4882048
1787,632293657792,632299387216,5729424,5030512
1788,632299401360,632305608976,6207616,5660464
1789,632305624944,632311615216,5990272,4592672
1790,632311629568,632317624880,5995312,6869248
1791,632317639328,632323448704,5809376,4618096
1792,632323462832,632329748704,6285872,5160224
1793,632329764832,632335011696,5246864,6024080
1794,632335025600,632340946224,5920624,5356048
1795,632340960064,632346796720,5836656,4511488
1796,632346839904,632353209056,6369152,5664256
1797,632353224768,632359744352,6519584,4744384
1798,632359759296,632366236096,6476800,5206448
1799,632366250736,632371586112,5335376,5966688
1800,632371600880,632377468160,5867280,5901136
1801,632377483136,632383498672,6015536,5412432
1802,632383513392,632390159136,6645744,7404672
1803,632390174176,632395751808,5577632,5156464
1804,632395766016,632403621056,7855040,5656592
1805,632403637136,632409239152,5602016,4388048
1806,632409253184,632415399376,6146192,6040480
1807,632415413648,632422423456,7009808,4009008
1808,632422437952,632428779504,6341552,5333696
1809,632428793808,632434290992,5497184,7221168
1810,632434304912,632440955248,6650336,4360752
1811,632440970864,632446699632,5728768,6269488
1812,632446713696,632452906080,6192384,3893216
1813,632452920656,632459872768,6952112,5698880
1814,632459887296,632466773904,6886608,5690384
1815,632466788384,632473186336,6397952,4993120
1816,632473203520,632481591008,8387488,4924640
1817,632481605792,632487747472,6141680,4881248
1818,632487762288,632494404064,6641776,4671952
1819,632494419216,632499792112,5372896,4932800
1820,632499844736,632506832592,6987856,6377008
1821,632506938944,632511841600,4902656,5632512
1822,632511857712,632518175296,6317584,4901392
1823,632518189616,632526396464,8206848,4163328
1824,632526412432,632531757216,5344784,7139440
1825,632531771248,632539026704,7255456,5374432
1826,632539047760,632543919920,4872160,4444512
1827,632543934176,632550618800,6684624,5697104
1828,632550633040,632557309184,6676144,5315392
1829,632557326608,632563302304,5975696,5235392
1830,632563365280,632569226944,5861664,5757984
1831,632569241296,632575108192,5866896,5017680
1832,632575149696,632580780144,5630448,5825568
1833,632580794736,632586712944,5918208,4456400
1834,632586727152,632594089952,7362800,5676848
1835,632594105440,632600722464,6617024,6388688
1836,632600759360,632606623856,5864496,6464816
1837,632606641504,632611787184,5145680,4845408
1838,632611839552,632619926624,8087072,5877776
1839,632619942736,632626301056,6358320,4300624
1840,632626315888,632631745568,5429680,4887232
1841,632631759856,632638442672,6682816,6901632
1842,632638457584,632644758064,6300480,5211408
1843,632644772336,632650993456,6221120,5861520
1844,632651025888,632657751440,6725552,6150480
1845,632657766544,632663769120,6002576,7519280
1846,632663784160,632670594688,6810528,4161776
1847,632670617856,632676051088,5433232,6308400
1848,632676694176,632682727936,6033760,5665456
1849,632682742464,632690116624,7374160,5190320
1850,632690130880,632697581440,7450560,5578672
1851,632697603888,632703426848,5822960,4162368
1852,632703441056,632710304624,6863568,5365392
1853,632710371552,632715605248,5233696,5154016
1854,632715619392,632721492480,5873088,4890224
1855,632721506352,632729394112,7887760,4633728
1856,632729408560,632735605520,6196960,4933632
1857,632735620048,632742467040,6846992,5586528
1858,632742481472,632749617520,7136048,7136272
1859,632749632096,632758136800,8504704,6699792
1860,632758151408,632763298576,5147168,5192592
1861,632763378640,632770606976,7228336,4231888
1862,632770629488,632777272432,6642944,5364800
1863,632777286432,632783462752,6176320,4520352
1864,632783477264,632790041424,6564160,4134032
1865,632790055632,632795203792,5148160,6189040
1866,632795217600,632801569184,6351584,5147248
1867,632801587472,632807723200,6135728,7196448
1868,632807737840,632813613424,5875584,6347072
1869,632813627888,632819247152,5619264,7246352
1870,632819261328,632825180784,5919456,5040080
1871,632825194736,632831767312,6572576,5173184
1872,632831781584,632839903584,8122000,5124688
1873,632839952800,632847603376,7650576,5168560
1874,632847618912,632853795968,6177056,4897680
1875,632853820400,632859027856,5207456,5089872
1876,632859042240,632865392656,6350416,4778464
1877,632865406640,632870913008,5506368,5168848
1878,632870927328,632876047040,5119712,5064448
1879,632876061184,632883236080,7174896,4991344
1880,632883250608,632889383328,6132720,5191680
1881,632889398144,632897579776,8181632,4942768
1882,632897625056,632904926848,7301792,4664192
1883,632904975440,632913173200,8197760,5154304
1884,632913187424,632919213280,6025856,5242720
1885,632919227744,632925386464,6158720,5804240
1886,632925401040,632931511152,6110112,6978320
1887,632931588624,632937679712,6091088,4361008
1888,632937694192,632943577392,5883200,4420272
1889,632943592976,632949667264,6074288,5161040
1890,632949681680,632955445728,5764048,5867024
1891,632955460192,632961614576,6154384,4003536
1892,632961628576,632967679024,6050448,4664480
1893,632967719408,632973670368,5950960,5119440
1894,632973684240,632979862048,6177808,6143360
1895,632979876144,632985804816,5928672,5791040
1896,632985946640,632991469008,5522368,5067088
1897,632991499200,632997623312,6124112,5421456
1898,632997638000,633003866032,6228032,4885600
1899,633003880736,633010670272,6789536,5113120
1900,633010684400,633018648592,7964192,5021680
1901,633018662912,633024009600,5346688,5546560
1902,633024023792,633029429872,5406080,5952512
1903,633029451552,633035590912,6139360,4724864
1904,633035607968,633042457936,6849968,5220800
1905,633042472368,633047461472,4989104,5497904
1906,633047475248,633053125952,5650704,5120208
1907,633053139824,633059245392,6105568,5089152
1908,633059260288,633066388752,7128464,5565728
1909,633066403376,633073179792,6776416,5817040
1910,633073194064,633079246880,6052816,5403040
1911,633079261264,633085668336,6407072,4977632
1912,633085683936,633091553936,5870000,4945296
1913,633091615056,633097667056,6052000,5701824
1914,633097681728,633103688736,6007008,5991984
1915,633103703472,633110235296,6531824,5198304
1916,633110251008,633117187808,6936800,5208528
1917,633117202784,633122912672,5709888,6122912
1918,633122926848,633129133472,6206624,5901280
1919,633129148224,633135631376,6483152,4638352
1920,633135646288,633141751584,6105296,4872896
1921,633141766016,633147840736,6074720,5898624
1922,633147856048,633154406464,6550416,4757808
1923,633154421488,633161223504,6802016,5629040
1924,633161238256,633167626544,6388288,4212464
1925,633167641264,633173604176,5962912,5432992
1926,633173619040,633179549472,5930432,3996960
1927,633179565808,633186251296,6685488,4779520
1928,633186266704,633193243280,6976576,5512336
1929,633193258432,633199441584,6183152,4736944
1930,633199456000,633205650112,6194112,4869664
1931,633205665904,633212773024,7107120,4881552
1932,633212787920,633219674304,6886384,5500912
1933,633219688496,633225312656,5624160,5179168
1934,633225378672,633231185552,5806880,5185136
1935,633231199984,633238084176,6884192,6207296
1936,633238098800,633243841984,5743184,5126640
1937,633243924704,633250471024,6546320,7180672
1938,633250489344,633255683488,5194144,4848480
1939,633255699088,633262116480,6417392,5161968
1940,633262130384,633267113440,4983056,4942256
1941,633267127968,633272892960,5764992,4995440
1942,633272906752,633279405296,6498544,6710000
1943,633279419904,633285142240,5722336,4911728
1944,633285156192,633291011904,5855712,5086320
1945,633291026144,633296893456,5867312,5118768
1946,633296907472,633303394368,6486896,4084512
1947,633303408816,633309573536,6164720,5730672
1948,633309589088,633315758672,6169584,5409904
1949,633315773184,633322965968,7192784,5321264
1950,633322979952,633329092608,6112656,5083264
1951,633329107040,633337273280,8166240,4539216
1952,633337288032,633343121760,5833728,5301984
1953,633343135984,633349283728,6147744,4880672
1954,633349297888,633355225984,5928096,5103632
1955,633355239984,633361221424,5981440,4991904
1956,633361235376,633368931424,7696048,4759072
1957,633368946688,633374843152,5896464,4425760
1958,633374883312,633380929472,6046160,4307216
1959,633380944368,633387048240,6103872,5608800
1960,633387063040,633392132752,5069712,4147872
1961,633392148544,633398863424,6714880,5916752
1962,633398877616,633405273328,6395712,4361488
1963,633405287680,633411594592,6306912,5548864
1964,633411609104,633417677856,6068752,4295744
1965,633417692352,633423217072,5524720,5423536
1966,633423230832,633429519056,6288224,6205360
1967,633429575824,633435399728,5823904,5578960
1968,633435413504,633441503360,6089856,5989200
1969,633441517296,633447495264,5977968,5407520
1970,633447509248,633453254336,5745088,5177360
1971,633453268064,633458680096,5412032,8331984
1972,633458696224,633463987312,5291088,6827856
1973,633464001216,633470596112,6594896,8137664
1974,633470610656,633475743984,5133328,8015664
1975,633475760704,633482660736,6900032,4113152
1976,633482675488,633488022224,5346736,6343616
1977,633488110176,633494571088,6460912,5565056
1978,633494586896,633499866832,5279936,7024144
1979,633499940000,633506290368,6350368,5239808
1980,633506305536,633513495728,7190192,6637280
1981,633513510336,633520074688,6564352,4927184
1982,633520096912,633527063888,6966976,6052496
1983,633527078832,633533471408,6392576,5963984
1984,633533485760,633545686976,12201216,0
1985,633545702448,633551864336,6161888,0
1986,633551879632,633561196320,9316688,0
1987,633561212352,633569024176,7811824,0
1988,633569076864,633579994656,10917792,0
1989,633580011824,633589132320,9120496,0
1990,633589147824,633598147984,9000160,0
1991,633598163808,633603261136,5097328,0
1992,633603275248,633610604752,7329504,0
1993,633610651376,633617169808,6518432,0
1994,633617183472,633625193952,8010480,0
1995,633625208144,633631433760,6225616,0
1996,633631471728,633639071040,7599312,0
1997,633639085072,633644998224,5913152,0
1998,633645013104,633652050720,7037616,0
1999,633652064592,633659014704,6950112,0
===CSV_END===
===================================================
===VMSTAT_START===
procs -----------memory---------- ---swap-- -----io---- -system-- ------cpu-----
 r  b   swpd   free   buff  cache   si   so    bi    bo   in   cs us sy id wa st
17  0      0  93832  16400  37628    0    0    21    66  399  410 54 42  4  0  0
17  0      0  93712  16400  37632    0    0     0     0 1146  869 37 63  0  0  0
16  0      0  93712  16400  37632    0    0     0     0 1157  942 35 65  0  0  0
16  0      0  93712  16400  37632    0    0     0     0 1084  796 41 59  0  0  0
16  0      0  93712  16400  37632    0    0     0     0 1128  862 37 63  0  0  0
18  0      0  93712  16400  37632    0    0     0     0 1126  885 35 65  0  0  0
16  0      0  93712  16400  37632    0    0     0     0 1175  898 34 66  0  0  0
===VMSTAT_END===
