========================================
net_sender_li (pinger) — Scenario 3 reversed
EB corbos Linux Network Determinism
Metric: Round-Trip Latency (RTL)
========================================
Target:       10.0.1.1:5000
Probes:       2000
Protocol:     UDP
Period:       1 ms
Msg size:     64 B
Flood rate:   0 Mbps
Echo timeout: 10 ms

net_sender_li: SCHED_FIFO OK (priority 90)
Sending HELLO to 10.0.1.1:5000 (protocol=UDP)...
HELLO_ACK received — protocol=UDP
Starting ping-echo loop (2000 probes at 1 ms period)...


========== NET SENDER_LI (PINGER) RESULTS ==========
Probes sent:        2000
Echoes received:     747
Lost (no echo):     1255 (62.750%)
Elapsed:           9.774 s
RTL (us):
  Mean: 6540.796    Std dev: 837.642
  Min:  4840.176    Max:     12207.088
  P50:  6368.416    P95:     8090.416
  P99:  9192.688    P99.9:   12207.088
IAJ (us):
  Mean: 5553.015    Std dev: 802.987
  Min:  3854.576    Max:     8885.232
  P50:  5388.912    P95:     7079.920
  P99:  8096.944    P99.9:   8885.232
===CSV_START===
index,send_time_ns,recv_time_ns,rtl_ns,iaj_ns
0,806637692768,806643835008,6142240,6383552
1,806644729888,806651218560,6488672,5980880
2,806651396752,806658199440,6802688,4485488
3,806658213472,806663684928,5471456,5944912
4,806663698240,806670629840,6931600,5606624
5,806670643568,806677236464,6592896,4998480
6,806677249744,806683234944,5985200,7243632
7,806683248080,806691478576,8230496,7410272
8,806691492160,806699888848,8396688,5941360
9,806699902864,806706830208,6927344,5420896
10,806706852448,806713251104,6398656,4776800
11,806713264720,806719027904,5763184,5250784
12,806719041024,806725278688,6237664,4977888
13,806725354064,806731256576,5902512,5388912
14,806731269984,806737645488,6375504,5355696
15,806737658240,806744001184,6342944,5628272
16,806744014112,806750629456,6615344,5571568
17,806750643008,806757201024,6558016,5445808
18,806757214208,806763646832,6432624,6798112
19,806763660032,806771444944,7784912,5303280
20,806771459456,806777748224,6288768,6256176
21,806777761600,806785004400,7242800,5508336
22,806785017776,806791512736,6494960,5914848
23,806791565872,806798427584,6861712,4414112
24,806798449200,806803841696,5392496,6375760
25,806803856352,806811217456,7361104,5238112
26,806811230592,806817455568,6224976,4437040
27,806817468384,806822892608,5424224,4998992
28,806822905456,806828891600,5986144,5313520
29,806828905408,806835205120,6299712,5379504
30,806835218576,806841584624,6366048,5119984
31,806841597872,806847704608,6106736,6016064
32,806847717664,806854720672,7003008,5123680
33,806854733856,806860844352,6110496,5170368
34,806860857200,806867014720,6157520,5257248
35,806867027712,806873271968,6244256,4599200
36,806873285104,806878871168,5586064,5014752
37,806878884752,806884885920,6001168,4993632
38,806884900816,806890879552,5978736,5183504
39,806890892736,806897063056,6170320,5134720
40,806897084448,806903197776,6113328,5246944
41,806903211264,806909444720,6233456,4916704
42,806909457856,806915361424,5903568,5036240
43,806915374304,806921397664,6023360,6324512
44,806921410800,806928722176,7311376,4446240
45,806928735840,806934168416,5432576,4538304
46,806934181024,806939706720,5525696,5716368
47,806939719664,806946423088,6703424,6446160
48,806946436224,806953869248,7433024,4784784
49,806953882576,806959654032,5771456,7032528
50,806959667168,806967686560,8019392,5540144
51,806967699440,806974226704,6527264,5437632
52,806974239776,806980664336,6424560,6188400
53,806980677696,806987852736,7175040,8837648
54,806987865664,806997690384,9824720,6005808
55,806997705040,807004696192,6991152,4749584
56,807004709088,807010445776,5736688,6614496
57,807010459600,807018060272,7600672,4590400
58,807018073856,807023650672,5576816,5516672
59,807023663584,807030167344,6503760,5660480
60,807030180624,807036827824,6647200,4872496
61,807036841520,807042700320,5858800,6295952
62,807042740192,807049996272,7256080,4244608
63,807050009616,807055240880,5231264,6912080
64,807055254288,807063152960,7898672,6220752
65,807063165776,807070373712,7207936,4475968
66,807070393888,807075849680,5455792,6594480
67,807075862976,807083444160,7581184,5778512
68,807083457824,807090222672,6764848,5456976
69,807090237328,807096679648,6442320,4482176
70,807096692768,807102161824,5469056,6007632
71,807102174480,807109169456,6994976,5303360
72,807109182736,807115472816,6290080,5685328
73,807115485456,807122158144,6672688,4544304
74,807122170784,807127702448,5531664,5377808
75,807127715120,807134080256,6365136,4529408
76,807134095856,807139609664,5513808,5462352
77,807139631472,807146072016,6440544,4490304
78,807146084704,807151562320,5477616,5532704
79,807151576464,807158095024,6518560,4528000
80,807158108240,807163623024,5514784,8412080
81,807163635904,807173035104,9399200,7143952
82,807173047840,807181179056,8131216,5418720
83,807181199776,807187597776,6398000,5060848
84,807187617632,807193658624,6040992,6188384
85,807193671760,807200847008,7175248,5623888
86,807200860176,807207470896,6610720,6187952
87,807207483680,807214658848,7175168,6082464
88,807214671712,807221741312,7069600,4734000
89,807221754592,807227475312,5720720,4900912
90,807227488000,807233376224,5888224,5270928
91,807233388864,807239647152,6258288,5081456
92,807239662736,807245728608,6065872,6880112
93,807245741888,807253608720,7866832,5116928
94,807253622032,807259725648,6103616,5869008
95,807259738400,807266594656,6856256,5498496
96,807266609152,807273093152,6484000,5890832
97,807273106160,807279983984,6877824,5663264
98,807279997488,807286647248,6649760,4907408
99,807286660320,807292554656,5894336,4833008
100,807292570656,807298387664,5817008,6022368
101,807298400720,807305410032,7009312,5357712
102,807305422528,807311767744,6345216,5484768
103,807311827776,807318252512,6424736,6224128
104,807318265520,807325476640,7211120,6998464
105,807325490016,807333475104,7985088,5009856
106,807333488208,807339484960,5996752,5709696
107,807339498032,807346194656,6696624,4282032
108,807346207936,807351476688,5268752,6656016
109,807351489872,807359132704,7642832,5596608
110,807359146864,807365729312,6582448,5970176
111,807365742976,807372699488,6956512,5379440
112,807372715824,807379078928,6363104,5057776
113,807379091648,807385136704,6045056,5414224
114,807385151664,807391550928,6399264,5593008
115,807391570800,807398143936,6573136,5489616
116,807398156688,807404633552,6476864,4998384
117,807404648672,807410631936,5983264,5499696
118,807410652496,807417131632,6479136,7538336
119,807417145008,807425669968,8524960,7225936
120,807425684560,807433895904,8211344,5918816
121,807433989248,807440814720,6825472,8885232
122,807440849024,807450699952,9850928,5853680
123,807450715472,807457553632,6838160,7475488
124,807457576416,807466029120,8452704,4229104
125,807466043008,807471258224,5215216,6331136
126,807471271600,807478589360,7317760,6612352
127,807478604880,807486201712,7596832,4615760
128,807486219312,807491817472,5598160,5769552
129,807491832208,807498587024,6754816,5306480
130,807498599824,807504893504,6293680,5382640
131,807504906304,807511276144,6369840,5419424
132,807511363328,807517695568,6332240,6478896
133,807517710320,807525174464,7464144,6685968
134,807525188944,807532860432,7671488,5309136
135,807532875056,807539169568,6294512,5280608
136,807539188864,807545450176,6261312,6203040
137,807545463024,807552653216,7190192,7781520
138,807552665744,807561434736,8768992,5016064
139,807561447856,807567450800,6002944,5396096
140,807567464016,807573846896,6382880,4364224
141,807573861648,807579211120,5349472,5418944
142,807579223824,807585630064,6406240,4564080
143,807585642752,807591194144,5551392,5209968
144,807591206976,807597404112,6197136,5011360
145,807597416816,807603415472,5998656,4991088
146,807603428384,807609406560,5978176,5277088
147,807609419520,807615683648,6264128,5518400
148,807615696256,807622202048,6505792,5454624
149,807622215424,807628656672,6441248,5402880
150,807628676864,807635059552,6382688,5143072
151,807635072400,807641202624,6130224,5381840
152,807641215920,807647584464,6368544,4834912
153,807647599472,807653419376,5819904,5414688
154,807653433184,807659834064,6400880,5649424
155,807659846816,807666483488,6636672,5633856
156,807666496080,807673117344,6621264,4726032
157,807673130224,807678843376,5713152,5206656
158,807678856464,807685050032,6193568,5348160
159,807685062688,807691398192,6335504,5991152
160,807691411008,807698389344,6978336,4279984
161,807698402928,807703669328,5266400,6436144
162,807703682384,807711105472,7423088,5164784
163,807711118688,807717270256,6151568,4791360
164,807717283600,807723061616,5778016,4972176
165,807723074896,807729033792,5958896,5446368
166,807729046704,807735480160,6433456,4989968
167,807735493104,807741470128,5977024,5388672
168,807741483424,807747858800,6375376,6216976
169,807747871760,807755075776,7204016,5355472
170,807755096528,807761431248,6334720,5569792
171,807761445888,807768001040,6555152,8098704
172,807768013936,807777099744,9085808,5161264
173,807777112864,807783261008,6148144,5723248
174,807783274544,807789984256,6709712,5788704
175,807789997456,807796772960,6775504,4845408
176,807796823376,807802618368,5794992,6833952
177,807802631296,807810452320,7821024,5185232
178,807810466320,807816637552,6171232,4794768
179,807816654192,807822432320,5778128,5677536
180,807822445504,807829109856,6664352,6721760
181,807829122720,807836831616,7708896,6715408
182,807836845632,807844547024,7701392,4831488
183,807844584672,807850378512,5793840,4252128
184,807850392064,807855630640,5238576,5648944
185,807855643600,807862279584,6635984,4735856
186,807862354944,807868015440,5660496,6591024
187,807868028608,807875606464,7577856,5004080
188,807875620112,807881610544,5990432,5092544
189,807881623872,807887703088,6079216,5930672
190,807887722608,807894633760,6911152,4060624
191,807894646496,807899694384,5047888,7303504
192,807899706992,807907997888,8290896,6017088
193,807908011888,807915014976,7003088,5210496
194,807915028304,807921225472,6197168,6681632
195,807921238720,807928907104,7668384,5694816
196,807928986640,807935601920,6615280,5307488
197,807935614960,807941909408,6294448,5985504
198,807942005744,807948894912,6889168,5506816
199,807948975984,807955401728,6425744,4846016
200,807955415040,807961247744,5832704,7366848
201,807961260528,807969614592,8354064,5009936
202,807969627584,807975624528,5996944,5094080
203,807975637808,807981718608,6080800,5159648
204,807981731840,807987878256,6146416,6201872
205,807987891184,807995080128,7188944,4920320
206,807995094224,808001000448,5906224,5266576
207,808001014752,808007267024,6252272,5329920
208,808007281056,808013596944,6315888,5012352
209,808013625744,808019609296,5983552,5471504
210,808019623696,808026080800,6457104,5946960
211,808026095104,808033027760,6932656,4835808
212,808033042336,808038863568,5821232,4043600
213,808038877776,808043907168,5029392,5749840
214,808044002128,808050657008,6654880,5025856
215,808050671248,808056682864,6011616,5338176
216,808056696592,808063021040,6324448,5342544
217,808063035472,808069363584,6328112,7828416
218,808069467120,808078192000,8724880,4064432
219,808078206160,808083256432,5050272,5955824
220,808083270384,808090212256,6941872,4431136
221,808090226624,808095643392,5416768,6717760
222,808095657776,808103361152,7703376,4881808
223,808103383760,808109242960,5859200,5391328
224,808109257568,808115634288,6376720,5099008
225,808115648160,808121733296,6085136,5089312
226,808121747424,808127822608,6075184,7046496
227,808127838656,808135869104,8030448,5382368
228,808135883056,808142251472,6368416,4191120
229,808142265456,808147442592,5177136,4950496
230,808147456512,808153393088,5936576,4217344
231,808153414912,808158610432,5195520,5480832
232,808158632240,808165091264,6459024,5147296
233,808165105248,808171238560,6133312,5830544
234,808171252576,808178069104,6816528,4792272
235,808178083184,808183861376,5778192,6012528
236,808183875200,808190873904,6998704,5015840
237,808190888400,808196889744,6001344,7750864
238,808196904112,808205640608,8736496,5125152
239,808205654704,808211765760,6111056,5687488
240,808211826736,808218453248,6626512,5890304
241,808218468624,808225343552,6874928,5231392
242,808225359696,808231574944,6215248,6825744
243,808231646848,808239400688,7753840,4844528
244,808239422608,808245245216,5822608,5034240
245,808245267008,808251279456,6012448,5194656
246,808251350192,808257474112,6123920,5273024
247,808257487920,808263747136,6259216,5904720
248,808263761520,808270651856,6890336,4387616
249,808270666112,808276039472,5373360,6071840
250,808276064912,808283111312,7046400,6544304
251,808283125904,808290655616,7529712,5472784
252,808290677040,808297128400,6451360,5649136
253,808297143232,808303777536,6634304,5702720
254,808303929232,808310480256,6551024,6189536
255,808310494208,808317669792,7175584,5191840
256,808317690816,808323861632,6170816,6235104
257,808323876352,808331096736,7220384,5081408
258,808331111568,808337178144,6066576,5045552
259,808337192528,808343223696,6031168,6613728
260,808343238368,808350837424,7599056,5410080
261,808350852624,808357247504,6394880,7409248
262,808357262176,808365656752,8394576,8206800
263,808365670864,808374863552,9192688,6323216
264,808374879680,808382186768,7307088,4568320
265,808382201152,808387755088,5553936,6343248
266,808387824352,808395098336,7273984,5587312
267,808395112336,808401685648,6573312,6519616
268,808401699824,808409205264,7505440,5424112
269,808409220288,808415629376,6409088,6520592
270,808415651104,808423149968,7498864,5038912
271,808423164224,808429188880,6024656,4868336
272,808429203344,808435057216,5853872,5696112
273,808435071232,808441753328,6682096,5122976
274,808441768096,808447876304,6108208,5696656
275,808447890880,808454572960,6682080,5580688
276,808454595792,808461153648,6557856,5608144
277,808461168176,808467761792,6593616,5640752
278,808467828544,808474402544,6574000,5615168
279,808474416640,808481017712,6601072,4961280
280,808481031488,808486978992,5947504,5249616
281,808486993456,808493228608,6235152,5436160
282,808493243072,808499664768,6421696,6030864
283,808499678992,808506695632,7016640,6383392
284,808506709968,808514079024,7369056,4771216
285,808514093392,808519850240,5756848,5980672
286,808519864864,808526830912,6966048,5441168
287,808526846624,808533272080,6425456,5096688
288,808533335840,808539368768,6032928,6865040
289,808539391808,808547233808,7842000,5354256
290,808547256208,808553588064,6331856,4644384
291,808553602208,808559232448,5630240,5255232
292,808559246480,808565487680,6241200,5353136
293,808565589792,808571840816,6251024,5399632
294,808571854864,808578240448,6385584,3854576
295,808578254848,808583095024,4840176,7773360
296,808583109296,808591868384,8759088,6185984
297,808591882464,808599054368,7171904,6327760
298,808599068784,808606382128,7313344,4477776
299,808606396640,808611859904,5463264,5220128
300,808611873776,808618080032,6206256,4754192
301,808618094336,808623834224,5739888,6353504
302,808623862192,808631187728,7325536,4862032
303,808631201824,808637049760,5847936,5406128
304,808637063776,808643455888,6392112,5237936
305,808643470272,808649693824,6223552,4961776
306,808649707952,808655655600,5947648,5454528
307,808655670128,808662110128,6440000,5665056
308,808662124752,808668775184,6650432,5321712
309,808668847872,808675096896,6249024,6592512
310,808675111232,808682689408,7578176,5695648
311,808682704112,808689385056,6680944,4873184
312,808689399232,808695258240,5859008,4921328
313,808695272192,808701179568,5907376,4659168
314,808701193248,808706838736,5645488,4176848
315,808706855232,808712015584,5160352,5378960
316,808712029648,808718394544,6364896,5322608
317,808718408960,808724717152,6308192,5186992
318,808724731648,808730904144,6172496,6219728
319,808730986528,808738123872,7137344,5719504
320,808738138064,808744843376,6705312,5991360
321,808744857792,808751834736,6976944,5202560
322,808751850208,808758037296,6187088,4788960
323,808758051312,808763826256,5774944,6003264
324,808763840656,808770829520,6988864,5730224
325,808770852192,808777559744,6707552,5081600
326,808777582288,808783641344,6059056,4971232
327,808783655712,808789612576,5956864,6168272
328,808789629280,808796780848,7151568,5235344
329,808796821856,808803016192,6194336,5631296
330,808803030720,808809647488,6616768,4808880
331,808809661888,808815456368,5794480,4767984
332,808815470736,808821224352,5753616,4197840
333,808821238336,808826422192,5183856,4611568
334,808826436128,808832033760,5597632,6239152
335,808832874288,808839272912,6398624,5380288
336,808839340096,808845653200,6313104,5019504
337,808845667696,808851672704,6005008,5562352
338,808851695504,808858235056,6539552,4799936
339,808858249968,808864034992,5785024,5413168
340,808864049680,808870448160,6398480,4201296
341,808870463120,808875649456,5186336,5034112
342,808875663968,808881683568,6019600,4995568
343,808881698080,808887679136,5981056,5289760
344,808887693712,808893968896,6275184,7142000
345,808893983200,808902110896,8127696,4749952
346,808902125008,808907860848,5735840,8050128
347,808907874928,808916910976,9036048,5144240
348,808916990512,808923055216,6064704,4905536
349,808923069456,808928960752,5891296,5637200
350,808928975072,808935597952,6622880,4807696
351,808935612480,808941405648,5793168,6589984
352,808941421184,808948995632,7574448,5133120
353,808949009728,808955128752,6119024,5246800
354,808955143296,808961375552,6232256,5509536
355,808961390272,808967885088,6494816,6107920
356,808967899872,808974993008,7093136,5542576
357,808975007920,808981535584,6527664,6542384
358,808981559184,808989077968,7518784,5129840
359,808989093648,808995207808,6114160,5380448
360,808995221792,809001588256,6366464,5058912
361,809001604912,809007647168,6042256,5730240
362,809007661392,809014377408,6716016,4293792
363,809014391408,809019671200,5279792,4955200
364,809019706096,809025626400,5920304,5036560
365,809025640432,809031662960,6022528,4933936
366,809031677552,809037596896,5919344,5247360
367,809037611104,809043844256,6233152,5352656
368,809043858144,809050196912,6338768,5660304
369,809050210704,809056857216,6646512,5988336
370,809056871584,809063845552,6973968,5578608
371,809063859472,809070424160,6564688,4177680
372,809070438240,809075601840,5163600,5450896
373,809075616160,809082052736,6436576,6292704
374,809082067152,809089345440,7278288,5353808
375,809089378880,809095699248,6320368,5821920
376,809095713904,809102521168,6807264,4335760
377,809102610592,809107856928,5246336,6859888
378,809107873520,809115716816,7843296,5892976
379,809115731216,809122609792,6878576,5563936
380,809122624016,809129173728,6549712,5539360
381,809129188480,809135713088,6524608,6363536
382,809135728736,809143076624,7347888,5201232
383,809143090512,809149277856,6187344,4926384
384,809149370240,809155204240,5834000,7079920
385,809155218208,809163284160,8065952,5615776
386,809163360976,809169899936,6538960,4713648
387,809169982384,809175613584,5631200,4823200
388,809175627888,809181436784,5808896,4937344
389,809181450400,809187374128,5923728,6535488
390,809187389728,809194909616,7519888,4073392
391,809195009120,809199983008,4973888,5250944
392,809199997296,809206233952,6236656,4802608
393,809206248144,809212036560,5788416,6099088
394,809212686352,809219135648,6449296,5598544
395,809219169776,809225734192,6564416,6506496
396,809225754416,809233240688,7486272,5302304
397,809233255200,809239542992,6287792,5145536
398,809239558896,809245688528,6129632,4685744
399,809245704000,809251374272,5670272,5288688
400,809251389456,809257662960,6273504,6047392
401,809257676992,809264710352,7033360,4741632
402,809264724864,809270451984,5727120,4556464
403,809270466000,809276008448,5542448,5269248
404,809276022720,809282277696,6254976,4117088
405,809282342560,809287394784,5052224,4952624
406,809287408816,809293347408,5938592,7131712
407,809293363136,809301479120,8115984,6510896
408,809301494816,809308990016,7495200,7470848
409,809309011376,809317460864,8449488,5142000
410,809317475008,809323602864,6127856,6479968
411,809323617648,809331082832,7465184,5128256
412,809331097216,809337211088,6113872,6553904
413,809337225488,809344764992,7539504,5512720
414,809344779328,809351277712,6498384,5134304
415,809351352992,809357412016,6059024,5236096
416,809357426416,809363648112,6221696,5935456
417,809363662288,809370583568,6921280,5287824
418,809370598432,809376871392,6272960,5602304
419,809376885344,809383473696,6588352,5594928
420,809383488096,809390068624,6580528,5953120
421,809390083088,809397021744,6938656,5867424
422,809397037056,809403889168,6852112,5762256
423,809403903648,809410651424,6747776,5725776
424,809410665456,809417377200,6711744,5060560
425,809417392016,809423437760,6045744,5059888
426,809423452144,809429497648,6045504,5267040
427,809429564512,809435764688,6200176,8096944
428,809435815792,809444861632,9045840,5368016
429,809444884368,809451229648,6345280,6372608
430,809451245104,809458602256,7357152,6575728
431,809458616816,809466177984,7561168,8387088
432,809466193152,809475565072,9371920,5805152
433,809475587952,809482370224,6782272,6003920
434,809482385568,809489374144,6988576,6837856
435,809489389328,809497212000,7822672,7183728
436,809497227584,809509434672,12207088,4820528
437,809509518864,809517618400,8099536,5011840
438,809517632864,809523438928,5806064,5566272
439,809523453392,809529450768,5997376,6602784
440,809529465312,809536017040,6551728,5290336
441,809536031600,809543619824,7588224,7659056
442,809543641680,809549910160,6268480,6677856
443,809550002240,809558569216,8566976,5636592
444,809558585632,809566247072,7661440,7571632
445,809566262096,809572883664,6621568,6409920
446,809572897648,809581455296,8557648,5823872
447,809581469744,809588865216,7395472,7821248
448,809588879072,809595689088,6810016,6175760
449,809595703344,809605884432,10181088,4663648
450,809605912304,809614705680,8793376,4717872
451,809614719856,809621881440,7161584,4714800
452,809621895344,809627545088,5649744,6646048
453,809627560512,809633262960,5702448,4256944
454,809633276976,809638977760,5700784,5129808
455,809638993664,809646623808,7630144,6062896
456,809646638192,809651880752,5242560,5510992
457,809651894640,809658010560,6115920,5798880
458,809658024592,809665073456,7048864,5396912
459,809665087520,809671584448,6496928,5310576
460,809671607216,809678383328,6776112,5126288
461,809678399648,809684780240,6380592,7212384
462,809684839120,809691090816,6251696,7052272
463,809691105568,809697217104,6111536,4994352
464,809697231120,809705429488,8198368,5778448
465,809705443760,809713481760,8038000,6351840
466,809713565968,809719476112,5910144,6845856
467,809719490832,809726254560,6763728,6430112
468,809726268784,809733606400,7337616,5490912
469,809733620352,809741452256,7831904,5315088
470,809741466976,809748882368,7415392,5316208
471,809748896480,809755373280,6476800,5843440
472,809755388064,809761688368,6300304,5782528
473,809761702400,809768004576,6302176,5238832
474,809768018512,809774848016,6829504,6806848
475,809774935952,809781630544,6694592,7100768
476,809781644960,809787869376,6224416,6710624
477,809787883552,809795676224,7792672,5394208
478,809795690224,809803776992,8086768,6713552
479,809803838544,809811487616,7649072,7136192
480,809811546544,809817881824,6335280,4651792
481,809817896624,809825595376,7698752,5051552
482,809825611344,809833731568,8120224,5442768
483,809833746160,809839383360,5637200,5512752
484,809839399632,809845434912,6035280,4495760
485,809845449200,809851877680,6428480,5163344
486,809851892016,809858390432,6498416,5680464
487,809858404416,809863886192,5481776,7506208
488,809863900272,809870049536,6149264,5243664
489,809870063584,809876730000,6666416,6613600
490,809876743968,809885236208,8492240,6356992
491,809885251216,809891479872,6228656,4255952
492,809891494016,809899093472,7599456,4922160
493,809899108240,809906450464,7342224,4954608
494,809906465200,809911706416,5241216,4991104
495,809911720672,809917628576,5907904,6696336
496,809917649728,809923583184,5933456,5106304
497,809923597616,809929574288,5976672,5803184
498,809929591104,809937270624,7679520,5580592
499,809937339312,809943376928,6037616,5721984
500,809943392592,809950180112,6787520,4983232
501,809950194736,809956760704,6565968,4795744
502,809956774832,809963482688,6707856,5172704
503,809963548304,809969465920,5917616,5442080
504,809969480560,809975261664,5781104,6405568
505,809975275760,809981434368,6158608,4988624
506,809981448448,809987876448,6428000,4990864
507,809987890704,809995282016,7391312,5572544
508,809995357824,810001270640,5912816,4992096
509,810001299424,810007261504,5962080,4846672
510,810007276048,810013834048,6558000,6567232
511,810013848192,810019826144,5977952,4243792
512,810019844176,810025672816,5828640,5770096
513,810025687168,810033240048,7552880,4292624
514,810033254384,810038483840,5229456,5441216
515,810038542736,810045253936,6711200,4916240
516,810045268144,810050546560,5278416,5954832
517,810050563168,810056987776,6424608,4343152
518,810057017808,810062904016,5886208,5111392
519,810063001200,810069858848,6857648,5254848
520,810069873904,810075202000,5328096,6293264
521,810075216448,810081313392,6096944,5023968
522,810081392400,810087568240,6175840,5318320
523,810087583904,810094861504,7277600,4974880
524,810094876000,810100885472,6009472,6671968
525,810100899824,810107203792,6303968,5310656
526,810107217760,810113178672,5960912,5219440
527,810113192928,810120850640,7657712,4619488
528,810120864672,810127161296,6296624,5579280
529,810127176272,810133380736,6204464,4980208
530,810133395600,810139000224,5604624,5129280
531,810139014384,810145579504,6565120,5019232
532,810145594272,810151559712,5965440,4968960
533,810151575024,810157688992,6113968,6573008
534,810157703552,810163708224,6004672,5220176
535,810163722304,810169677184,5954880,4733856
536,810169691664,810177250192,7558528,4654256
537,810177264736,810183470368,6205632,4980320
538,810183484432,810189204224,5719792,4917392
539,810189218160,810194858480,5640320,5390816
540,810194872384,810200838800,5966416,5475936
541,810200854352,810206756192,5901840,6528896
542,810206770832,810213147008,6376176,5022432
543,810213168800,810219622944,6454144,6550352
544,810219637776,810227151840,7514064,5373696
545,810227166416,810233174272,6007856,5606448
546,810233188720,810240724624,7535904,6514064
547,810240740720,810247098320,6357600,5667008
548,810247112928,810253704768,6591840,7105648
549,810253719328,810261218832,7499504,5418176
550,810261233504,810267885840,6652336,4475872
551,810267901072,810275991488,8090416,5973184
552,810276006000,810282409664,6403664,5215536
553,810282423888,810287885536,5461648,5182992
554,810287899696,810294858720,6959024,6093968
555,810294873040,810301074256,6201216,4385152
556,810301088832,810307257248,6168416,6349968
557,810307271472,810314351216,7079744,4830224
558,810314373056,810319736368,5363312,4478928
559,810319750352,810327086336,7335984,6989248
560,810327100816,810332916560,5815744,5380176
561,810332998000,810338395488,5397488,5330000
562,810338410144,810346384736,7974592,5962416
563,810346399344,810352764912,6365568,4605760
564,810352778864,810359094912,6316048,6934288
565,810359109728,810366057328,6947600,5813664
566,810366071856,810371663088,5591232,6623344
567,810371676896,810379597376,7920480,4972320
568,810379630576,810386411040,6780464,5593856
569,810386425280,810394034384,7609104,5775824
570,810394048496,810400006704,5958208,5453792
571,810400023152,810406600560,6577408,4661728
572,810406614416,810413376384,6761968,4966720
573,810413390816,810419830176,6439360,6768448
574,810419851808,810425491904,5640096,5264608
575,810425549968,810431458624,5908656,5532192
576,810431472624,810439227072,7754448,6359408
577,810439243168,810445491680,6248512,6523856
578,810445587248,810452023872,6436624,5289616
579,810452038608,810459383280,7344672,5213152
580,810459405488,810466907136,7501648,5169648
581,810466994000,810473196752,6202752,5439824
582,810473211104,810479409904,6198800,6242208
583,810479432528,810485579552,6147024,5213184
584,810485593824,810492019376,6425552,6154768
585,810492034016,810499261584,7227568,5522384
586,810499275952,810505474768,6198816,5494704
587,810505489168,810512629536,7140368,6059984
588,810512652352,810519151920,6499568,5052128
589,810519166208,810525646624,6480416,5284704
590,810525661360,810532706608,7045248,5332032
591,810532722032,810538758736,6036704,5235376
592,810538773504,810545043440,6269936,5208896
593,810545057504,810551375472,6317968,5933984
594,810551389520,810557610848,6221328,5439376
595,810557626896,810563819744,6192848,5665360
596,810563841984,810570753728,6911744,5528656
597,810570775136,810577193104,6417968,6252720
598,810577207296,810583858464,6651168,4989072
599,810583874400,810590387120,6512720,5837184
600,810590401360,810597639840,7238480,4405376
601,810597657296,810603628912,5971616,5872928
602,810603643376,810610466096,6822720,5947232
603,810610480448,810615871472,5391024,5142048
604,810615885824,810622744400,6858576,6899776
605,810622758384,810629691632,6933248,6105728
606,810629706032,810635833680,6127648,6657072
607,810635848224,810643733456,7885232,4488544
608,810643747856,810650839184,7091328,5864048
609,810650853792,810658496256,7642464,5243088
610,810658582800,810663984800,5402000,5137104
611,810663999104,810670848848,6849744,6175936
612,810670863520,810677091936,6228416,5304848
613,810677107632,810683229040,6121408,5305584
614,810683243216,810690404976,7161760,5155808
615,810690419600,810696709824,6290224,5428432
616,810696724384,810703015408,6291024,5773056
617,810703029456,810709171216,6141760,4028832
618,810709185952,810715599648,6413696,5017472
619,810715622640,810722372704,6750064,5324688
620,810722388272,810727401536,5013264,5851696
621,810727415616,810733419008,6003392,5980128
622,810733432880,810739743696,6310816,6301824
623,810739758528,810746595392,6836864,5292592
624,810746629872,810753575520,6945648,6847040
625,810753592432,810760877344,7284912,5175008
626,810760891952,810767169936,6277984,5700848
627,810767184352,810775016976,7832624,5356128
628,810775031776,810781191984,6160208,4150608
629,810781206928,810787892832,6685904,6681248
630,810787907360,810794248960,6341600,5374432
631,810794263744,810799399568,5135824,5213088
632,810799413488,810807080816,7667328,5598768
633,810807095584,810813455248,6359664,4374752
634,810813469840,810819668336,6198496,5040432
635,810819682528,810826267104,6584576,5945008
636,810826281104,810831641856,5360752,5405824
637,810831656208,810837682288,6026080,5220304
638,810837696784,810844627296,6930512,4350336
639,810844643280,810851033120,6389840,5752384
640,810851047584,810857253424,6205840,6645952
641,810857267776,810862603760,5335984,5250464
642,810862618048,810869356144,6738096,4589712
643,810869373024,810877002096,7629072,5184448
644,810877017008,810883252560,6235552,5195776
645,810883266832,810888842272,5575440,5165200
646,810888856432,810895026720,6170288,6031424
647,810895040624,810901222496,6181872,4420880
648,810901237760,810907387696,6149936,5764672
649,810907401808,810914419120,7017312,5549392
650,810914433600,810919840000,5406400,4868752
651,810919853984,810926604672,6750688,5203792
652,810926619168,810933154064,6534896,4997056
653,810933168720,810939022816,5854096,5331584
654,810939036864,810945226608,6189744,6722848
655,810945240736,810951223664,5982928,5186480
656,810951238208,810957555248,6317040,5020480
657,810957569776,810965278096,7708320,4946576
658,810965339792,810971464576,6124784,5711072
659,810971506448,810977485056,5978608,7439296
660,810977512480,810983431632,5919152,5611776
661,810983447120,810990142704,6695584,4916800
662,810990157264,810998582000,8424736,4865296
663,810998596976,811005193776,6596800,5263744
664,811005208016,811011110576,5902560,4897360
665,811011124592,811016975872,5851280,4970688
666,811016989952,811023239616,6249664,6375040
667,811023254192,811029136976,5882784,5721568
668,811029150848,811035107664,5956816,6554624
669,811035122064,811042482704,7360640,5148160
670,811042497328,811049204272,6706944,4742032
671,811049218832,811056758896,7540064,4754416
672,811056773136,811062907056,6133920,5339248
673,811062985872,811068649088,5663216,5523792
674,811068671552,811074403504,5731952,4916368
675,811074418544,811080742752,6324208,4875424
676,811080756816,811087266544,6509728,5334784
677,811087281072,811093182912,5901840,7222576
678,811093196880,811099058336,5861456,5078928
679,811099072768,811105393120,6320352,6729616
680,811105409072,811113615696,8206624,5456720
681,811113630544,811119694624,6064080,4859696
682,811119711648,811127424240,7712592,6119280
683,811127438384,811133880960,6442576,5003520
684,811133934720,811139740656,5805936,7880736
685,811139754672,811146859936,7105264,5994768
686,811146874432,811152863456,5989024,6228912
687,811152877248,811161744192,8866944,5664192
688,811161758848,811168738960,6980112,4246144
689,811168753056,811175967872,7214816,5519280
690,811175983248,811182632064,6648816,5756560
691,811182647648,811187878208,5230560,4961296
692,811187892560,811194397488,6504928,6118448
693,811194411760,811201154048,6742288,5501648
694,811201168912,811207115344,5946432,4939936
695,811207130112,811214233792,7103680,4363040
696,811214249488,811220735440,6485952,6016960
697,811220760400,811226675376,5914976,5017440
698,811226698448,811232038416,5339968,4762032
699,811232570224,811239055376,6485152,5524288
700,811239069824,811245072816,6002992,5242192
701,811245087568,811250834848,5747280,6491168
702,811250849264,811257359136,6509872,5058928
703,811257373568,811263601328,6227760,5295840
704,811263615520,811271092496,7476976,5374992
705,811271107184,811277151424,6044240,6306112
706,811277165248,811283447264,6282016,5312240
707,811283461872,811289822256,6360384,5403856
708,811289838048,811297128368,7290320,5054304
709,811297143552,811303440608,6297056,6453280
710,811303482176,811309844464,6362288,5265872
711,811309859328,811315898768,6039440,4816112
712,811315913536,811323352048,7438512,5169808
713,811323374112,811329617920,6243808,5251808
714,811329631920,811335434032,5802112,6029584
715,811335448464,811341603840,6155376,4707968
716,811341620640,811347855648,6235008,5270512
717,811347870432,811354885232,7014800,5344384
718,811354951328,811360593200,5641872,5472592
719,811360607168,811366863712,6256544,6066096
720,811366878272,811373208096,6329824,4138544
721,811373222608,811379680688,6458080,5588672
722,811379695088,811386746784,7051696,4397040
723,811386771728,811391885328,5113600,6007984
724,811391899376,811398474000,6574624,5240400
725,811398488000,811403871040,5383040,6617392
726,811403885088,811410879024,6993936,4956016
727,811410893664,811417119424,6225760,4962224
728,811417133824,811424736816,7602992,4971776
729,811424751216,811430692832,5941616,5948048
730,811430706560,811436655056,5948496,4696832
731,811436669648,811442626832,5957184,5788832
732,811442642288,811449574880,6932592,5699088
733,811449591120,811455271712,5680592,5249664
734,811455340000,811462060544,6720544,5628400
735,811462074976,811468759632,6684656,4920928
736,811468774192,811475009296,6235104,5507344
737,811475023888,811481637696,6613808,4309920
738,811481652992,811487558624,5905632,5353232
739,811487573264,811494065968,6492704,4943648
740,811494080752,811499375888,5295136,8793168
741,811499390256,811505729120,6338864,6467936
742,811505743520,811511672768,5929248,5461056
743,811511686992,811521465936,9778944,5301024
744,811521482352,811528933872,7451520,0
745,811529073472,811535394928,6321456,0
746,811535409584,811541695952,6286368,0
===CSV_END===
===================================================
===VMSTAT_START===
procs -----------memory---------- ---swap-- -----io---- -system-- ------cpu-----
 r  b   swpd   free   buff  cache   si   so    bi    bo   in   cs us sy id wa st
16  0      0  93560  17288  37652    0    0    16    66  405  418 55 42  3  0  0
16  0      0  93380  17288  37656    0    0     0     0 1140  884 36 64  0  0  0
16  0      0  93380  17288  37656    0    0     0     0 1148  908 34 66  0  0  0
16  0      0  93380  17288  37656    0    0     0     0 1127  909 36 64  0  0  0
17  0      0  93380  17288  37656    0    0     0     0 1109  881 32 68  0  0  0
16  0      0  93380  17288  37656    0    0     0     0 1157  788 30 70  0  0  0
16  1      0  93380  17288  37656    0    0     0     0 1211  705 22 78  0  0  0
===VMSTAT_END===
