========================================
net_sender_li (pinger) — Scenario 3 reversed
EB corbos Linux Network Determinism
Metric: Round-Trip Latency (RTL)
========================================
Target:       10.0.1.1:5000
Probes:       2000
Protocol:     UDP
Period:       1 ms
Msg size:     64 B
Flood rate:   0 Mbps
Echo timeout: 10 ms

net_sender_li: SCHED_FIFO OK (priority 90)
Sending HELLO to 10.0.1.1:5000 (protocol=UDP)...
HELLO_ACK received — protocol=UDP
Starting ping-echo loop (2000 probes at 1 ms period)...


========== NET SENDER_LI (PINGER) RESULTS ==========
Probes sent:        2000
Echoes received:    2000
Lost (no echo):       21 (1.050%)
Elapsed:           11.674 s
RTL (us):
  Mean: 5802.647    Std dev: 1164.468
  Min:  3763.872    Max:     18626.224
  P50:  5631.936    P95:     7441.808
  P99:  10453.088    P99.9:   17655.648
IAJ (us):
  Mean: 4751.114    Std dev: 817.833
  Min:  2779.872    Max:     8949.296
  P50:  4658.016    P95:     6313.280
  P99:  7237.440    P99.9:   8603.904
===CSV_START===
index,send_time_ns,recv_time_ns,rtl_ns,iaj_ns
0,209940934464,209946209312,5274848,4585808
1,209946387184,209951795120,5407936,5423776
2,209951942368,209958218896,6276528,4055040
3,209958234864,209963273936,5039072,3578528
4,209963289152,209967852464,4563312,4848896
5,209967868112,209973701360,5833248,3971280
6,209973716976,209978672640,4955664,3942144
7,209978697936,209983614784,4916848,4317760
8,209983630080,209988932544,5302464,4584192
9,209989018368,209994516736,5498368,4010240
10,209994540576,209999526976,4986400,5333840
11,209999542944,210005860816,6317872,4996704
12,210005876080,210011857520,5981440,4952288
13,210011872672,210017809808,5937136,4256496
14,210017825392,210023066304,5240912,3456768
15,210023156768,210027523072,4366304,4641440
16,210027538496,210033164512,5626016,4203808
17,210033179472,210038368320,5188848,4447600
18,210038383744,210043815920,5432176,4699088
19,210043831344,210049515008,5683664,4354176
20,210049530192,210054869184,5338992,3440288
21,210054884640,210059309472,4424832,3393664
22,210059324544,210063703136,4378592,4332896
23,210063718240,210069036032,5317792,4991824
24,210069052256,210075027856,5975600,3134080
25,210075043200,210079161936,4118736,3523792
26,210079178656,210083685728,4507072,4337296
27,210083700560,210089023024,5322464,4278464
28,210089041120,210094301488,5260368,4396560
29,210094317312,210099698048,5380736,4341552
30,210099713040,210105039600,5326560,4012096
31,210105064304,210110051696,4987392,4099952
32,210110067376,210115151648,5084272,3458272
33,210115174080,210119609920,4435840,4456160
34,210119624592,210125066080,5441488,4281216
35,210125083504,210130347296,5263792,5704048
36,210130380592,210137051344,6670752,4224640
37,210137069424,210142275984,5206560,4278656
38,210142291024,210147554640,5263616,4289136
39,210147569520,210152843776,5274256,4825520
40,210152859248,210158669296,5810048,6533936
41,210158684704,210166203232,7518528,5875584
42,210166218960,210173078816,6859856,5526000
43,210173094416,210179604816,6510400,4471840
44,210179620144,210185076656,5456512,4717136
45,210185327280,210190793792,5466512,4074016
46,210190808576,210195867808,5059232,5177008
47,210195882576,210202044816,6162240,4487104
48,210202061760,210207531920,5470160,3542080
49,210207546496,210212074000,4527504,5193472
50,210212088592,210218267472,6178880,4128864
51,210218282096,210223396336,5114240,3522896
52,210223411280,210227919232,4507952,4666736
53,210227934384,210233585968,5651584,4643680
54,210233600896,210239229648,5628752,3424624
55,210239244240,210243654272,4410032,3403200
56,210243669040,210248057472,4388432,5491296
57,210248071904,210254548768,6476864,4278160
58,210254563584,210259826928,5263344,4803536
59,210259841776,210265630464,5788688,4022016
60,210265644208,210270652480,5008272,4166704
61,210270667840,210275819184,5151344,4236080
62,210275833664,210281055264,5221600,3552528
63,210281072320,210285607792,4535472,4401920
64,210285622528,210291009712,5387184,3277120
65,210291027104,210295286832,4259728,3271968
66,210295301824,210299558800,4256976,3218752
67,210299572944,210303777552,4204608,5347328
68,210303815120,210310124880,6309760,3463840
69,210310177840,210314588720,4410880,4040720
70,210314604656,210319629440,5024784,4626672
71,210319644704,210325256112,5611408,4379088
72,210325271200,210330635200,5364000,4006000
73,210330650640,210335641200,4990560,4057520
74,210335656704,210340698720,5042016,3975040
75,210340723744,210345673760,4950016,3987584
76,210345688416,210350661344,4972928,3954192
77,210350676496,210355615536,4939040,4764912
78,210355630624,210361380448,5749824,4025808
79,210361395472,210366406256,5010784,3981040
80,210366421232,210371387296,4966064,3195040
81,210371402176,210375582336,4180160,3239424
82,210375597168,210379821760,4224592,4287632
83,210379836240,210385109392,5273152,4105728
84,210385124592,210390215120,5090528,3636432
85,210390232176,210394851552,4619376,3444240
86,210394866352,210399295792,4429440,3573584
87,210399310560,210403869376,4558816,4313264
88,210403884272,210409182640,5298368,4021280
89,210409199360,210414203920,5004560,4323808
90,210414218768,210419527728,5308960,3597008
91,210419542528,210424124736,4582208,4533312
92,210424139712,210429658048,5518336,3805856
93,210429672768,210434463904,4791136,4124960
94,210434515344,210439588864,5073520,4210304
95,210439603504,210444799168,5195664,3887776
96,210444814176,210449686944,4872768,3731456
97,210449701424,210454418400,4716976,4235872
98,210454463888,210459654272,5190384,3240384
99,210459668960,210463894656,4225696,4295904
100,210463908832,210469190560,5281728,3852096
101,210469205792,210474042656,4836864,3616896
102,210474059168,210478659552,4600384,3872048
103,210478674048,210483531600,4857552,3589328
104,210483546368,210488120928,4574560,4679232
105,210488135904,210493800160,5664256,3821136
106,210493815008,210498621296,4806288,3795696
107,210498641744,210503416992,4775248,3232080
108,210503491248,210507649072,4157824,3018528
109,210507663360,210511667600,4004240,3256256
110,210511681584,210515923856,4242272,5372512
111,210515938288,210522296368,6358080,4221984
112,210522311072,210527518352,5207280,3359760
113,210527533280,210531878112,4344832,4380288
114,210531893024,210537258400,5365376,4126208
115,210537273152,210542384608,5111456,4291136
116,210542399616,210547675744,5276128,3167936
117,210547690832,210551843680,4152848,3292384
118,210551858560,210556136064,4277504,5347808
119,210557206512,210562483872,5277360,3813408
120,210562500688,210567297280,4796592,3390192
121,210567311584,210571687472,4375888,3028176
122,210571701808,210575715648,4013840,4157792
123,210575729872,210580873440,5143568,4186912
124,210580888352,210586060352,5172000,3878720
125,210586075536,210590939072,4863536,3348944
126,210591001072,210595288016,4286944,3318160
127,210595303392,210599606176,4302784,3237232
128,210599620992,210603843408,4222416,4340432
129,210603858288,210609183840,5325552,4029600
130,210609209296,210614213440,5004144,3814064
131,210614227840,210619027504,4799664,3493600
132,210619045744,210623521104,4475360,3612832
133,210623535744,210628133936,4598192,4079664
134,210628148592,210633213600,5065008,3715664
135,210633228240,210637929264,4701024,3699024
136,210637943680,210642628288,4684608,4125648
137,210642642784,210647753936,5111152,3327728
138,210647790448,210652081664,4291216,4328480
139,210652096272,210657410144,5313872,3827696
140,210657425296,210662237840,4812544,4185408
141,210662252480,210667423248,5170768,3191936
142,210667503632,210671615184,4111552,4090112
143,210671630128,210676705296,5075168,4061120
144,210676720528,210681766416,5045888,4299056
145,210681803040,210687065472,5262432,2857808
146,210687081280,210690923280,3842000,3292048
147,210690938112,210695215328,4277216,3024704
148,210695230656,210699240032,4009376,3183808
149,210699254528,210703423840,4169312,3442576
150,210703496352,210707866416,4370064,4223040
151,210707880816,210713089456,5208640,3968128
152,210713104032,210718057584,4953552,3611920
153,210718074704,210722669504,4594800,4178736
154,210722684432,210727848240,5163808,4296544
155,210727863200,210733144784,5281584,4173248
156,210733202928,210738318032,5115104,4204592
157,210738332608,210743522624,5190016,3248416
158,210743537840,210747771040,4233200,3958960
159,210747807776,210752730000,4922224,3895216
160,210752785728,210757625216,4839488,4223216
161,210757640112,210762848432,5208320,3790160
162,210762862896,210767638592,4775696,3250080
163,210767653232,210771888672,4235440,4314176
164,210771903008,210777202848,5299840,4000832
165,210777217344,210782203680,4986336,3937696
166,210782221744,210787141376,4919632,3380000
167,210787197728,210791521376,4323648,3320128
168,210791536432,210795841504,4305072,4249808
169,210795856128,210801091312,5235184,4063904
170,210801106176,210806155216,5049040,3961856
171,210806173408,210811117072,4943664,3139760
172,210811131648,210815256832,4125184,5386480
173,210815271184,210821643312,6372128,4001568
174,210821659712,210826644880,4985168,3967456
175,210826659840,210831612336,4952496,3319856
176,210831627392,210835932192,4304800,5192432
177,210835947200,210842124624,6177424,3810848
178,210842139552,210846935472,4795920,3661472
179,210846950352,210851596944,4646592,3266320
180,210851611840,210855863264,4251424,4364688
181,210855878368,210861227952,5349584,3907664
182,210861242560,210866135616,4893056,4175296
183,210866187664,210871310912,5123248,3373472
184,210871325392,210875684384,4358992,3038784
185,210875698816,210879723168,4024352,4306592
186,210879781120,210885029760,5248640,4184384
187,210885045728,210890214144,5168416,4210336
188,210890228848,210895424480,5195632,4414112
189,210895524576,210900838592,5314016,3793936
190,210900853792,210905632528,4778736,3889264
191,210905647200,210910521792,4874592,4140368
192,210910536960,210915662160,5125200,3495760
193,210915677296,210920157920,4480624,4957072
194,210920779664,210926114992,5335328,3835920
195,210926130432,210930950912,4820480,3566384
196,210931040816,210935517296,4476480,3568784
197,210935534592,210940086080,4551488,4555760
198,210940101968,210945641840,5539872,3773936
199,210945657008,210950415776,4758768,4002064
200,210950503152,210955417840,4914688,4282224
201,210955512784,210960700064,5187280,4004768
202,210960715168,210965704832,4989664,3797888
203,210965777104,210970502720,4725616,3916640
204,210970520384,210975419360,4898976,3457168
205,210975492608,210979876528,4383920,4393328
206,210979892608,210985269856,5377248,3992208
207,210985287840,210990262064,4974224,3651696
208,210990278448,210994913760,4635312,3383312
209,210994930304,210999297072,4366768,3528608
210,210999313056,211003825680,4512624,4388368
211,211003841728,211009214048,5372320,4095520
212,211009232768,211014309568,5076800,3992944
213,211014325664,211019302512,4976848,3316912
214,211019318816,211023619424,4300608,3411712
215,211023635968,211028031136,4395168,4607152
216,211028047728,211033638288,5590560,3679472
217,211033654016,211038317760,4663744,4084112
218,211038367984,211043401872,5033888,3533504
219,211043418336,211047935376,4517040,4476304
220,211047951584,211053411680,5460096,4096592
221,211053427984,211058508272,5080288,4528368
222,211058526144,211064036640,5510496,4222880
223,211064071408,211069259520,5188112,4003584
224,211069275936,211074263104,4987168,3361120
225,211074279328,211078624224,4344896,3788432
226,211078641024,211083412656,4771632,2929008
227,211083485056,211087341664,3856608,3278800
228,211087357952,211091620464,4262512,3503072
229,211091636544,211096123536,4486992,4134352
230,211096139616,211101257888,5118272,3969952
231,211101273888,211106227840,4953952,3834656
232,211106244016,211111062496,4818480,3209808
233,211111082096,211115272304,4190208,3357536
234,211115288272,211119629840,4341568,4382512
235,211119645568,211125012352,5366784,3810768
236,211125057888,211129823120,4765232,3970976
237,211129839200,211134794096,4954896,3701088
238,211134832624,211139495184,4662560,3278448
239,211139527360,211143773632,4246272,3947408
240,211143811600,211148721040,4909440,4031200
241,211148737216,211153752240,5015024,3655792
242,211153789920,211158408032,4618112,3827920
243,211158423440,211163235952,4812512,3266800
244,211163251792,211167502752,4250960,3170560
245,211167518640,211171673312,4154672,3342128
246,211171689504,211176015440,4325936,4185360
247,211176042128,211181200800,5158672,4118944
248,211181218432,211186319744,5101312,4195280
249,211186335248,211191515024,5179776,3296240
250,211191530944,211195811264,4280320,2979168
251,211195827344,211199790432,3963088,3240432
252,211199806224,211204030864,4224640,4624768
253,211204050496,211209655632,5605136,3672080
254,211209671920,211214327712,4655792,4216768
255,211214343536,211219544480,5200944,2779872
256,211219560480,211223324352,3763872,3262432
257,211223341040,211227586784,4245744,4284736
258,211227602688,211232871520,5268832,4352208
259,211232887568,211238223728,5336160,3832816
260,211238240528,211243056544,4816016,3186544
261,211243072640,211247243088,4170448,3426880
262,211247258944,211251669968,4411024,3260144
263,211251685632,211255930112,4244480,4759312
264,211255946112,211261689424,5743312,3575184
265,211261705552,211266264608,4559056,4026272
266,211266280192,211271290880,5010688,4747520
267,211271306944,211277038400,5731456,4561200
268,211277057232,211282599600,5542368,4091184
269,211282615760,211287690784,5075024,4564480
270,211287706880,211293255264,5548384,4260672
271,211293271328,211298515936,5244608,3898048
272,211298532320,211303413984,4881664,3664240
273,211303494848,211308078224,4583376,4172912
274,211308097792,211313251136,5153344,3881776
275,211313267536,211318132912,4865376,4362928
276,211318191056,211323495840,5304784,4209120
277,211323541232,211328704960,5163728,5397344
278,211328721120,211335102304,6381184,3535152
279,211335152976,211339637456,4484480,3479024
280,211339653328,211344116480,4463152,4141248
281,211344132256,211349257728,5125472,3833616
282,211349274032,211354091344,4817312,4184096
283,211354107680,211359275440,5167760,3316800
284,211359292976,211363592240,4299264,3091904
285,211363608384,211367684144,4075760,3046240
286,211367699664,211371730384,4030720,4156992
287,211371844256,211376887376,5043120,4296064
288,211376902976,211382183440,5280464,3716304
289,211382200768,211386899744,4698976,3335168
290,211386915696,211391234912,4319216,5047840
291,211391251248,211397282752,6031504,3895264
292,211397298704,211402178016,4879312,3436064
293,211402193952,211406614080,4420128,3813184
294,211406630240,211411427264,4797024,3384384
295,211411494240,211415811648,4317408,4310544
296,211415827232,211421122192,5294960,8949296
297,211421139312,211431071488,9932176,3561232
298,211431088800,211435632720,4543920,3236320
299,211435649232,211439869040,4219808,4657760
300,211439885680,211445526800,5641120,5087184
301,211445543264,211458786928,13243664,3616816
302,211458852544,211464874112,6021568,3604800
303,211464890768,211469490928,4600160,3577584
304,211469510320,211474095728,4585408,3958240
305,211474119344,211478673312,4553968,4595344
306,211478689664,211483631552,4941888,5442848
307,211483647472,211489226896,5579424,4628464
308,211489243952,211495669744,6425792,4275120
309,211495685136,211501298208,5613072,4045440
310,211501313360,211506573328,5259968,4632528
311,211506589152,211511618768,5029616,4786768
312,211511634224,211517251296,5617072,4665760
313,211517267520,211523038064,5770544,4955552
314,211523054288,211528703824,5649536,3859808
315,211528720272,211534659376,5939104,4667264
316,211534675344,211539519184,4843840,4413552
317,211539535808,211545186448,5650640,3813040
318,211545202512,211550600000,5397488,4899920
319,211550616272,211555413040,4796768,5003472
320,211555490640,211561312960,5822320,4772400
321,211561329120,211567316432,5987312,4402768
322,211567332400,211573088832,5756432,3799104
323,211573104896,211578491600,5386704,4436112
324,211578510176,211583290704,4780528,4379440
325,211583306800,211588726816,5420016,3951616
326,211588797216,211594106256,5309040,4035264
327,211594149088,211599057872,4908784,4851984
328,211599074192,211604093136,5018944,4715632
329,211604109232,211609945120,5835888,4735760
330,211610032000,211615660752,5628752,4316448
331,211615676944,211621396512,5719568,3758384
332,211621412896,211626712960,5300064,4584560
333,211626793392,211631471344,4677952,4137888
334,211631512272,211637055904,5543632,4184544
335,211637071776,211642193792,5122016,4700768
336,211642209456,211647378336,5168880,4527776
337,211647394464,211653079104,5684640,3776000
338,211653095056,211658606880,5511824,4411472
339,211658622576,211663382880,4760304,4297872
340,211663399152,211668794352,5395200,4540800
341,211668810880,211674092224,5281344,4624656
342,211674108816,211679633024,5524208,4564528
343,211679649040,211685257680,5608640,3590480
344,211685274256,211690822208,5547952,4365104
345,211690837296,211695412688,4575392,4318832
346,211695498368,211700777792,5279424,4324144
347,211700811856,211706096624,5284768,4630416
348,211706113184,211711420768,5307584,4726864
349,211711494432,211717051184,5556752,3889520
350,211717067504,211722778048,5710544,4356688
351,211722816096,211727667568,4851472,4487360
352,211727684992,211733024256,5339264,4540592
353,211733047040,211738511616,5464576,5004672
354,211738529920,211744052208,5522288,4581888
355,211744068128,211750056880,5988752,5063504
356,211750072960,211755638768,5565808,4504608
357,211755655232,211761702272,6047040,3849792
358,211761718448,211767206880,5488432,5028576
359,211767223008,211772056672,4833664,4183728
360,211772072784,211778085248,6012464,4643360
361,211778107600,211783268976,5161376,4188368
362,211783284992,211788912336,5627344,4961392
363,211788928848,211794100704,5171856,5140016
364,211794160336,211800062096,5901760,3975296
365,211800078544,211806202112,6123568,3835616
366,211806218608,211811177408,4958800,5395888
367,211811193792,211816013024,4819232,4014672
368,211816038832,211822408912,6370080,4757744
369,211822478080,211827423584,4945504,4462368
370,211827522800,211833181328,5658528,5637200
371,211833197152,211838643696,5446544,4518016
372,211838658768,211845280896,6622128,4229072
373,211845296128,211850798912,5502784,5242320
374,211850815072,211856027984,5212912,4245488
375,211856047264,211862270304,6223040,4505472
376,211862286208,211867515792,5229584,4591296
377,211867531760,211873021264,5489504,3907024
378,211873038976,211878612560,5573584,4560528
379,211878628560,211883519584,4891024,4502912
380,211883535456,211889080112,5544656,4026448
381,211889096752,211894583024,5486272,4903296
382,211894598112,211899609472,5011360,4691072
383,211899625856,211905512768,5886912,4606704
384,211905528688,211911203840,5675152,4608304
385,211911221584,211916810544,5588960,5471264
386,211916826576,211922418848,5592272,4529584
387,211922530720,211928890112,6359392,4583520
388,211928906352,211934419696,5513344,5233856
389,211934477536,211940003216,5525680,4014064
390,211940022592,211946237072,6214480,4444784
391,211946252816,211951251136,4998320,4909824
392,211951267072,211956695920,5428848,3800320
393,211956774976,211962605744,5830768,4477424
394,211962621856,211967406064,4784208,4814592
395,211967422240,211972883488,5461248,3770368
396,211972899792,211978698080,5798288,4596112
397,211978714272,211983468448,4754176,4865296
398,211983510048,211989064560,5554512,3865408
399,211989080544,211994929856,5849312,5041504
400,211994946384,211999795264,4848880,4826160
401,211999811456,212005836768,6025312,4551520
402,212005852592,212011662928,5810336,4899664
403,212011679248,212017214448,5535200,4575904
404,212017230384,212023114112,5883728,4790640
405,212023174160,212028690016,5515856,4139584
406,212028708784,212034480656,5771872,5082400
407,212034498320,212039620240,5121920,4952672
408,212039636112,212045702640,6066528,4399248
409,212045718592,212051655312,5936720,4438224
410,212051671136,212057054560,5383424,4036656
411,212057072000,212062492784,5420784,4347872
412,212062525888,212067529440,5003552,4688208
413,212067546096,212072877312,5331216,4086320
414,212072894192,212078565520,5671328,4549456
415,212078582224,212083651840,5069616,4101360
416,212083668048,212089201296,5533248,4427840
417,212089217664,212094302656,5084992,4477184
418,212094318640,212099730496,5411856,5381504
419,212099755744,212105207680,5451936,4485360
420,212105223488,212111589184,6365696,4569376
421,212111605104,212117074544,5469440,4179040
422,212117091536,212122643920,5552384,5314832
423,212122660288,212127822960,5162672,4125600
424,212127839232,212134137792,6298560,4800960
425,212134164784,212139263392,5098608,4572592
426,212139284464,212145064352,5779888,3765152
427,212145080336,212150636944,5556608,4658016
428,212150652848,212155402096,4749248,5007520
429,212155418336,212161060112,5641776,4865104
430,212161077392,212167067632,5990240,4666464
431,212167099536,212172932736,5833200,4070560
432,212173015888,212178599200,5583312,4887056
433,212178614976,212183669760,5054784,4741856
434,212183685328,212189556816,5871488,4571920
435,212189572624,212195298672,5726048,4442000
436,212195314944,212200870592,5555648,3878176
437,212200886544,212206312592,5426048,5132208
438,212206328640,212211190768,4862128,4878640
439,212211223872,212217322976,6099104,4977792
440,212217338944,212223201616,5862672,4872960
441,212223217792,212229179408,5961616,3902000
442,212229195792,212235052368,5856576,5121968
443,212235068768,212239954368,4885600,4577328
444,212240055488,212246076336,6020848,4934080
445,212246092224,212251653664,5561440,4905328
446,212251669552,212257587744,5918192,4534512
447,212257603568,212263493072,5889504,4488064
448,212263519760,212269027584,5507824,3783232
449,212269051360,212274515648,5464288,5459232
450,212274531664,212279298880,4767216,5419392
451,212279314816,212293183248,13868432,4456816
452,212293199248,212299642480,6443232,5487776
453,212299659472,212306061872,6402400,4102224
454,212306078176,212311518688,5440512,5196496
455,212311535072,212318006464,6471392,4731072
456,212318024976,212323108688,5083712,5217440
457,212323161168,212329305184,6144016,5374064
458,212329322176,212335036256,5714080,5057408
459,212335052768,212341253696,6200928,5150416
460,212341270320,212347627760,6357440,5680144
461,212347644352,212353685168,6040816,5313536
462,212353709344,212359835584,6126240,5255280
463,212359852656,212366515728,6663072,5273152
464,212366534144,212372829264,6295120,5667056
465,212372846672,212379084544,6237872,5149008
466,212379109264,212385357696,6248432,4835776
467,212385374928,212392024752,6649824,5265488
468,212392105456,212398173760,6068304,4349280
469,212398194336,212404009536,5815200,4311888
470,212404051104,212410275024,6223920,4444976
471,212410292320,212415624304,5331984,5670416
472,212415640736,212420936192,5295456,4138416
473,212421072736,212426381168,5308432,4091536
474,212426397792,212433051584,6653792,4547408
475,212433071392,212438190000,5118608,4281200
476,212438206704,212443281536,5074832,4535328
477,212443297984,212448828944,5530960,4180784
478,212448845984,212454110144,5264160,4130288
479,212454168816,212459645472,5476656,5125024
480,212459661600,212464826256,5164656,4453168
481,212464842304,212469956544,5114240,4678016
482,212470023760,212476081568,6057808,4687488
483,212476097904,212481534736,5436832,6213072
484,212481551568,212487212752,5661184,8074496
485,212487228832,212492900240,5671408,3881056
486,212492917456,212500113312,7195856,4760272
487,212500675488,212509187808,8512320,4397136
488,212509227904,212514068864,4840960,4444896
489,212514085200,212519829136,5743936,4357216
490,212519845280,212525226272,5380992,5570224
491,212525242688,212530671168,5428480,4190288
492,212530687392,212536028384,5340992,4866640
493,212536044976,212542598608,6553632,5373200
494,212542614832,212547788896,5174064,4721664
495,212547805072,212553655536,5850464,4871776
496,212553672048,212560028736,6356688,4012944
497,212560059248,212565750400,5691152,3955760
498,212565794560,212571622176,5827616,5059392
499,212571638864,212576635120,4996256,4206496
500,212576681296,212581590880,4909584,3827632
501,212581607328,212587650272,6042944,4827872
502,212587667008,212592856768,5189760,4118640
503,212592873472,212597684400,4810928,4059168
504,212597707536,212603512272,5804736,4918880
505,212603528336,212608630912,5102576,4415424
506,212608671376,212613690080,5018704,3892528
507,212613705936,212619608960,5903024,4703488
508,212619624896,212625024384,5399488,4230992
509,212625053648,212629916912,4863264,3970320
510,212629933104,212635620400,5687296,4467168
511,212635636288,212640851392,5215104,4740912
512,212640869120,212645821712,4952592,4148752
513,212645837760,212651288880,5451120,4359152
514,212651304848,212657029792,5724944,4538656
515,212657059904,212662178544,5118640,4017360
516,212662195504,212667537696,5342192,5023600
517,212667554016,212673076352,5522336,4710336
518,212673100160,212678093712,4993552,4423808
519,212678117552,212684117312,5999760,4450368
520,212684868688,212689827648,4958960,4155200
521,212689843872,212695251456,5407584,4810224
522,212695267440,212700701824,5434384,4524704
523,212700717728,212705857024,5139296,5599392
524,212705873456,212711667248,5793792,5329200
525,212711683312,212717191952,5508640,4281040
526,212717208480,212723791344,6582864,5235536
527,212723807360,212730120544,6313184,6198272
528,212730188624,212735401584,5212960,4876896
529,212735417680,212741637120,6219440,3948544
530,212741653120,212748835392,7182272,4679552
531,212748851968,212754712288,5860320,4313824
532,212754728768,212759660832,4932064,4012736
533,212759676848,212765340384,5663536,4816704
534,212765356768,212770654208,5297440,5059168
535,212770670832,212775666944,4996112,4658208
536,212775683120,212781483648,5800528,4828160
537,212781527024,212787542816,6015792,5298464
538,212787558576,212793201024,5642448,4878672
539,212793217328,212799029184,5811856,4982272
540,212799055360,212805327648,6272288,5107968
541,212805343920,212811206320,5862400,6390320
542,212811222592,212817188592,5966000,3987904
543,212817205184,212823296560,6091376,5018480
544,212823312400,212830686880,7374480,6488608
545,212830702976,212835674784,4971808,4503088
546,212835690800,212841693264,6002464,3960656
547,212841709840,212849181872,7472032,4460432
548,212849198656,212854684960,5486304,4974624
549,212854701360,212859645616,4944256,4978896
550,212859661824,212865106048,5444224,4359392
551,212865176512,212871080672,5904160,4212864
552,212871096944,212877059568,5962624,5489344
553,212877075792,212882418960,5343168,4519744
554,212882506720,212887631824,5125104,4575728
555,212887647792,212894121168,6473376,4410928
556,212894163232,212899640912,5477680,4165808
557,212899657088,212905216640,5559552,4600896
558,212905232480,212910627568,5395088,4482000
559,212910643504,212915793376,5149872,4826064
560,212915809456,212921394272,5584816,4482752
561,212921409744,212926876272,5466528,4614336
562,212926892496,212932702336,5809840,5233312
563,212932718992,212938185088,5466096,4506576
564,212938201008,212943799424,5598416,4311408
565,212943815360,212950032736,6217376,4408272
566,212950050272,212955539312,5489040,3945040
567,212955555440,212960850720,5295280,4480880
568,212960867280,212966258992,5391712,4574560
569,212966274752,212971204032,4929280,3981248
570,212971220208,212976684912,5464704,5840400
571,212976701008,212982259472,5558464,4154768
572,212982275328,212987240720,4965392,4444272
573,212987257008,212994081120,6824112,4569248
574,212994097696,212999235888,5138192,3931840
575,212999252320,213004680160,5427840,3641440
576,213004696080,213010249408,5553328,4952336
577,213010265360,213015181248,4915888,4444016
578,213015197312,213019822688,4625376,4647488
579,213019838688,213025775024,5936336,4765616
580,213025813840,213031219040,5405200,3999584
581,213031235168,213036866528,5631360,4405712
582,213036882768,213042632144,5749376,4910016
583,213042648176,213047631728,4983552,3931232
584,213047647632,213053037440,5389808,4783456
585,213053082640,213058947456,5864816,4631568
586,213059058864,213063878688,4819824,4779856
587,213063894960,213069662144,5767184,4545120
588,213069678384,213075293712,5615328,4479280
589,213075310080,213081073568,5763488,5062304
590,213081089936,213086618688,5528752,4555520
591,213086634704,213092097968,5463264,4349712
592,213092114064,213098160272,6046208,4535440
593,213098179376,213103715792,5536416,3812752
594,213103732272,213109065504,5333232,4661904
595,213109081520,213114600944,5519424,4623136
596,213114616944,213119413696,4796752,4021936
597,213119480672,213125075600,5594928,5119584
598,213125092208,213130698736,5606528,4395920
599,213130715200,213135720672,5005472,3830544
600,213135804720,213141840256,6035536,5001616
601,213141856352,213147236176,5379824,4625648
602,213147251984,213152066720,4814736,4404064
603,213152082656,213158068336,5985680,4523856
604,213158085728,213163693984,5608256,4033488
605,213163710080,213169098048,5387968,4537168
606,213169114032,213174621904,5507872,4646432
607,213174637984,213179655392,5017408,3822144
608,213179671408,213185192560,5521152,4420480
609,213185208432,213190838992,5630560,4509584
610,213190855088,213195661136,4806048,3821584
611,213195676912,213201081616,5404704,6430992
612,213201097264,213206591200,5493936,3850352
613,213206607104,213211412784,4805680,5454464
614,213211486112,213218843776,7357664,4023232
615,213218859696,213223694128,4834432,5042160
616,213223710032,213230148592,6438560,4821136
617,213230169024,213235171824,5002800,4019392
618,213235210704,213241213984,6003280,5146240
619,213241229744,213247035120,5805376,5851776
620,213247074480,213252054512,4980032,4164608
621,213252072384,213258200752,6128368,4471936
622,213258216880,213265052528,6835648,4527120
623,213265069520,213270217136,5147616,4603328
624,213270233344,213275689072,5455728,5288096
625,213275704912,213281216192,5511280,5850080
626,213281232528,213286819520,5586992,6531344
627,213286835616,213293107616,6272000,4938720
628,213293123808,213306817952,13694144,4944224
629,213306833568,213313668032,6834464,4960896
630,213313684784,213321199376,7514592,4868480
631,213321216112,213327138096,5921984,4739600
632,213327204016,213333082320,5878304,3879968
633,213333099520,213339043216,5943696,4711872
634,213339083168,213344911696,5828528,4438112
635,213344928880,213350651296,5722416,4031856
636,213350667856,213355531264,4863408,4536368
637,213355547488,213361243136,5695648,4935792
638,213361259696,213366681248,5421552,4872608
639,213366697680,213371713104,5015424,4636320
640,213371729024,213377249472,5520448,4116544
641,213377268032,213383185264,5917232,4405920
642,213383203040,213389057872,5854832,4604592
643,213389074480,213394694192,5619712,3806880
644,213394710064,213399810736,5100672,4570560
645,213399827136,213405216656,5389520,5079984
646,213405233072,213410821248,5588176,4737504
647,213410837536,213415628128,4790592,5047264
648,213415644608,213421198688,5554080,3972736
649,213421215184,213427278672,6063488,5043888
650,213427294736,213433016176,5721440,4398800
651,213433066656,213439063440,5996784,4930928
652,213439079488,213444036176,4956688,5538560
653,213444053888,213450080064,6026176,8256560
654,213450096608,213455478864,5382256,7001872
655,213455513968,213467617232,12103264,6011104
656,213467633568,213473548160,5914592,5551024
657,213473566320,213480086720,6520400,5426672
658,213480636752,213495838096,15201344,7237440
659,213495854480,213505094656,9240176,6499056
660,213505112448,213513096528,7984080,5420672
661,213513113776,213520107632,6993856,6143152
662,213520679568,213526658656,5979088,5652928
663,213526675440,213533085328,6409888,5045280
664,213533102032,213541322768,8220736,6328640
665,213541339632,213548821824,7482192,5390368
666,213548838272,213555242496,6404224,6378112
667,213555258832,213565711920,10453088,3648224
668,213565727088,213572855072,7127984,4599456
669,213572871264,213579508000,6636736,4351936
670,213579524048,213585553280,6029232,3960240
671,213585569584,213592881920,7312336,3748960
672,213592898192,213599272288,6374096,5206160
673,213599288400,213606650400,7362000,5527296
674,213606666672,213611298624,4631952,4652832
675,213611315104,213616898080,5582976,3828768
676,213616914064,213622250016,5335952,3710512
677,213622266384,213627210256,4943872,5625792
678,213627226256,213631959216,4732960,4092048
679,213632034688,213638165376,6130688,4718368
680,213638183696,213644692672,6508976,4747536
681,213644709008,213650345504,5636496,3493808
682,213650361280,213655174272,4812992,6294672
683,213655190256,213659884784,4694528,4052480
684,213659901184,213666510576,6609392,5292256
685,213666527168,213671602624,5075456,4741088
686,213671618576,213677320992,5702416,5248592
687,213677337392,213683068528,5731136,4332992
688,213683085152,213687562336,4477184,4592160
689,213687578960,213694857008,7278048,5233760
690,213694873696,213699909488,5035792,4755728
691,213699926064,213706201744,6275680,5016016
692,213706217632,213711942832,5725200,4580592
693,213711959088,213718191424,6232336,4894912
694,213718207456,213723524416,5316960,5109424
695,213723540528,213729116576,5576048,4468736
696,213729169424,213735350336,6180912,4787648
697,213735367104,213741106064,5738960,5084080
698,213741122832,213747122080,5999248,4275296
699,213747161968,213752702672,5540704,4863920
700,213752762736,213758597584,5834848,4532592
701,213758621424,213764707008,6085584,4111376
702,213764789696,213770175744,5386048,4984432
703,213770192160,213775963392,5771232,4897344
704,213776037120,213782047472,6010352,5315792
705,213782063648,213787322768,5259120,6308784
706,213787338960,213793186688,5847728,6286304
707,213793203168,213798719280,5516112,4649216
708,213798735504,213803830656,5095152,4366864
709,213803846704,213809815088,5968384,5347456
710,213809831232,213815712432,5881200,4129776
711,213815728512,213822028224,6299712,4904880
712,213822046448,213829337008,7290560,4126208
713,213829353840,213843887968,14534128,5510480
714,213843904336,213851174272,7269936,4705520
715,213851191552,213856823488,5631936,4325456
716,213856840816,213862190352,5349536,4286176
717,213862207520,213868537808,6330288,4546336
718,213868555360,213873667584,5112224,4169280
719,213873683392,213879572464,5889072,4152912
720,213879588496,213884698672,5110176,5322032
721,213884758896,213891209152,6450256,5148800
722,213891226080,213896914672,5688592,5859040
723,213896930976,213902240128,5309152,5105008
724,213902257264,213907526304,5269040,4787904
725,213907543072,213913072640,5529568,5014928
726,213913090528,213918241920,5151392,4572736
727,213918259136,213923394832,5135696,6455872
728,213923411408,213929716864,6305456,5443872
729,213929733616,213935865664,6132048,5594960
730,213935882608,213942724704,6842096,5342352
731,213942741472,213948829712,6088240,8316304
732,213948846288,213954617616,5771328,4664496
733,213954638208,213960632544,5994336,5302240
734,213960680176,213966205280,5525104,5495600
735,213966221776,213973661152,7439376,4087968
736,213973678144,213980105024,6426880,5150032
737,213980121648,213986699984,6578336,5127872
738,213986716464,213993042336,6325872,4893056
739,213993067760,214002358640,9290880,4853216
740,214002376080,214008023136,5647056,4968768
741,214008049040,214014325376,6276336,6826544
742,214014342368,214020820976,6478608,5347264
743,214020844896,214025908944,5064048,6833616
744,214025925712,214032058976,6133264,4684128
745,214032075920,214038186848,6110928,4711792
746,214038203024,214044079904,5876880,4425936
747,214044096704,214049933120,5836416,4235088
748,214049949808,214055901888,5952080,4141216
749,214055918416,214063728432,7810016,3895968
750,214063814704,214070075696,6260992,5265936
751,214070092992,214077909312,7816320,5434432
752,214077926672,214083593440,5666768,4782736
753,214083609936,214095182352,11572416,5267872
754,214095199552,214100894144,5694592,5213248
755,214100911424,214106320080,5408656,4521552
756,214106337584,214111555168,5217584,6216352
757,214111571824,214116696384,5124560,4032176
758,214116712928,214121592352,4879424,5478784
759,214121609104,214127858288,6249184,4391296
760,214127874864,214134292720,6417856,4054816
761,214134309344,214140075456,5766112,4941152
762,214140091968,214146343328,6251360,4459888
763,214146359968,214152556576,6196608,3991888
764,214152573728,214158078128,5504400,6226992
765,214158094896,214165294480,7199584,6458528
766,214165311120,214170326656,5015536,4187872
767,214170343360,214176805440,6462080,4487328
768,214176821728,214182196736,5375008,5195008
769,214182213488,214187251552,5038064,4446928
770,214187268016,214193192704,5924688,5111216
771,214193208992,214198652592,5443600,4341040
772,214198692576,214203644480,4951904,5585984
773,214203661248,214210871472,7210224,5017264
774,214210888192,214218330000,7441808,5492384
775,214218346928,214223517872,5170944,5453456
776,214223534432,214229005200,5470768,7038752
777,214229036000,214235200208,6164208,4969840
778,214235217232,214240647136,5429904,4182720
779,214240666736,214246758352,6091616,4276768
780,214246801792,214252099392,5297600,4486928
781,214252116496,214258685376,6568880,5251952
782,214258701952,214264702640,6000688,4770672
783,214264813328,214271195024,6381696,5797184
784,214271212864,214277648480,6435616,5453600
785,214277665248,214285687232,8021984,5301024
786,214285704496,214291657072,5952576,4995312
787,214291673840,214296839792,5165952,5054384
788,214296856224,214302116560,5260336,4872112
789,214302176160,214307603488,5427328,4756640
790,214307620080,214313855440,6235360,3946688
791,214313872240,214319626112,5753872,4877760
792,214319642496,214326423296,6780800,4855904
793,214326498688,214332876896,6378208,5086896
794,214332893600,214339177920,6284320,5047664
795,214339194528,214345173232,5978704,4984704
796,214345197424,214351227616,6030192,5053280
797,214351242992,214357099728,5856736,4700752
798,214357115904,214362856368,5740464,4897424
799,214362872336,214367803056,4930720,4798976
800,214367819376,214373680816,5861440,5073840
801,214373696880,214379536720,5839840,4891200
802,214379552832,214385623616,6070784,4635312
803,214385639792,214391671280,6031488,3911472
804,214391687248,214397655984,5968736,4772048
805,214397672128,214403709264,6037136,4775344
806,214403788688,214409410016,5621328,5000528
807,214409426816,214415307440,5880624,5058720
808,214415323680,214421106416,5782736,4895248
809,214421123216,214427180256,6057040,5039072
810,214427196736,214433071456,5874720,4938816
811,214433087936,214438706768,5618832,5116560
812,214438780240,214443618240,4838000,4634928
813,214443634656,214449390288,5755632,5851936
814,214449406784,214455165632,5758848,4680192
815,214455185776,214461166160,5980384,4693760
816,214461190592,214467224880,6034288,3936432
817,214467241376,214473120128,5878752,5812512
818,214473165680,214479159200,5993520,4233472
819,214479178192,214485098016,5919824,5136544
820,214485114656,214491214576,6099920,4367600
821,214491231456,214496849504,5618048,4549312
822,214496866048,214503701440,6835392,4484496
823,214503778240,214509381632,5603392,4111232
824,214509397696,214515075392,5677696,5367872
825,214515091632,214520011824,4920192,4004544
826,214520039808,214526824336,6784528,3997584
827,214526840080,214532057808,5217728,5542928
828,214532073568,214538194352,6120784,4321664
829,214538210352,214543561952,5351600,5273712
830,214543577520,214549111264,5533744,4009552
831,214549171568,214554595760,5424192,4632992
832,214554611056,214559706992,5095936,4775232
833,214559788544,214566074864,6286320,3985984
834,214566090160,214571079408,4989248,4712960
835,214571094960,214576076992,4982032,4751024
836,214576092592,214582619920,6527328,4009312
837,214582635152,214587941584,5306432,5081264
838,214587957152,214594215296,6258144,4205936
839,214594231296,214599224848,4993552,4682112
840,214599240304,214604857840,5617536,5208896
841,214604873712,214610633072,5759360,5146832
842,214610648768,214615619056,4970288,4544848
843,214615634560,214621332016,5697456,4073472
844,214621347728,214627083040,5735312,4997600
845,214627098752,214632092352,4993600,5617568
846,214632108112,214638173616,6065504,4845232
847,214638189648,214643379552,5189904,4308704
848,214643395200,214649061664,5666464,4722064
849,214649087792,214655270560,6182768,5009856
850,214655286448,214661417392,6130944,4573760
851,214661482800,214666962240,5479440,4484800
852,214667047696,214672035712,4988016,3833104
853,214672055728,214678033312,5977584,4611472
854,214678049696,214684650880,6601184,4841664
855,214684669600,214690496112,5826512,4066752
856,214690514256,214695804816,5290560,5273408
857,214695820720,214701526880,5706160,4334336
858,214701543584,214707536736,5993152,4939040
859,214707552512,214713110496,5557984,4669920
860,214713160704,214718595296,5434592,4498496
861,214718610816,214723428400,4817584,5289104
862,214723522160,214729039872,5517712,5564448
863,214729056720,214734881536,5824816,6569136
864,214734897504,214739948288,5050784,4662688
865,214740025952,214746221696,6195744,4044768
866,214746237568,214751556032,5318464,4848080
867,214751577776,214757495072,5917296,4676368
868,214757528096,214763164992,5636896,4872960
869,214763182672,214768663488,5480816,4490544
870,214768679680,214774952592,6272912,5406224
871,214775018112,214781517040,6498928,5025792
872,214781533232,214789086176,7552944,4005696
873,214789106288,214794748864,5642576,5984752
874,214794787568,214799793632,5006064,4938992
875,214799809808,214805641712,5831904,4861984
876,214805658048,214811318080,5660032,5328800
877,214811334320,214817191040,5856720,4395504
878,214817207136,214822681584,5474448,4042176
879,214822697616,214829087808,6390192,4590768
880,214829104144,214835113600,6009456,4528976
881,214835174944,214840119296,4944352,5395632
882,214840869152,214847104048,6234896,4658480
883,214847119968,214853043040,5923072,4941168
884,214853059040,214858905024,5845984,4639680
885,214858921248,214865233824,6312576,4474000
886,214865249824,214870629328,5379504,5127712
887,214870645104,214875671504,5026400,4164032
888,214875687408,214881262272,5574864,4635216
889,214881278048,214886791248,5513200,5258576
890,214886807520,214893186880,6379360,5015376
891,214893202848,214898845360,5642512,4598864
892,214898861568,214904786528,5924960,4105968
893,214904802640,214910426208,5623568,4855120
894,214910526480,214915900208,5373728,4996336
895,214915916768,214922027920,6111152,4621648
896,214922052992,214927191952,5138960,4605920
897,214927207744,214932827168,5619424,4014976
898,214932843744,214939085744,6242000,5489840
899,214939110752,214945101120,5990368,4229216
900,214945117136,214950699984,5582848,4922880
901,214950784800,214955805952,5021152,5431776
902,214955822352,214961661072,5838720,7099232
903,214961677152,214967657408,5980256,4212480
904,214967673328,214973279056,5605728,6459824
905,214973294784,214978884976,5590192,5321472
906,214978900768,214983899952,4999184,4579584
907,214983916240,214990389792,6473552,4267360
908,214990405792,214995619008,5213216,6020960
909,214995635424,215001541888,5906464,4023248
910,215001558032,215015641984,14083952,5032928
911,215015658160,215022073760,6415600,4101952
912,215022090656,215030172992,8082336,4924992
913,215030189792,215035385472,5195680,4691872
914,215035401664,215042845296,7443632,4062416
915,215042861744,215049166768,6305024,5294000
916,215049185504,215054746352,5560848,5703104
917,215054790544,215060013712,5223168,4615776
918,215060034736,215067034672,6999936,4205968
919,215067052656,215072057920,5005264,5556624
920,215072083296,215078090848,6007552,4322912
921,215078107104,215083192800,5085696,6622944
922,215083208944,215089117792,5908848,4826992
923,215089168752,215094809664,5640912,4803840
924,215094825648,215099872080,5046432,3967168
925,215099888144,215106166080,6277936,6468880
926,215106182768,215112869184,6686416,4946144
927,215112885552,215118484960,5599408,4639392
928,215118517712,215123690928,5173216,4071680
929,215123706832,215130247552,6540720,5628896
930,215130263632,215135570464,5306832,3870960
931,215135586592,215143193408,7606816,5056448
932,215143209760,215149020400,5810640,4708960
933,215149047088,215154824240,5777152,3872336
934,215154840432,215159791408,4950976,5774432
935,215159807552,215167260288,7452736,5652256
936,215167276352,215173206432,5930080,4689856
937,215173222672,215178845824,5623152,5458464
938,215178861936,215183917504,5055568,4665280
939,215183933888,215190546400,6612512,4745744
940,215190563008,215195417360,4854352,4815680
941,215195476608,215201473808,5997200,4085776
942,215201520928,215207182768,5661840,6111648
943,215207199792,215212055104,4855312,4641520
944,215212074528,215218829536,6755008,4402736
945,215218846624,215225481792,6635168,4200608
946,215225507888,215231171648,5663760,4953376
947,215231188032,215237630112,6442080,6777744
948,215237646464,215243295392,5648928,4882752
949,215243311712,215249041136,5729424,4109088
950,215249057840,215254856816,5798976,5166032
951,215254872768,215259942592,5069824,5563904
952,215259958736,215267054240,7095504,5099904
953,215267071536,215272695760,5624224,5448160
954,215272750112,215278098496,5348384,5041968
955,215278114448,215283299104,5184656,4189632
956,215283314736,215289252480,5937744,5325040
957,215289268816,215297030224,7761408,4512048
958,215297057696,215302912976,5855280,5502688
959,215302929200,215308022064,5092864,6343312
960,215308054048,215314188096,6134048,4237888
961,215314204048,215320752000,6547952,3857216
962,215320789264,215326851904,6062640,4433904
963,215326867936,215341612288,14744352,4455840
964,215341628336,215348060448,6432112,5642640
965,215348077776,215354102416,6024640,4519376
966,215354163904,215359292048,5128144,3607344
967,215359309040,215365617088,6308048,3616128
968,215365633856,215371129136,5495280,5280352
969,215371178640,215377631824,6453184,4393968
970,215377647760,215394196112,16548352,4092224
971,215394211440,215401539424,7327984,4597696
972,215401556224,215406777312,5221088,4847168
973,215406793728,215411634528,4840800,4938496
974,215411651248,215417068432,5417184,4408016
975,215417094416,215422524272,5429856,4242816
976,215422540864,215429166912,6626048,5768448
977,215429184912,215434686288,5501376,4350640
978,215434734256,215439293632,4559376,4051568
979,215439309632,215443909760,4600128,6112112
980,215443926160,215450190112,6263952,4080608
981,215450208672,215455584080,5375408,5023024
982,215455609712,215460676304,5066592,4798624
983,215460695040,215466274000,5578960,7326000
984,215466292192,215472121168,5828976,6112816
985,215472174416,215478059664,5885248,4876960
986,215478134640,215483467680,5333040,4483536
987,215483527984,215488710496,5182512,4868144
988,215488801744,215495478944,6677200,4501264
989,215495505968,215500829584,5323616,6084576
990,215500846416,215505881152,5034736,4612800
991,215505898688,215512993264,7094576,4811504
992,215513018000,215518073872,5055872,4248416
993,215518090928,215524096896,6005968,5709520
994,215524166560,215529895520,5728960,4581328
995,215529912768,215538221520,8308752,5703728
996,215538238208,215545334336,7096128,4124224
997,215545351792,215551211296,5859504,5307024
998,215551227680,215556694832,5467152,4057664
999,215556807360,215562562976,5755616,5289136
1000,215562579328,215568064240,5484912,4613792
1001,215568081024,215575148816,7067792,4449312
1002,215575166672,215580761616,5594944,4965600
1003,215580850432,215586573120,5722688,4138272
1004,215586589024,215591821536,5232512,5902256
1005,215591837776,215598531056,6693280,4008240
1006,215598547744,215604112384,5564640,4560576
1007,215604128800,215610816112,6687312,4985568
1008,215610832560,215615940336,5107776,5120384
1009,215615957120,215622247360,6290240,5001824
1010,215622263504,215627305024,5041520,4576880
1011,215627321456,215633594160,6272704,4907584
1012,215633610336,215639207952,5597616,4090240
1013,215639226592,215644657264,5430672,5193872
1014,215644673296,215650622864,5949568,4272512
1015,215650638960,215655761136,5122176,5180048
1016,215655802928,215662663392,6860464,5048240
1017,215662679888,215667671632,4991744,4919872
1018,215667687952,215673232208,5544256,4742912
1019,215673248304,215679217776,5969472,4546976
1020,215679235856,215685338160,6102304,4753936
1021,215685384176,215691339984,5955808,3959024
1022,215691356400,215696916864,5560464,5951168
1023,215696933184,215702824448,5891264,4101504
1024,215702841232,215707914688,5073456,4710720
1025,215707931136,215714108560,6177424,4524336
1026,215714124672,215719381072,5256400,4123152
1027,215719397200,215725561120,6163920,5979616
1028,215725577216,215731609360,6032144,4244768
1029,215731625376,215737529232,5903856,7898256
1030,215737545536,215743272144,5726608,7748656
1031,215743288128,215748819120,5530992,6722560
1032,215748835520,215754573056,5737536,6726768
1033,215754588864,215759532080,4943216,8268880
1034,215759547776,215766483248,6935472,5656080
1035,215766499536,215771584752,5085216,4876864
1036,215771600624,215777295472,5694848,3798320
1037,215777312176,215782819808,5507632,5398624
1038,215782836224,215787942960,5106736,4167376
1039,215788011920,215794922576,6910656,5417920
1040,215794939232,215800167344,5228112,4552720
1041,215800712400,215809065600,8353200,3675744
1042,215809081872,215817814256,8732384,4922640
1043,215817829936,215825536816,7706880,4337872
1044,215825552896,215833263584,7710688,3913936
1045,215833281024,215842532464,9251440,4602848
1046,215842549120,215854352896,11803776,5004096
1047,215854367664,215861008976,6641312,5563648
1048,215861034208,215866885840,5851632,5874288
1049,215866901680,215871684160,4782480,4490432
1050,215871700272,215878082784,6382512,4102512
1051,215878099456,215883250160,5150704,6441952
1052,215883266176,215889668080,6401904,4543024
1053,215889684832,215895220800,5535968,4901344
1054,215895235888,215899896544,4660656,5073296
1055,215899911952,215905819184,5907232,4588768
1056,215905835536,215911157056,5321520,4430704
1057,215911174496,215916070992,4896496,5864176
1058,215916087040,215921673840,5586800,4076016
1059,215921689968,215927677936,5987968,5017744
1060,215927693824,215934241584,6547760,4622528
1061,215934256848,215941115872,6859024,4980496
1062,215941176800,215946606304,5429504,4829120
1063,215946621920,215951708816,5086896,3592256
1064,215951724624,215959150768,7426144,6537760
1065,215959169104,215964693792,5524688,6070768
1066,215964709984,215970595136,5885152,6361264
1067,215970611456,215976668432,6056976,5203904
1068,215976684576,215982257200,5572624,3757712
1069,215982272992,215987687904,5414912,5529744
1070,215987703904,215994552080,6848176,3791120
1071,215994568224,215999628096,5059872,4852096
1072,215999643952,216005645840,6001888,4803632
1073,216005661728,216011268368,5606640,4751120
1074,216011284368,216017248864,5964496,4592400
1075,216017265424,216023077984,5812560,3991920
1076,216023094096,216027670240,4576144,4432880
1077,216027686224,216043034640,15348416,5831504
1078,216043077184,216050572400,7495216,5076560
1079,216050588400,216057643168,7054768,4562176
1080,216057659472,216065004432,7344960,4605200
1081,216065047152,216071208336,6161184,4841632
1082,216071224688,216075966048,4741360,4172032
1083,216076064432,216082495792,6431360,6313280
1084,216082512384,216087286912,4774528,3990592
1085,216087303184,216093139008,5835824,5057872
1086,216093206528,216098942640,5736112,4426256
1087,216099031168,216104693760,5662592,4750608
1088,216104709504,216110286160,5576656,5277056
1089,216110302144,216115278080,4975936,4876784
1090,216115294416,216120710960,5416544,4453680
1091,216120804032,216127542464,6738432,4089040
1092,216127558512,216133619024,6060512,5137872
1093,216133635408,216139181200,5545792,5499392
1094,216139197856,216144786400,5588544,7881952
1095,216144803120,216150628032,5824912,4312496
1096,216150643968,216155800064,5156096,4075808
1097,216155816256,216163113344,7297088,5299056
1098,216163168416,216168103936,4935520,4375152
1099,216168680880,216174161808,5480928,4621616
1100,216174177776,216179588064,5410288,4589632
1101,216179603584,216185338672,5735088,3861568
1102,216185354448,216191615728,6261280,4787104
1103,216191631632,216197492512,5860880,4154944
1104,216197508672,216202946192,5437520,4203600
1105,216203032448,216208035232,5002784,6012400
1106,216208053056,216214173104,6120048,3724800
1107,216214188768,216220672496,6483728,4700592
1108,216220688304,216229554448,8866144,4417456
1109,216229570960,216234866944,5295984,3880144
1110,216234883232,216239942752,5059520,5933440
1111,216240036320,216246241808,6205488,4084240
1112,216246257856,216251616960,5359104,4727872
1113,216251632912,216257238576,5605664,4879424
1114,216257255200,216262828208,5573008,7313040
1115,216262844752,216267689776,4845024,6607120
1116,216267705760,216273476880,5771120,6975504
1117,216273538304,216278631824,5093520,6004272
1118,216278647648,216283835424,5187776,6761952
1119,216283851200,216290847824,6996624,6447840
1120,216290864544,216295572624,4708080,6818192
1121,216295588384,216301273216,5684832,7205056
1122,216301288800,216306690672,5401872,6933552
1123,216306706496,216311570816,4864320,5071600
1124,216311586992,216318504256,6917264,5005552
1125,216318520464,216323588496,5068032,4555296
1126,216323604224,216329316368,5712144,5344304
1127,216329332992,216335195792,5862800,5424848
1128,216335211776,216343508832,8297056,5921808
1129,216343526416,216351115952,7589536,6927760
1130,216351182304,216359091456,7909152,6123376
1131,216359110048,216366095728,6985680,6843216
1132,216366113056,216373857680,7744624,5368496
1133,216373875472,216381305520,7430048,5837440
1134,216381322032,216389123712,7801680,5197792
1135,216389140512,216397328768,8188256,5966192
1136,216397345424,216405262320,7916896,5649296
1137,216405278832,216411333920,6055088,5587376
1138,216411350400,216417339472,5989072,5461504
1139,216417356032,216422894768,5538736,5235088
1140,216422910928,216429239072,6328144,5596384
1141,216429255552,216435663920,6408368,3912080
1142,216435679808,216442585728,6905920,4706272
1143,216442601584,216450513488,7911904,4847648
1144,216450530400,216457636864,7106464,3358256
1145,216457652928,216465480080,7827152,4801840
1146,216465499024,216471848576,6349552,4556208
1147,216471864656,216478686016,6821360,4198576
1148,216478702128,216484883808,6181680,5103920
1149,216484900448,216491850000,6949552,4455888
1150,216491866224,216498499296,6633072,5678448
1151,216498531152,216505086672,6555520,4356816
1152,216505102912,216511548176,6445264,4618528
1153,216511564816,216521828144,10263328,4704736
1154,216521844240,216528063232,6218992,4739856
1155,216528097200,216534659616,6562416,4802464
1156,216534675424,216539571696,4896272,4205920
1157,216539587568,216545277968,5690400,6153344
1158,216545293984,216551125616,5831632,3980288
1159,216551141728,216555483872,4342144,4741056
1160,216555502752,216561285712,5782960,4599728
1161,216561302032,216566841920,5539888,3962464
1162,216566858400,216572040496,5182096,5949552
1163,216572055600,216578144416,6088816,7223168
1164,216578160512,216583600304,5439792,5314176
1165,216583616208,216590278752,6662544,6549856
1166,216590294848,216595635568,5340720,5388576
1167,216595651744,216601254096,5602352,5497392
1168,216601269984,216606958832,5688848,5766336
1169,216607054096,216612698688,5644592,5262928
1170,216612751440,216618501152,5749712,5619008
1171,216618517248,216623707072,5189824,6015440
1172,216623747264,216630860416,7113152,7167648
1173,216630876464,216635840704,4964240,6934000
1174,216635856896,216641581760,5724864,5372096
1175,216641597808,216647181488,5583680,4854288
1176,216647199536,216652143952,4944416,5648640
1177,216652168480,216659093504,6925024,5985232
1178,216659109280,216667316672,8207392,3736112
1179,216667332384,216673630848,6298464,4772032
1180,216673647024,216681180704,7533680,4926320
1181,216681198416,216687569280,6370864,3998656
1182,216687585952,216694066672,6480720,5461824
1183,216694084560,216700833008,6748448,3963376
1184,216700849248,216707095936,6246688,5295648
1185,216707112064,216713714944,6602880,4677888
1186,216713731152,216720730384,6999232,4593664
1187,216720834848,216728898032,8063184,4922992
1188,216728914544,216736832032,7917488,4800864
1189,216736848592,216743204128,6355536,7500464
1190,216743220672,216749058416,5837744,4689008
1191,216749079216,216755707056,6627840,4664096
1192,216755723168,216762692288,6969120,4798576
1193,216762708176,216767428400,4720224,5196192
1194,216767510256,216773200432,5690176,5156128
1195,216773216896,216779126752,5909856,4865648
1196,216779142896,216784125408,4982512,5480320
1197,216784141872,216790587232,6445360,3740384
1198,216790603360,216795550608,4947248,5251456
1199,216795566240,216801846256,6280016,5676048
1200,216801862064,216807524144,5662080,4654448
1201,216807540192,216813117808,5577616,5555968
1202,216813134128,216819040800,5906672,5072240
1203,216819065040,216824841664,5776624,4782288
1204,216824857824,216833342128,8484304,4641344
1205,216833357872,216839031136,5673264,5133536
1206,216839059936,216844695232,5635296,4587904
1207,216844711392,216850493808,5782416,4217824
1208,216850538208,216856690000,6151792,4614800
1209,216856706064,216862846128,6140064,4607680
1210,216862861952,216868711776,5849824,5103056
1211,216868727696,216875192096,6464400,4466224
1212,216875209312,216879932480,4723168,3831872
1213,216879948576,216886183936,6235360,4561936
1214,216886208960,216892859984,6651024,4597968
1215,216892876416,216898514432,5638016,4057136
1216,216898530048,216905070400,6540352,3840208
1217,216905086576,216911142640,6056064,6496272
1218,216911199872,216916924928,5725056,4896896
1219,216916959472,216922566272,5606800,4979712
1220,216922582176,216928699808,6117632,4626320
1221,216928797248,216934287712,5490464,4842144
1222,216934303792,216939505536,5201744,4136976
1223,216939525184,216945120336,5595152,5440256
1224,216945179152,216950728016,5548864,4090576
1225,216950811184,216956831072,6019888,4878880
1226,216956846992,216962297296,5450304,4902224
1227,216962313792,216967129168,4815376,5608544
1228,216967186176,216972691104,5504928,4830256
1229,216972707088,216978289072,5581984,5566960
1230,216978305392,216983346208,5040816,4005376
1231,216983362256,216988186416,4824160,4761152
1232,216989682240,216995682688,6000448,4504880
1233,216995698496,217001579584,5881088,4063152
1234,217001595216,217007559296,5964080,4906448
1235,217007575104,217013185616,5610512,4491408
1236,217013201680,217019027760,5826080,3715024
1237,217019048112,217024164736,5116624,5238704
1238,217024682944,217030604992,5922048,4790720
1239,217030620864,217035695568,5074704,5270304
1240,217035711168,217041574448,5863280,3953664
1241,217041590336,217047476672,5886336,3942528
1242,217047509264,217054085216,6575952,5367552
1243,217054101728,217059915472,5813744,4194880
1244,217059931664,217066482432,6550768,4785392
1245,217066500432,217071487808,4987376,5128256
1246,217071503776,217077248960,5745184,4357920
1247,217077264944,217082753840,5488896,4859344
1248,217082811568,217087816992,5005424,3863088
1249,217087832896,217093723440,5890544,4501040
1250,217093800832,217099214848,5414016,4661024
1251,217099230688,217103929872,4699184,4015440
1252,217103946096,217110168576,6222480,4748976
1253,217110186656,217115959296,5772640,4599184
1254,217116048832,217122229600,6180768,4469008
1255,217122245568,217127183264,4937696,4891360
1256,217127200960,217132125792,4924832,4080272
1257,217132141968,217138493344,6351376,4846848
1258,217138509136,217143688224,5179088,4349968
1259,217143704048,217149473616,5769568,5577952
1260,217149491648,217155601872,6110224,4647056
1261,217155618496,217160959792,5341296,4733904
1262,217161074208,217166819136,5744928,5279664
1263,217166837376,217171682224,4844848,5243840
1264,217171697920,217177183264,5485344,4698640
1265,217177199296,217182844288,5644992,3929168
1266,217182859888,217187859728,4999840,5659856
1267,217187875392,217193608704,5733312,4017360
1268,217193624496,217199207888,5583392,4651760
1269,217199224160,217204676896,5452736,5372944
1270,217204702720,217210568256,5865536,4853168
1271,217210584112,217215648528,5064416,4264320
1272,217215664272,217221495376,5831104,4262864
1273,217221513600,217226845344,5331744,5158208
1274,217226861472,217233423296,6561824,4022880
1275,217233489088,217239070352,5581264,3910448
1276,217239096608,217244804256,5707648,6130416
1277,217244821696,217251083920,6262224,4841024
1278,217251099904,217257327760,6227856,6789344
1279,217257343952,217263026400,5682448,4578320
1280,217263051520,217267955568,4904048,4189856
1281,217268055584,217274615424,6559840,4721040
1282,217274631344,217279632784,5001440,4328896
1283,217279648560,217285284544,5635984,4107712
1284,217285300272,217291657488,6357216,4692544
1285,217291673232,217297510656,5837424,4606672
1286,217297528064,217302774976,5246912,5503072
1287,217302841920,217308037840,5195920,4629296
1288,217308086944,217314196048,6109104,3791184
1289,217314212000,217319218928,5006928,5190848
1290,217319234864,217324129376,4894512,5469056
1291,217324144960,217331259792,7114832,4431888
1292,217331275360,217337100816,5825456,4678448
1293,217337117024,217344890160,7773136,6249104
1294,217344906592,217350468480,5561888,3874512
1295,217350492288,217355658336,5166048,5564368
1296,217355674624,217361379376,5704752,3868896
1297,217361395024,217366708272,5313248,5509632
1298,217366767648,217371815984,5048336,4987248
1299,217371832096,217377508528,5676432,4806368
1300,217377533328,217383115200,5581872,4853744
1301,217383131424,217389618272,6486848,5079248
1302,217389634736,217395247568,5612832,4744320
1303,217395263952,217400038752,4774800,4471200
1304,217400058240,217406229600,6171360,4490240
1305,217406246496,217412698656,6452160,3948400
1306,217412714992,217418130544,5415552,3775920
1307,217418183808,217423808992,5625184,5243072
1308,217423824864,217431058096,7233232,3944784
1309,217431074016,217435932608,4858592,4493824
1310,217435948608,217442496976,6548368,4502800
1311,217442514832,217447365872,4851040,5488576
1312,217447381744,217453875504,6493760,4906608
1313,217453891568,217459862752,5971184,4744704
1314,217459878816,217465669120,5790304,5922032
1315,217465685008,217471522864,5837856,5001184
1316,217471538704,217477602112,6063408,4343984
1317,217477618912,217483346432,5727520,6020704
1318,217483361984,217488817632,5455648,4008880
1319,217488835456,217494307872,5472416,5380160
1320,217494325264,217499256272,4931008,4590656
1321,217499272464,217504032192,4759728,5446400
1322,217504053504,217510275264,6221760,4680336
1323,217510291984,217515220048,4928064,5228480
1324,217515236064,217520713872,5477808,4001120
1325,217520804832,217526216672,5411840,4654048
1326,217526232816,217532705248,6472432,5208144
1327,217532806512,217538611856,5805344,5193472
1328,217538627840,217550139600,11511760,4692000
1329,217550157552,217555884304,5726752,5017920
1330,217555901984,217562806336,6904352,4612640
1331,217562823120,217568807520,5984400,4449904
1332,217568835024,217586490672,17655648,5353184
1333,217586512784,217591834656,5321872,3833872
1334,217591860144,217598855360,6995216,4468848
1335,217598872400,217603864240,4991840,5081088
1336,217603880832,217610244400,6363568,4196080
1337,217610261296,217615835056,5573760,5223088
1338,217615857296,217622281456,6424160,4693360
1339,217622298080,217627961792,5663712,5322624
1340,217628042464,217634190272,6147808,6117248
1341,217634206672,217639191392,4984720,4647072
1342,217639209152,217644845440,5636288,3718016
1343,217644861456,217651053584,6192128,4821568
1344,217651070368,217657247056,6176688,5615728
1345,217657263696,217662939056,5675360,5948848
1346,217662955648,217668956976,6001328,8603904
1347,217669047696,217674569616,5521920,5223072
1348,217674585792,217680019520,5433728,5358928
1349,217680099728,217686372704,6272976,5985472
1350,217686389136,217691206576,4817440,6506880
1351,217691222944,217696675424,5452480,6874640
1352,217696691728,217702756512,6064784,6751936
1353,217702842336,217707952592,5110256,5485072
1354,217708045264,217714175680,6130416,6337504
1355,217714191920,217719869040,5677120,5951200
1356,217719885248,217726191664,6306416,6757616
1357,217726214720,217733308912,7094192,5957616
1358,217733325488,217738955984,5630496,6036688
1359,217739059136,217743674000,4614864,6308864
1360,217743689632,217749495568,5805936,5563184
1361,217749512048,217756111296,6599248,5813584
1362,217756127792,217763060144,6932352,6129760
1363,217763076768,217777020272,13943504,6842880
1364,217777045376,217786624176,9578800,5993552
1365,217786641296,217792847248,6205952,6595120
1366,217792864976,217799206176,6341200,6587136
1367,217799223392,217806191648,6968256,6563968
1368,217806208928,217813698528,7489600,6604272
1369,217813761792,217821573168,7811376,5468432
1370,217821590240,217829325104,7734864,5278192
1371,217829342592,217835810176,6467584,6590064
1372,217835827504,217843147680,7320176,5733600
1373,217843168896,217850098880,6929984,6271344
1374,217850116128,217857856496,7740368,7934304
1375,217857873568,217864814112,6940544,6389360
1376,217864833136,217871850800,7017664,5768080
1377,217871868064,217879159664,7291600,6436656
1378,217879181536,217885722848,6541312,6922480
1379,217885814448,217892536432,6721984,6337584
1380,217892554048,217899666192,7112144,5848784
1381,217899683296,217907509072,7825776,5831936
1382,217907526256,217914502624,6976368,4325936
1383,217914520304,217922097744,7577440,5732560
1384,217922114560,217929684880,7570320,3969616
1385,217929702832,217937248848,7546016,4610256
1386,217937266864,217944853120,7586256,4465712
1387,217944870592,217951321552,6450960,4051536
1388,217951338496,217957599744,6261248,4487904
1389,217957616912,217965189808,7572896,5061824
1390,217965208464,217971923408,6714944,4795152
1391,217971941120,217979194752,7253632,4978448
1392,217979211696,217988129056,8917360,3997136
1393,217989008624,217995518416,6509792,5564208
1394,217995535616,218002286496,6750880,4118432
1395,218002303312,218014163200,11859888,4930080
1396,218014179408,218021599856,7420448,5071504
1397,218021617008,218029522336,7905328,4567216
1398,218029539824,218036859920,7320096,4432768
1399,218036876624,218043708704,6832080,4307136
1400,218043725088,218050540640,6815552,5506016
1401,218050557184,218055866576,5309392,4172768
1402,218055887296,218062599136,6711840,4546304
1403,218062615776,218067568752,4952976,4456656
1404,218067585008,218073179008,5594000,3994176
1405,218073195472,218078644720,5449248,4582336
1406,218078661056,218083696256,5035200,4410080
1407,218083712528,218089184160,5471632,4372192
1408,218089200736,218095245984,6045248,5429920
1409,218095262656,218101041136,5778480,4104992
1410,218101057840,218107019584,5961744,4895808
1411,218107084400,218112016720,4932320,5105584
1412,218112035280,218118580928,6545648,4607264
1413,218118597104,218123699360,5102256,4740656
1414,218123715616,218129629440,5913824,7090000
1415,218129645744,218135700944,6055200,4098480
1416,218135717152,218141268160,5551008,5545632
1417,218141284448,218146700928,5416480,4362272
1418,218146717664,218152008064,5290400,5915088
1419,218152034240,218158514080,6479840,4072256
1420,218158530720,218163686848,5156128,5133904
1421,218163703056,218169233152,5530096,4971024
1422,218169249712,218174689808,5440096,5481392
1423,218174706256,218179683984,4977728,5747888
1424,218179700384,218185266320,5565936,4768016
1425,218185283024,218190676400,5393376,4003760
1426,218190692496,218196048592,5356096,5065824
1427,218196081872,218202478512,6396640,4236048
1428,218202507520,218207583504,5075984,5150960
1429,218207599696,218213479312,5879616,4823088
1430,218213499920,218219584896,6084976,5099520
1431,218219601024,218225192160,5591136,5117392
1432,218225208576,218230932816,5724240,4872416
1433,218230949296,218239022816,8073520,4987328
1434,218239040864,218244121296,5080432,5170096
1435,218244177632,218250666928,6489296,4562992
1436,218250683056,218256029200,5346144,6018144
1437,218256054336,218262944288,6889952,3958336
1438,218263012720,218268016544,5003824,3926336
1439,218268034992,218274150448,6115456,5065552
1440,218274169808,218280121472,5951664,4673632
1441,218280685488,218286602864,5917376,5751776
1442,218286618880,218293350752,6731872,3902272
1443,218293374592,218299118768,5744176,4736416
1444,218299176192,218304122528,4946336,4852656
1445,218304688592,218310188352,5499760,4001776
1446,218310204608,218315424400,5219792,5022624
1447,218315503440,218321575360,6071920,4974608
1448,218321591984,218327398448,5806464,5327472
1449,218327414960,218333497968,6083008,3752304
1450,218333515328,218339615360,6100032,4525072
1451,218339632096,218345487776,5855680,4866720
1452,218345508768,218351475104,5966336,4237184
1453,218351494320,218357645200,6150880,4770576
1454,218357661760,218363208192,5546432,4619952
1455,218363225184,218370226336,7001152,3772784
1456,218370243104,218375184672,4941568,5508528
1457,218375201120,218380111008,4909888,4124784
1458,218380127600,218386176560,6048960,4909200
1459,218386211936,218391850192,5638256,4751168
1460,218391866368,218398601968,6735600,4441200
1461,218398618336,218403504240,4885904,4692016
1462,218403521104,218409240656,5719552,4193584
1463,218409256832,218415093312,5836480,4922768
1464,218415109392,218420095088,4985696,4680640
1465,218420111232,218426117712,6006480,3620528
1466,218426171248,218432092320,5921072,5393440
1467,218432108512,218438419792,6311280,4825952
1468,218438489104,218443172096,4682992,5438624
1469,218443188128,218448697168,5509040,4229600
1470,218448751648,218454563888,5812240,5565840
1471,218454579840,218459801072,5221232,3993472
1472,218459819232,218465571648,5752416,4564208
1473,218465587792,218471191600,5603808,4400096
1474,218471207600,218475964384,4756784,3947328
1475,218476023840,218482472912,6449072,4644800
1476,218482497552,218487597696,5100144,4792928
1477,218487613328,218493506896,5893568,4513152
1478,218493529136,218499258064,5728928,5303152
1479,218499274448,218504699264,5424816,4275968
1480,218504715456,218510391280,5675824,5422928
1481,218510407344,218515584864,5177520,4451888
1482,218515600960,218521507632,5906672,4907936
1483,218521525552,218527188272,5662720,4936688
1484,218527204496,218531808800,4604304,4870160
1485,218531829328,218538202240,6372912,4586128
1486,218538218208,218544028192,5809984,3824720
1487,218544064064,218550466816,6402752,5107536
1488,218550485312,218555696416,5211104,5904880
1489,218555712832,218562262256,6549424,4826496
1490,218562278976,218567255728,4976752,4163344
1491,218567272896,218572819936,5547040,4631760
1492,218572836912,218578220032,5383120,5244448
1493,218578236432,218583167360,4930928,4693952
1494,218583183840,218588812160,5628320,4326656
1495,218588831872,218594605088,5773216,3949072
1496,218594622096,218600118240,5496144,4769680
1497,218600705744,218606421392,5715648,4697216
1498,218606491456,218611697360,5205904,3828656
1499,218611713648,218618120288,6406640,4818944
1500,218618178864,218623572176,5393312,5047840
1501,218623588960,218629480112,5891152,5011184
1502,218629500000,218635416800,5916800,4767328
1503,218635497504,218641286960,5789456,5017056
1504,218641303312,218646873088,5569776,4073024
1505,218646889296,218651697808,4808512,5482992
1506,218651714496,218657805344,6090848,4556784
1507,218657822096,218664710224,6888128,4017872
1508,218664727168,218670536720,5809552,4631392
1509,218670553168,218675700064,5146896,4342752
1510,218675716528,218681331824,5615296,4084832
1511,218681348160,218687576272,6228112,4561936
1512,218687592336,218693270224,5677888,4401952
1513,218693286528,218698596880,5310352,4052624
1514,218698613248,218703545952,4932704,5142112
1515,218703562064,218709315632,5753568,4633536
1516,218709332064,218715012848,5680784,4936352
1517,218715032000,218719841504,4809504,4170704
1518,218719857776,218725660448,5802672,4427952
1519,218725676704,218731708288,6031584,5079056
1520,218731724544,218737719472,5994928,4470128
1521,218737841120,218743486800,5645680,4641360
1522,218743503152,218749503856,6000704,5263824
1523,218749520496,218754576880,5056384,5091776
1524,218754593136,218761059872,6466736,4696960
1525,218761076848,218766616656,5539808,3857648
1526,218766632864,218771634528,5001664,5720608
1527,218771650848,218777265920,5615072,3846432
1528,218777282000,218782608672,5326672,4545136
1529,218782624672,218787693504,5068832,4923296
1530,218787710016,218793255440,5545424,3964672
1531,218793271536,218798657392,5385856,5434000
1532,218798673776,218803710016,5036240,3996960
1533,218803726112,218809852128,6126016,4952368
1534,218809868032,218815485664,5617632,4050624
1535,218815537856,218821422016,5884160,4399280
1536,218821483296,218826592720,5109424,5896528
1537,218826609264,218832020672,5411408,4073936
1538,218832045120,218838099728,6054608,5150576
1539,218838116672,218843569856,5453184,4013440
1540,218843586144,218849211216,5625072,5116480
1541,218849227936,218855475040,6247104,4416800
1542,218855494784,218861566816,6072032,3961712
1543,218861583280,218867263776,5680496,4901712
1544,218867280256,218872121424,4841168,4683296
1545,218872684400,218878842032,6157632,4676064
1546,218878858448,218883688464,4830016,5191296
1547,218883704848,218889233600,5528752,5990528
1548,218889250336,218895156896,5906560,4809472
1549,218895183008,218900121568,4938560,5259008
1550,218900724480,218906555568,5831088,5014464
1551,218906571888,218911552528,4980640,5477200
1552,218911568416,218917504896,5936480,4080592
1553,218917521200,218922555520,5034320,4798112
1554,218922571856,218927954800,5382944,5054880
1555,218928043280,218934851328,6808048,5418304
1556,218934868128,218939925264,5057136,5864800
1557,218939941472,218946075840,6134368,5024704
1558,218946093984,218951089280,4995296,3641840
1559,218951105600,218957205760,6100160,4748832
1560,218957228992,218962622560,5393568,4365744
1561,218962639088,218967584272,4945184,3908880
1562,218967600928,218973485984,5885056,4792624
1563,218973512832,218979169280,5656448,4289440
1564,218979188096,218984845344,5657248,5503664
1565,218984862240,218991036640,6174400,5279872
1566,218991056112,218998027168,6971056,6432912
1567,218998052960,219003836640,5783680,5047728
1568,219003853648,219010095648,6242000,4144464
1569,219010150960,219016110112,5959152,4706496
1570,219016672672,219022587312,5914640,4130512
1571,219022603664,219027667904,5064240,4615360
1572,219027684320,219033466016,5781696,4550960
1573,219033491520,219039520896,6029376,3986608
1574,219039548176,219045939200,6391024,4821568
1575,219045955888,219052804000,6848112,5087776
1576,219052820544,219058828704,6008160,4041488
1577,219058853616,219063470544,4616928,5001984
1578,219063488464,219069219376,5730912,4121136
1579,219069235488,219074585120,5349632,3948400
1580,219074601792,219079494000,4892208,5851488
1581,219079512112,219085286624,5774512,5493408
1582,219085303360,219090576064,5272704,7533248
1583,219090592288,219097079728,6487440,4105376
1584,219097096080,219110321488,13225408,3981184
1585,219110345680,219116601360,6255680,4710784
1586,219116618384,219124034272,7415888,3901776
1587,219124055248,219130082000,6026752,5734816
1588,219130102352,219135226464,5124112,4068080
1589,219135243552,219140932960,5689408,4604992
1590,219141011008,219146063472,5052464,3884208
1591,219146080080,219151678832,5598752,5077856
1592,219151695776,219157229792,5534016,4615600
1593,219157247664,219162216400,4968736,7035696
1594,219162232880,219168037968,5805088,4696080
1595,219168054640,219174125744,6071104,5078224
1596,219174185136,219179167232,4982096,4113456
1597,219179192144,219185169216,5977072,4400336
1598,219185187712,219190290352,5102640,4064832
1599,219190307472,219195238752,4931280,4687552
1600,219195255520,219202090240,6834720,4069456
1601,219202107232,219208583648,6476416,4707744
1602,219208608144,219217116896,8508752,4441232
1603,219217170816,219222222272,5051456,4454544
1604,219222240400,219227203456,4963056,4177472
1605,219227220032,219232914240,5694208,4988544
1606,219232930896,219237816016,4885120,4860736
1607,219237832432,219244550832,6718400,8307616
1608,219244567248,219249618912,5051664,4511728
1609,219249635248,219255223904,5588656,4732432
1610,219255239664,219260108112,4868448,5096096
1611,219260167008,219266185968,6018960,4685376
1612,219266202880,219271801568,5598688,5156704
1613,219271817968,219279837264,8019296,5608576
1614,219279854032,219285533344,5679312,3992976
1615,219285549824,219291611568,6061744,6264064
1616,219291628544,219296725024,5096480,3951152
1617,219296834096,219302125360,5291264,5158640
1618,219302192752,219307190192,4997440,5726864
1619,219307206704,219312877744,5671040,5118240
1620,219312894736,219317947200,5052464,5409328
1621,219317964400,219323654944,5690544,4387024
1622,219323671984,219329096176,5424192,4955904
1623,219329114656,219334550720,5436064,4017584
1624,219334569216,219339728192,5158976,4125296
1625,219339834544,219345716736,5882192,4848736
1626,219345733824,219351577472,5843648,4109888
1627,219351594080,219360885088,9291008,4320480
1628,219360901984,219366396816,5494832,4628208
1629,219366413616,219372129248,5715632,3553456
1630,219373054208,219378225344,5171136,4803680
1631,219378243280,219383910720,5667440,4812016
1632,219383926832,219390067424,6140592,3687936
1633,219390085296,219396676000,6590704,4312512
1634,219396698736,219401668976,4970240,4406096
1635,219401685136,219408933040,7247904,4369808
1636,219408968080,219413884192,4916112,5031696
1637,219413908000,219420042832,6134832,4516736
1638,219420060144,219426769696,6709552,4605856
1639,219426785456,219432887936,6102480,4774736
1640,219432904528,219439297264,6392736,4000976
1641,219439314640,219444684288,5369648,5121664
1642,219444770048,219450640192,5870144,4708544
1643,219450657488,219455657776,5000288,5768272
1644,219455674864,219460783072,5108208,4407728
1645,219460800240,219466631808,5831568,5115536
1646,219466648704,219471741696,5092992,4557856
1647,219471786416,219477062176,5275760,4805056
1648,219477080464,219482690384,5609920,4657936
1649,219482742608,219487243840,4501232,4327248
1650,219487259680,219493047520,5787840,5034672
1651,219493064960,219498859536,5794576,4548016
1652,219498876976,219503547472,4670496,4880736
1653,219503563024,219508859984,5296960,6365696
1654,219508877520,219514266080,5388560,5084752
1655,219514282576,219519635888,5353312,4891168
1656,219519652752,219525667584,6014832,4825040
1657,219525684896,219531184320,5499424,5549184
1658,219531200384,219536790176,5589792,4617952
1659,219536806448,219542564912,5758464,4277952
1660,219542581056,219547565888,4984832,5545600
1661,219547581712,219553687552,6105840,4138096
1662,219553703776,219559396096,5692320,6066800
1663,219559411408,219566164368,6752960,3954944
1664,219566180016,219571572096,5392080,5453520
1665,219571587248,219577687632,6100384,3914064
1666,219577704512,219583245488,5540976,3725376
1667,219583262000,219589050544,5788544,5156576
1668,219589089600,219594708480,5618880,4155472
1669,219594786464,219600035728,5249264,3820336
1670,219600060880,219606070400,6009520,5324528
1671,219606087200,219611618416,5531216,4229232
1672,219611634096,219617499152,5865056,4882304
1673,219617519984,219624864848,7344864,5020240
1674,219624882208,219630949600,6067392,5715392
1675,219631017984,219636840768,5822784,4303344
1676,219636857792,219642665808,5808016,4550320
1677,219642682160,219649214992,6532832,4629296
1678,219649232080,219654832944,5600864,4130352
1679,219654849520,219660110896,5261376,5445296
1680,219660127536,219666656496,6528960,4050752
1681,219666672816,219671794592,5121776,4828992
1682,219671811424,219678861392,7049968,4540976
1683,219678878048,219683816336,4938288,3957696
1684,219683832832,219690269856,6437024,4997504
1685,219690286448,219695183920,4897472,4985344
1686,219695199840,219699909296,4709456,4990944
1687,219699924640,219706065872,6141232,4888208
1688,219706081616,219711221344,5139728,4562672
1689,219711237760,219716041680,4803920,4199888
1690,219716058416,219722366208,6307792,4109328
1691,219722381616,219727595440,5213824,4806784
1692,219727611920,219733477744,5865824,4627424
1693,219733494480,219739497984,6003504,3514912
1694,219739514912,219746213376,6698464,5212432
1695,219746230064,219751516720,5286656,4609040
1696,219751531984,219757067040,5535056,3880640
1697,219757083456,219762696336,5612880,5490240
1698,219762723312,219767826688,5103376,4294816
1699,219767843296,219774271984,6428688,5239104
1700,219774288672,219779322736,5034064,5800960
1701,219779338224,219785151728,5813504,5047648
1702,219785189008,219790692704,5503696,6899360
1703,219790750896,219795650400,4899504,5645696
1704,219795667520,219801647904,5980384,4948448
1705,219801664432,219807633248,5968816,4911872
1706,219807649696,219813624192,5974496,4898896
1707,219813640304,219819512400,5872096,5212960
1708,219819530864,219825075072,5544208,5098352
1709,219825091728,219830274960,5183232,5640704
1710,219830291072,219835384288,5093216,4314160
1711,219835399024,219841191072,5792048,4562416
1712,219841231760,219846818496,5586736,4821152
1713,219846833856,219851333408,4499552,5247056
1714,219851348416,219857545840,6197424,5058544
1715,219857561584,219863154880,5593296,3920736
1716,219863171152,219868035520,4864368,5092704
1717,219868052288,219874525760,6473472,4238384
1718,219874541904,219879820576,5278672,4791536
1719,219879836176,219886059680,6223504,5853184
1720,219886075168,219892860640,6785472,6131872
1721,219892877536,219898908288,6030752,4909024
1722,219898925344,219906807648,7882304,4686256
1723,219906824496,219913453344,6628848,4021728
1724,219913512016,219919401792,5889776,6000256
1725,219919418160,219925313664,5895504,3822352
1726,219925330048,219931212560,5882512,5576880
1727,219931228688,219937425520,6196832,4490112
1728,219937510896,219943523872,6012976,4719968
1729,219943539632,219950164576,6624944,4974288
1730,219950182576,219955478736,5296160,5257536
1731,219955512368,219961041152,5528784,4873632
1732,219961066768,219966862304,5795536,4647680
1733,219966878288,219973109360,6231072,4498816
1734,219973200096,219979167904,5967808,3998992
1735,219979185488,219984088640,4903152,4560160
1736,219984104272,219990181344,6077072,4683536
1737,219990197632,219995419728,5222096,4086064
1738,219995493472,220001211264,5717792,5195184
1739,220001229904,220008064448,6834544,4021488
1740,220008081472,220015196320,7114848,6189024
1741,220015213120,220021105344,5892224,4196128
1742,220021165536,220026791600,5626064,4491056
1743,220026808320,220031813328,5005008,5013248
1744,220031829312,220038813584,6984272,3999392
1745,220038830304,220043635936,4805632,5419856
1746,220043652160,220050212816,6560656,5756064
1747,220050228880,220055702928,5474048,4318144
1748,220055795184,220061422896,5627712,5495264
1749,220061483712,220067397184,5913472,4689056
1750,220067413072,220073654720,6241648,3836256
1751,220073671328,220079528352,5857024,4612560
1752,220079544576,220085176032,5631456,4920688
1753,220085192112,220090674848,5482736,4907696
1754,220090691792,220095673840,4982048,5114480
1755,220095690160,220101234000,5543840,4638000
1756,220101249936,220106917536,5667600,4292064
1757,220106933920,220112003600,5069680,5570128
1758,220112052240,220118198784,6146544,4539328
1759,220118215168,220123220272,5005104,4576000
1760,220123236128,220130409296,7173168,5432208
1761,220130482352,220135605424,5123072,3980288
1762,220135622080,220141096480,5474400,3742528
1763,220141112864,220147109728,5996864,5249616
1764,220147182192,220152109120,4926928,3997616
1765,220152706608,220158528976,5822368,4789456
1766,220158545056,220165285040,6739984,4654880
1767,220165301280,220170603184,5301904,3984720
1768,220170619648,220177098448,6478800,4895472
1769,220177114944,220182787504,5672560,4653344
1770,220182804480,220187623760,4819280,3910400
1771,220187640176,220193236320,5596144,5111200
1772,220193252608,220199157008,5904400,5493408
1773,220199183184,220205064704,5881520,5248160
1774,220205081168,220211179184,6098016,3680992
1775,220211195344,220216817184,5621840,4620160
1776,220216833296,220222109248,5275952,4707136
1777,220222163520,220228679376,6515856,4743792
1778,220228695936,220234218704,5522768,4729728
1779,220234234480,220239794704,5560224,4457264
1780,220239810896,220246226912,6416016,5068208
1781,220246243680,220251207200,4963520,4647712
1782,220251222912,220255949728,4726816,4824656
1783,220256018560,220262199344,6180784,6367024
1784,220262215280,220267196960,4981680,4425728
1785,220267212576,220272986416,5773840,4410144
1786,220273080288,220278641296,5561008,4773904
1787,220278657376,220283626016,4968640,4880816
1788,220283641888,220289521488,5879600,4753536
1789,220289538112,220295174832,5636720,5207664
1790,220295192368,220300085232,4892864,5887312
1791,220300102816,220306196432,6093616,4144608
1792,220306212400,220312689840,6477440,4487104
1793,220312706656,220318938000,6231344,5137520
1794,220318954048,220323618992,4664944,3691392
1795,220323635264,220329239152,5603888,4944592
1796,220329255312,220334946288,5690976,4890384
1797,220335042304,220340690080,5647776,4685088
1798,220340706016,220346419808,5713792,4525760
1799,220346487024,220351877072,5390048,4024816
1800,220351892944,220357945280,6052336,5145600
1801,220357961344,220363592992,5631648,4878336
1802,220363608688,220369417648,5808960,5410928
1803,220369514688,220376784672,7269984,6105280
1804,220376801664,220382210400,5408736,4504880
1805,220382226496,220387620544,5394048,4225248
1806,220387636704,220393394448,5757744,6262288
1807,220393410304,220399275264,5864960,3907200
1808,220399291472,220405028800,5737328,5000928
1809,220405055472,220411236464,6180992,4866000
1810,220411252400,220418123776,6871376,5165792
1811,220418160272,220423268384,5108112,4094592
1812,220423284480,220428755488,5471008,5142112
1813,220428800240,220434893008,6092768,5461712
1814,220434908960,220439584400,4675440,5347520
1815,220439600288,220445528992,5928704,4244464
1816,220445545104,220451419376,5874272,4782896
1817,220451494064,220457104464,5610400,4883808
1818,220457121200,220462630224,5509024,5121984
1819,220462646176,220467655040,5008864,4625344
1820,220467670768,220473800640,6129872,3852416
1821,220473816800,220479678976,5862176,4954672
1822,220479694720,220486089904,6395184,4751456
1823,220486108864,220493195184,7086320,4648384
1824,220493211056,220498700064,5489008,4667104
1825,220498787872,220503925312,5137440,4304016
1826,220503941120,220511187600,7246480,5247072
1827,220511203680,220516094800,4891120,4441616
1828,220516111392,220522095728,5984336,5415872
1829,220522111760,220527961728,5849968,4300912
1830,220528022864,220534127520,6104656,5092176
1831,220534189584,220539222112,5032528,4882272
1832,220539238208,220545364224,6126016,4801200
1833,220545404624,220551825936,6421312,4685648
1834,220551842208,220558173456,6331248,3917744
1835,220558190192,220563417920,5227728,5913344
1836,220563508208,220569200816,5692608,4378016
1837,220569217360,220575084624,5867264,5014048
1838,220575101344,220581206608,6105264,4572800
1839,220581224800,220586831952,5607152,4930384
1840,220586847920,220591684368,4836448,4448288
1841,220591700336,220597639040,5938704,4118112
1842,220597655168,220603390496,5735328,5012112
1843,220603406496,220609038880,5632384,4002032
1844,220609065104,220614705984,5640880,4590080
1845,220614788208,220620010000,5221792,5295696
1846,220620031568,220626257072,6225504,3996272
1847,220626273008,220631698688,5425680,5183968
1848,220631803456,220638114560,6311104,4251296
1849,220638175376,220643415472,5240096,4798528
1850,220643501536,220649507648,6006112,4530368
1851,220649524512,220655389920,5865408,4292304
1852,220655406448,220661191120,5784672,6053664
1853,220661207584,220666876768,5669184,3854848
1854,220666893104,220671794512,4901408,6169168
1855,220671811904,220678707856,6895952,8490464
1856,220678809152,220684085872,5276720,6685024
1857,220684101840,220690099920,5998080,6590224
1858,220690116256,220695672720,5556464,6280768
1859,220695688896,220701603104,5914208,6208624
1860,220701619344,220707051392,5432048,6921584
1861,220707067648,220712169504,5101856,6044384
1862,220712784864,220718181616,5396752,6765680
1863,220718197568,220723183648,4986080,5788576
1864,220723201376,220728773728,5572352,5913648
1865,220728790192,220735069424,6279232,4987584
1866,220735094784,220740065696,4970912,8131968
1867,220740081664,220746249664,6168000,7218960
1868,220746265824,220751500960,5235136,5603216
1869,220751517200,220757299488,5782288,6148880
1870,220757315776,220762829856,5514080,6254880
1871,220762845792,220768122160,5276368,6218448
1872,220768693312,220775175824,6482512,6721568
1873,220775192160,220780030672,4838512,5725584
1874,220780047840,220798674064,18626224,5567392
1875,220798689616,220805843232,7153616,6222416
1876,220805860432,220815333696,9473264,6592880
1877,220815350320,220823018720,7668400,5848192
1878,220823087392,220830608944,7521552,5889840
1879,220830625808,220837889712,7263904,6138720
1880,220837906208,220845098336,7192128,6667200
1881,220845115232,220853019920,7904688,5135952
1882,220853041504,220860064304,7022800,6771584
1883,220860081024,220867829984,7748960,6137344
1884,220867846832,220874618560,6771728,6062160
1885,220874635392,220881532208,6896816,6515616
1886,220881549136,220887519792,5970656,5368624
1887,220887546352,220896651760,9105408,4916080
1888,220896668784,220904870720,8201936,5427728
1889,220904888976,220911473936,6584960,6558928
1890,220911520608,220918622816,7102208,4993696
1891,220918639424,220925877696,7238272,4590224
1892,220925895136,220933096144,7201008,5237056
1893,220933114832,220940817712,7702880,4758192
1894,220940842320,220947543296,6700976,4486176
1895,220947560336,220954110688,6550352,4814320
1896,220954165744,220961333104,7167360,5152400
1897,220961349984,220968925984,7576000,4957808
1898,220969018432,220975774176,6755744,4297312
1899,220975791360,220982664016,6872656,5459648
1900,220982680848,220989802736,7121888,4053136
1901,220989819392,220997469936,7650544,4892576
1902,220997490160,221003605888,6115728,7502688
1903,221003623536,221011377472,7753936,4527152
1904,221011393936,221018514816,7120880,4811696
1905,221018532192,221025576976,7044784,4859520
1906,221025594016,221033092592,7498576,6023344
1907,221033109504,221039461216,6351712,4064800
1908,221039481168,221045377296,5896128,4513376
1909,221045394320,221051805024,6410704,4419680
1910,221051822048,221059363952,7541904,6271040
1911,221059380480,221065357648,5977168,4807152
1912,221065374288,221077804832,12430544,5030000
1913,221077820496,221083395056,5574560,4263856
1914,221083411504,221089632112,6220608,4230624
1915,221089648432,221095390304,5741872,5941040
1916,221095406432,221100876480,5470048,4112560
1917,221100892928,221106690800,5797872,5700912
1918,221106797312,221112843200,6045888,5326816
1919,221112859712,221118801008,5941296,5119056
1920,221118817104,221124098320,5281216,4756704
1921,221124664096,221130557968,5893872,5270416
1922,221130573920,221135611104,5037184,4720560
1923,221135627040,221141503680,5876640,6025392
1924,221141519792,221150006368,8486576,5254368
1925,221150073824,221155533520,5459696,4816768
1926,221155549936,221161345216,5795280,5544256
1927,221161361024,221167204736,5843712,4231152
1928,221167220528,221174228080,7007552,4834784
1929,221174243840,221179292880,5049040,5314336
1930,221179308912,221184806256,5497344,5244368
1931,221184822272,221190225936,5403664,5081888
1932,221190242144,221197496976,7254832,5074880
1933,221197513248,221203304128,5790880,4302912
1934,221203320272,221209334128,6013856,5048912
1935,221209351376,221214597984,5246608,5079456
1936,221214614128,221219828608,5214480,5193328
1937,221219844544,221226769648,6925104,4764224
1938,221226785712,221231882208,5096496,4932224
1939,221231898816,221238583120,6684304,5298448
1940,221238599440,221244909936,6310496,6538656
1941,221244926336,221251028992,6102656,4698608
1942,221251044976,221256785696,5740720,4801456
1943,221256801952,221263056112,6254160,4098368
1944,221263110768,221268776672,5665904,5426640
1945,221268792656,221275802064,7009408,4315760
1946,221275817984,221282056432,6238448,6068000
1947,221282072944,221287873200,5800256,4183872
1948,221287889072,221294417456,6528384,5686864
1949,221294483712,221299648608,5164896,4158496
1950,221299664688,221305483392,5818704,5801488
1951,221305513584,221311797728,6284144,6026800
1952,221311814128,221318042096,6227968,6196224
1953,221318104224,221324123984,6019760,5292080
1954,221324681904,221330198864,5516960,5513200
1955,221330215344,221335501776,5286432,7858864
1956,221335517440,221341550688,6033248,4435616
1957,221341566592,221347630144,6063552,6437712
1958,221347646512,221353823472,6176960,4888400
1959,221353839664,221359587696,5748032,5337232
1960,221359603456,221365519920,5916464,4877808
1961,221365536096,221371818368,6282272,6316000
1962,221371834832,221379357024,7522192,4556832
1963,221379373360,221385055632,5682272,4012176
1964,221385081424,221390857088,5775664,4818944
1965,221390873024,221395955456,5082432,4537728
1966,221396036208,221402382096,6345888,4196960
1967,221402397792,221407697856,5300064,6466624
1968,221407754992,221414765856,7010864,4900144
1969,221414805648,221419949728,5144080,5389088
1970,221420025856,221426636592,6610736,5399696
1971,221426652512,221431795088,5142576,6697232
1972,221431810992,221438596576,6785584,5193408
1973,221438612928,221445623376,7010448,5674064
1974,221445639408,221452819600,7180192,3966176
1975,221452835984,221459111680,6275696,4950208
1976,221459127856,221465624880,6497024,5117376
1977,221465641168,221474483744,8842576,4882576
1978,221474500512,221479919360,5418848,0
1979,221479935664,221487357072,7421408,0
1980,221487373056,221493245472,5872416,0
1981,221493261728,221499582704,6320976,0
1982,221499598688,221505460512,5861824,0
1983,221505525472,221512776512,7251040,0
1984,221512815312,221518333344,5518032,0
1985,221518349120,221523345520,4996400,0
1986,221523361168,221529164464,5803296,0
1987,221529180752,221534702192,5521440,0
1988,221534784944,221539899152,5114208,0
1989,221539915024,221547365776,7450752,0
1990,221547382256,221553265920,5883664,0
1991,221553281968,221559655008,6373040,0
1992,221559671152,221566054704,6383552,0
1993,221566070640,221573751936,7681296,0
1994,221573812320,221579945344,6133024,0
1995,221580029824,221586619408,6589584,0
1996,221586635472,221591585584,4950112,0
1997,221591601472,221597535792,5934320,0
1998,221597551520,221603653168,6101648,0
1999,221603669328,221609535744,5866416,0
===CSV_END===
===================================================
===VMSTAT_START===
procs -----------memory---------- ---swap-- -----io---- -system-- ------cpu-----
 r  b   swpd   free   buff  cache   si   so    bi    bo   in   cs us sy id wa st
 2  0      0 143496   2432  37144    0    0    57    14  264  141 41 32 27  0  0
 3  0      0 143496   2432  37148    0    0     0     0  701  446  4 47 49  0  0
 3  0      0 143496   2432  37148    0    0     0     0  654  409  6 45 49  0  0
 2  0      0 143496   2432  37148    0    0     0     0  721  430 36 36 28  0  0
 4  0      0 143496   2432  37148    0    0     0    68  702  417 31 35 34  0  0
 2  0      0 143496   2440  37140    0    0     0   108  650  402 12 40 46  1  0
 3  0      0 143496   2440  37148    0    0     0     0  687  413 24 37 39  0  0
===VMSTAT_END===
