========================================
net_sender_li (pinger) — Scenario 3 reversed
EB corbos Linux Network Determinism
Metric: Round-Trip Latency (RTL)
========================================
Target:       10.0.1.1:5000
Probes:       2000
Protocol:     UDP
Period:       1 ms
Msg size:     64 B
Flood rate:   0 Mbps
Echo timeout: 10 ms

net_sender_li: SCHED_FIFO OK (priority 90)
Sending HELLO to 10.0.1.1:5000 (protocol=UDP)...
HELLO_ACK received — protocol=UDP
Starting ping-echo loop (2000 probes at 1 ms period)...


========== NET SENDER_LI (PINGER) RESULTS ==========
Probes sent:        2000
Echoes received:     687
Lost (no echo):     1318 (65.900%)
Elapsed:           9.282 s
RTL (us):
  Mean: 5317.344    Std dev: 895.156
  Min:  3493.504    Max:     12452.480
  P50:  5289.040    P95:     6584.928
  P99:  8431.536    P99.9:   12452.480
IAJ (us):
  Mean: 4296.508    Std dev: 706.210
  Min:  2507.216    Max:     7636.544
  P50:  4308.640    P95:     5566.256
  P99:  6231.056    P99.9:   7636.544
===CSV_START===
index,send_time_ns,recv_time_ns,rtl_ns,iaj_ns
0,537523284720,537529032944,5748224,4718016
1,537529256672,537534750960,5494288,6187152
2,537535048080,537541938112,6890032,4555520
3,537541953936,537547493632,5539696,3578896
4,537547509648,537552072528,4562880,5142416
5,537552087344,537558214944,6127600,4713136
6,537558229696,537563928080,5698384,5600304
7,537563943456,537570528384,6584928,4265552
8,537570543552,537575793936,5250384,5447520
9,537575808752,537582241456,6432704,4335664
10,537582256272,537587577120,5320848,4306336
11,537587592032,537592883456,5291424,4181072
12,537592899152,537598064528,5165376,4113920
13,537598082592,537603178448,5095856,4026976
14,537603193344,537608205424,5012080,5430496
15,537608221184,537614635920,6414736,4064048
16,537614650688,537619699968,5049280,4649456
17,537619796656,537625349424,5552768,4182304
18,537625364464,537630531728,5167264,5641648
19,537630546320,537637173376,6627056,4427840
20,537637188720,537642601216,5412496,5267072
21,537642616240,537648868288,6252048,5057408
22,537648883536,537654925696,6042160,3456496
23,537654940464,537659382192,4441728,5688848
24,537659396704,537666071040,6674336,4539056
25,537666086560,537671610096,5523536,4651440
26,537671624496,537677261536,5637040,4037856
27,537677276208,537682299392,5023184,3971664
28,537682314176,537687271056,4956880,3287152
29,537687285824,537691558208,4272384,5055472
30,537691573024,537697613680,6040656,7446768
31,537697628912,537706060448,8431536,4312064
32,537706085456,537711372512,5287056,3481616
33,537711388736,537715854128,4465392,4637776
34,537715868512,537721491904,5623392,4169520
35,537721514432,537726661424,5146992,4168192
36,537726676400,537731829616,5153216,4638128
37,537731844480,537737467744,5623264,4118192
38,537737511616,537742585936,5074320,4346736
39,537742600560,537747932672,5332112,5647504
40,537747947472,537754580176,6632704,4243840
41,537754594672,537759824016,5229344,4673120
42,537759838544,537765497136,5658592,4545456
43,537765511920,537771042592,5530672,3490704
44,537771059664,537775533296,4473632,3639888
45,537775547760,537780173184,4625424,4466704
46,537780880976,537785639888,4758912,4481920
47,537785654192,537791121808,5467616,3184912
48,537791135888,537795306720,4170832,3369152
49,537795321136,537799675872,4354736,4589184
50,537799689808,537805265056,5575248,4043840
51,537805279520,537810308896,5029376,3797648
52,537810322640,537815106544,4783904,3388672
53,537815120752,537819495216,4374464,3014912
54,537819509424,537823510128,4000704,3425968
55,537823524304,537827936096,4411792,4247872
56,537827950144,537833183968,5233824,4057024
57,537833198112,537838240992,5042880,3791328
58,537838254816,537843032320,4777504,3287280
59,537843046992,537847319600,4272608,3294768
60,537847333536,537851614368,4280832,3054544
61,537851628416,537855668912,4040496,4158304
62,537855683424,537860827216,5143792,3669488
63,537860841328,537865496704,4655376,4025808
64,537865512848,537870522512,5009664,5136656
65,537870537104,537876659168,6122064,3803456
66,537876673424,537881462624,4789200,3831232
67,537881481408,537886293856,4812448,3885408
68,537886308048,537891179264,4871216,3120096
69,537891193504,537895299360,4105856,2974160
70,537895313568,537899273520,3959952,4561616
71,537899287312,537904835136,5547824,3663472
72,537904849136,537909498608,4649472,4514944
73,537909513056,537915013552,5500496,3411728
74,537915040720,537919425280,4384560,3344608
75,537919439360,537923769888,4330528,4113360
76,537923786400,537928883248,5096848,3940528
77,537928897200,537933823776,4926576,4112768
78,537933838256,537938936544,5098288,3362144
79,537938950624,537943298688,4348064,3349600
80,537943312688,537947648288,4335600,2993888
81,537947662160,537951642176,3980016,3431296
82,537951656000,537956073472,4417472,4268256
83,537956087808,537961341728,5253920,3748000
84,537961355824,537966089728,4733904,3560496
85,537966103648,537970650224,4546576,3959920
86,537970664288,537975610144,4945856,3453024
87,537975624384,537980063168,4438784,4163552
88,537980077072,537985226720,5149648,3961392
89,537985240928,537990188112,4947184,3453008
90,537990202160,537994641120,4438960,3880944
91,537994655280,537999522064,4866784,4786736
92,537999536336,538005308800,5772464,3767952
93,538005323120,538010076752,4753632,3565856
94,538010090752,538014642608,4551856,3821104
95,538014656672,538019463712,4807040,3186752
96,538019488784,538023650464,4161680,3356496
97,538023664336,538028006960,4342624,4462944
98,538028050832,538033469904,5419072,5014176
99,538033491200,538039484080,5992880,4186480
100,538039500144,538044670560,5170416,5262976
101,538044684576,538050933536,6248960,3319952
102,538050947904,538055253488,4305584,3387472
103,538055267600,538059640960,4373360,2667536
104,538059654784,538063308496,3653712,2507216
105,538063322208,538066815712,3493504,3832688
106,538066860832,538071648400,4787568,4634528
107,538071662160,538077282928,5620768,3788096
108,538077296976,538082071024,4774048,3537664
109,538082085280,538086608688,4523408,3875456
110,538086622832,538091484144,4861312,3442240
111,538091500656,538095926384,4425728,5299408
112,538095940288,538102225792,6285504,4832352
113,538102240416,538108058144,5817728,4445968
114,538108073712,538113504112,5430400,4092640
115,538113518464,538118596752,5078288,3698880
116,538118610704,538123295632,4684928,3219808
117,538123309600,538127515440,4205840,3130512
118,538127529312,538131645952,4116640,2556336
119,538131659696,538135202288,3542592,3802368
120,538135218400,538140004656,4786256,4521344
121,538140027136,538145526000,5498864,3737552
122,538145540256,538150263552,4723296,4207632
123,538150287792,538155471184,5183392,3226480
124,538155489840,538159697664,4207824,3083248
125,538159801552,538163780912,3979360,3306720
126,538163797296,538168087632,4290336,4251824
127,538168101760,538173339456,5237696,7057472
128,538173353680,538181396928,8043248,3829952
129,538181411792,538186226880,4815088,3721360
130,538186241152,538190948240,4707088,3063072
131,538191076064,538195011312,3935248,3148352
132,538195027328,538199159664,4132336,3677040
133,538199173760,538203836704,4662944,4235600
134,538203851168,538209072304,5221136,4105104
135,538209086848,538214177408,5090560,3474592
136,538214192208,538218652000,4459792,3816448
137,538218666640,538223468448,4801808,5824736
138,538223486320,538230293184,6806864,4169792
139,538230307856,538235462976,5155120,4559392
140,538235511488,538241022368,5510880,4017168
141,538241044464,538246039536,4995072,3587968
142,538246091536,538250627504,4535968,3895152
143,538250641472,538255522656,4881184,2896560
144,538255537216,538259419216,3882000,3646000
145,538259468432,538264065216,4596784,4730080
146,538264079552,538269795296,5715744,3828576
147,538269819408,538274623872,4804464,3855648
148,538274638464,538279479520,4841056,3182352
149,538279494112,538283661872,4167760,3028624
150,538283675680,538287690496,4014816,4167808
151,538287746512,538292858304,5111792,3616144
152,538292872416,538297474448,4602032,5207200
153,538297499824,538303681648,6181824,3420640
154,538303695888,538308102288,4406400,4299296
155,538308118048,538313401584,5283536,3712128
156,538313415936,538318113712,4697776,3573072
157,538318165040,538322686784,4521744,3803472
158,538322753024,538327490256,4737232,3333168
159,538327504720,538331823424,4318704,4546160
160,538331838176,538337369584,5531408,3874576
161,538337383888,538342244160,4860272,4058912
162,538342257984,538347303072,5045088,3150432
163,538347317248,538351453504,4136256,3234416
164,538351498128,538355687920,4189792,3320400
165,538355702192,538360008320,4306128,4163760
166,538360023088,538365172080,5148992,4784688
167,538365186320,538370956768,5770448,4694448
168,538371018320,538376651216,5632896,3653088
169,538376664944,538381304304,4639360,3744864
170,538381318192,538386049168,4730976,3545648
171,538386063536,538390594816,4531280,4411728
172,538390608928,538396006544,5397616,4497616
173,538396028832,538401504160,5475328,4591856
174,538401519264,538407096016,5576752,3318000
175,538407110368,538411414016,4303648,3616416
176,538411474816,538416030432,4555616,4338240
177,538416045264,538421368672,5323408,3824240
178,538421383632,538426192912,4809280,4120592
179,538426210528,538431313504,5102976,3213376
180,538431328896,538435526880,4197984,3151440
181,538435541792,538439678320,4136528,2954624
182,538439692768,538443632944,3940176,3186640
183,538443645904,538447819584,4173680,3829200
184,538447832656,538452648784,4816128,3903056
185,538452663120,538457551840,4888720,3946432
186,538457566784,538462498272,4931488,3706512
187,538462512480,538467204784,4692304,3138640
188,538467218432,538471343424,4124992,3316000
189,538471357216,538475659424,4302208,3269984
190,538475674064,538479929408,4255344,4569280
191,538479943600,538485498688,5555088,3997488
192,538485513584,538490496176,4982592,3727600
193,538490510416,538495223776,4713360,6055664
194,538495237920,538502279440,7041520,4333072
195,538502294256,538507612512,5318256,4656352
196,538507626320,538513268864,5642544,4024704
197,538513283216,538518293568,5010352,3769824
198,538518307968,538523063392,4755424,3338480
199,538523078112,538527401872,4323760,3519024
200,538527416288,538531920896,4504608,4329440
201,538531935072,538537250336,5315264,4336496
202,538537264480,538542586832,5322352,3898720
203,538542601056,538547485552,4884496,2709040
204,538547499856,538551194592,3694736,3725392
205,538551208880,538555919984,4711104,6012448
206,538555935424,538562932432,6997008,3158016
207,538562948208,538567090448,4142240,3086464
208,538567143872,538571176912,4033040,3332528
209,538571192272,538575509440,4317168,3090832
210,538575524832,538579600272,4075440,3506048
211,538579615424,538584106320,4490896,4738464
212,538584668128,538589844784,5176656,3847520
213,538589860384,538594692304,4831920,3900720
214,538594793152,538599593024,4799872,4441136
215,538599608304,538605034160,5425856,4437600
216,538605052016,538610471760,5419744,3744800
217,538610491456,538615216560,4725104,2564672
218,538615232496,538618781232,3548736,4178032
219,538618848144,538623959264,5111120,4541760
220,538624077664,538629501024,5423360,3959072
221,538629516752,538634460096,4943344,3802080
222,538634476688,538639262176,4785488,3372384
223,538639277776,538643634560,4356784,2696336
224,538643649920,538647330896,3680976,3321488
225,538647346192,538651652384,4306192,3420048
226,538651667984,538656072432,4404448,4878592
227,538656088144,538661951024,5862880,3650624
228,538662033200,538666601648,4568448,3691072
229,538666617472,538671292720,4675248,3264208
230,538671308528,538675556928,4248400,3360880
231,538675572624,538679917808,4345184,4385888
232,538679933456,538685303696,5370240,4310368
233,538685320080,538690614064,5293984,3969376
234,538690630592,538695583440,4952848,2781392
235,538695599680,538699364832,3765152,5104448
236,538699381152,538705469280,6088128,4994144
237,538705487776,538711463424,5975648,3631920
238,538711479984,538716095344,4615360,4376768
239,538716151712,538721472112,5320400,3856912
240,538721491088,538726329024,4837936,3961568
241,538726344656,538731290592,4945936,3198096
242,538731305744,538735488688,4182944,4173408
243,538735503952,538740662096,5158144,3652384
244,538740677024,538745314480,4637456,4328256
245,538745329888,538750642736,5312848,3542752
246,538750660144,538755185488,4525344,3108320
247,538755200992,538759293808,4092816,3516096
248,538759309232,538763809904,4500672,4205712
249,538763825840,538769015616,5189776,4625904
250,538769075920,538774641520,5565600,3941216
251,538774660000,538779582736,4922736,3459760
252,538779598784,538784042496,4443712,4474880
253,538784067552,538789517376,5449824,7636544
254,538789533680,538801953776,12420096,5477616
255,538802070528,538810590320,8519792,4035040
256,538810617680,538817067936,6450256,3637440
257,538817084864,538822102976,5018112,3760352
258,538822119264,538826740416,4621152,3125312
259,538826819152,538831500768,4681616,4068544
260,538831516896,538835626080,4109184,3731792
261,538835641568,538840694624,5053056,4602640
262,538840709920,538845426416,4716496,3261632
263,538845491424,538851029056,5537632,3206560
264,538851055360,538855290688,4235328,3346848
265,538855306432,538859497248,4190816,4215184
266,538859513088,538863844096,4331008,3612320
267,538863864992,538869059280,5194288,3869200
268,538869073952,538873671600,4597648,3922880
269,538873687536,538878540800,4853264,5188176
270,538878556416,538883463680,4907264,3953904
271,538883517040,538889651856,6134816,3989760
272,538889667984,538894605760,4937776,5516736
273,538894621472,538899595520,4974048,4404672
274,538899611184,538906112256,6501072,4136368
275,538906128688,538911516928,5388240,3579136
276,538911532992,538916653296,5120304,4010896
277,538916671664,538921232432,4560768,4044096
278,538921248848,538926243328,4994480,3741680
279,538926259984,538931287424,5027440,5083760
280,538931303296,538936029104,4725808,3671856
281,538936067856,538942112864,6045008,3708320
282,538942127984,538946784720,4656736,3177344
283,538946802912,538951493040,4690128,4391168
284,538951508544,538955670384,4161840,4058992
285,538955685584,538961061552,5375968,3917392
286,538961077696,538966120544,5042848,4863264
287,538966193568,538971037936,4844368,6213888
288,538971076064,538976901200,5825136,5739360
289,538976916656,538984115088,7198432,4991792
290,538984130672,538990854448,6723776,4679552
291,538990870016,538996846240,5976224,3752816
292,538996862496,539002525792,5663296,4360960
293,539002541856,539007278608,4736752,4445984
294,539007294368,539012639568,5345200,4506640
295,539012655056,539018085552,5430496,4815568
296,539018101152,539023592192,5491040,4757952
297,539023607472,539029407760,5800288,4536880
298,539029472272,539035165712,5693440,4455328
299,539035183104,539040702592,5519488,3914240
300,539040776960,539046157920,5380960,3595280
301,539046178048,539051072160,4894112,4390736
302,539051088976,539055667440,4578464,4885696
303,539055682960,539061058176,5375216,3687056
304,539061074288,539066943872,5869584,5429600
305,539067023824,539071630928,4607104,4599744
306,539071646512,539078060528,6414016,4417520
307,539078076432,539083660272,5583840,4446752
308,539083676272,539089077792,5401520,3775056
309,539089093728,539094524544,5430816,5869056
310,539094540352,539099299600,4759248,4308432
311,539099315456,539106168656,6853200,4691536
312,539106186464,539111477088,5290624,4407472
313,539111493440,539117168624,5675184,4042672
314,539117221216,539122576096,5354880,4374688
315,539122591696,539127618768,5027072,4212896
316,539127634144,539132993456,5359312,4363120
317,539133017008,539138206352,5189344,4479584
318,539138223312,539143569472,5346160,4340096
319,539143585568,539149049056,5463488,3836144
320,539149068080,539154389152,5321072,3855248
321,539154405008,539159225296,4820288,4869392
322,539159241264,539164080544,4839280,4720576
323,539164096368,539169949936,5853568,4109408
324,539170016480,539175670512,5654032,4476464
325,539175686176,539180779920,5093744,3768256
326,539180795200,539186256384,5461184,3876032
327,539186271920,539191024640,4752720,5779056
328,539191067024,539195900672,4833648,3865184
329,539195916288,539202679728,6763440,4632944
330,539202696064,539207544912,4848848,4012496
331,539207560400,539213177856,5617456,4220592
332,539213193344,539218190352,4997008,4434752
333,539218213312,539223410944,5197632,4864912
334,539223482672,539228845696,5363024,4305328
335,539228860528,539234710608,5850080,5577568
336,539234726896,539240015936,5289040,4081008
337,539240041920,539246593504,6551584,4654480
338,539246609344,539251674512,5065168,4255232
339,539251690384,539257328992,5638608,3954128
340,539257344672,539262584224,5239552,4669408
341,539262599920,539267538352,4938432,4343232
342,539267553872,539273207760,5653888,4358272
343,539273224304,539278550992,5326688,5000496
344,539278566672,539283909264,5342592,4291584
345,539283925456,539289909760,5984304,3748944
346,539289926064,539295201344,5275280,6076416
347,539295217600,539299950288,4732688,4024144
348,539300014800,539307026704,7011904,5142576
349,539307043792,539312050848,5007056,4399760
350,539312075424,539318193424,6118000,4627216
351,539318210048,539323593184,5383136,4450032
352,539323609296,539329220400,5611104,4055024
353,539329239024,539334670432,5431408,4393328
354,539334686128,539339725456,5039328,4445520
355,539339806128,539345118784,5312656,4022800
356,539345174864,539350564304,5389440,4232576
357,539350580192,539355587104,5006912,4273744
358,539355602752,539360819680,5216928,4308640
359,539360835296,539366093424,5258128,4612208
360,539366109104,539371402064,5292960,4538624
361,539371417760,539377014272,5596512,4117056
362,539377062064,539382552896,5490832,4499360
363,539382568592,539387669952,5101360,4437584
364,539387685552,539393169312,5483760,4233792
365,539393185104,539398606896,5421792,4695648
366,539398622400,539403840688,5218288,4042128
367,539403856384,539409536336,5679952,3961968
368,539409551920,539414578464,5026544,4533216
369,539414594176,539419540432,4946256,4488720
370,539419556176,539425073648,5517472,3975840
371,539425089280,539430562368,5473088,4460256
372,539430578208,539435538208,4960000,4129120
373,539435553616,539440998464,5444848,4602784
374,539441015168,539446127584,5112416,4328368
375,539446181760,539451730368,5548608,4634896
376,539451820624,539457058736,5238112,3559184
377,539457074896,539462693632,5618736,3450144
378,539462709456,539467252816,4543360,4451200
379,539467268640,539471702960,4434320,4445664
380,539471718400,539477154160,5435760,3974032
381,539477180576,539482599824,5419248,5136768
382,539482615584,539487573856,4958272,4917616
383,539487590496,539493710624,6120128,5092160
384,539493727584,539499628240,5900656,4441536
385,539499645152,539505720400,6075248,3423680
386,539505809232,539511161936,5352704,4665120
387,539511178880,539515585616,4406736,4274048
388,539515602512,539521250736,5648224,3968032
389,539521267568,539526524784,5257216,4270512
390,539526540672,539531492816,4952144,4774960
391,539531522224,539536763328,5241104,3958528
392,539536799824,539542538288,5738464,4322464
393,539542554432,539547496816,4942384,4706256
394,539547515440,539552819280,5303840,3913920
395,539552834832,539558525536,5690704,4633760
396,539558540192,539563439456,4899264,4514144
397,539563454896,539569073216,5618320,3917408
398,539569090272,539574587360,5497088,4554464
399,539574603680,539579504768,4901088,5037392
400,539579520576,539585059232,5538656,3808624
401,539585076432,539591096624,6020192,6112592
402,539591112304,539595905248,4792944,3684976
403,539595921104,539603017840,7096736,4354896
404,539603063184,539607702816,4639632,4522640
405,539607718752,539613057712,5338960,3764304
406,539613083040,539618580352,5497312,3164368
407,539618596448,539623344656,4748208,4495232
408,539623359440,539627509024,4149584,5080272
409,539627523728,539633004256,5480528,3604976
410,539633068288,539639084528,6016240,4484864
411,539639100368,539643689504,4589136,4025184
412,539643705504,539649174368,5468864,4051760
413,539649190256,539654199552,5009296,3671616
414,539654215376,539659251312,5035936,4643248
415,539659266640,539663922928,4656288,3968032
416,539663938752,539669566176,5627424,3963552
417,539669582096,539674534208,4952112,4518336
418,539674549760,539679497760,4948000,4458768
419,539679514352,539685016096,5501744,3805728
420,539685042528,539690474864,5432336,4762640
421,539690522880,539695280592,4757712,5031104
422,539695296288,539701043232,5746944,5782832
423,539701059616,539707074336,6014720,4631616
424,539707098448,539713857168,6758720,4328464
425,539713874320,539719488784,5614464,4599552
426,539719505824,539724817248,5311424,4086720
427,539724832864,539730416800,5583936,4524704
428,539730487520,539735503520,5016000,4369744
429,539735519440,539741028224,5508784,4092752
430,539741060848,539746397968,5337120,4699248
431,539746413328,539751490720,5077392,4455872
432,539751506368,539757189968,5683600,3568608
433,539757205712,539762645840,5440128,3687936
434,539762661312,539767214448,4553136,5599328
435,539767230432,539771902384,4671952,4051888
436,539771917904,539778501712,6583808,4178592
437,539778527872,539783553600,5025728,4344560
438,539783569536,539788732192,5162656,4529712
439,539788747792,539794076752,5328960,5956448
440,539794094128,539799606464,5512336,6142912
441,539799622512,539810641680,11019168,4729120
442,539810658384,539817598128,6939744,4023456
443,539817615632,539824741040,7125408,5436656
444,539824833280,539830470160,5636880,4774832
445,539830533840,539835493616,4959776,4767408
446,539835510400,539841930272,6419872,5018656
447,539841947104,539847705104,5758000,4934880
448,539847722384,539853472512,5750128,4940160
449,539853536560,539859491168,5954608,4210704
450,539859508752,539865426048,5917296,4082128
451,539865489296,539871366208,5876912,4674352
452,539871383056,539876576912,5193856,5054256
453,539876594768,539881659040,5064272,5163072
454,539881676544,539887333392,5656848,4533936
455,539887350032,539893387648,6037616,4204720
456,539893403888,539899550720,6146832,6913760
457,539899567520,539905084656,5517136,4887616
458,539905101664,539910289376,5187712,4477104
459,539910305488,539918203136,7897648,5536624
460,539918219520,539924090752,5871232,5086304
461,539924106992,539929567856,5460864,5703520
462,539929584320,539936104480,6520160,4635824
463,539936919280,539942190784,5271504,5491408
464,539942209808,539948894304,6684496,5688560
465,539948910656,539954530128,5619472,3998016
466,539954548656,539961021536,6472880,4569504
467,539961080976,539967710096,6629120,4222624
468,539967727040,539972708112,4981072,4276880
469,539972724864,539978277616,5552752,3831920
470,539978293888,539983500240,5206352,4645936
471,539983520768,539988777120,5256352,4406000
472,539988821120,539993609040,4787920,3910736
473,539993626032,539999254976,5628944,5026464
474,539999270992,540004660976,5389984,4240416
475,540004677328,540009571712,4894384,3796720
476,540009588000,540015598176,6010176,4568176
477,540015614944,540020838592,5223648,5075040
478,540020855248,540025635312,4780064,4031168
479,540025651616,540031203488,5551872,3082336
480,540031220208,540037278528,6058320,2904240
481,540037294960,540042309696,5014736,5356560
482,540042325792,540046392032,4066240,3892064
483,540046408384,540050296272,3887888,3965712
484,540050312896,540056652832,6339936,3931360
485,540056672176,540061544896,4872720,4493792
486,540061561680,540066510608,4948928,3575440
487,540066526944,540071441968,4915024,3674080
488,540071466192,540076935760,5469568,4271280
489,540076970464,540081511200,4540736,4400112
490,540081526160,540086185280,4659120,4991408
491,540086201600,540091456560,5254960,6591472
492,540091472272,540096856672,5384400,5591904
493,540096873360,540109325840,12452480,4645744
494,540109342304,540115317248,5974944,4570016
495,540115334608,540122908720,7574112,4449088
496,540122925584,540129500624,6575040,5904464
497,540129517616,540135146368,5628752,4428896
498,540135168080,540140716384,5548304,4541744
499,540140734864,540146165472,5430608,4798928
500,540146181856,540153069936,6888080,4590720
501,540153086176,540158498832,5412656,4093536
502,540158513904,540164040576,5526672,3965952
503,540164062096,540169839504,5777408,4133232
504,540169855936,540175430224,5574288,4052672
505,540175495856,540180523760,5027904,4519296
506,540180539472,540185489712,4950240,4324272
507,540185507184,540190622944,5115760,4060944
508,540190637280,540195675616,5038336,4094208
509,540195690992,540201194912,5503920,4215584
510,540201209712,540206519184,5309472,4660528
511,540206537968,540211580128,5042160,4982832
512,540211595712,540216674336,5078624,5073680
513,540216689728,540221889920,5200192,4102624
514,540221905360,540227550448,5645088,3878320
515,540227565968,540233533280,5967312,5057824
516,540233549136,540239606960,6057824,5253440
517,540239622480,540244709584,5087104,5961200
518,540244802896,540249587904,4785008,4719248
519,540249603616,540255645728,6042112,4057936
520,540255662416,540261899168,6236752,4926992
521,540261915968,540268860368,6944400,4937600
522,540268877680,540274579616,5701936,5422016
523,540274596240,540279637552,5041312,4516000
524,540279653616,540285564544,5910928,3870784
525,540285581216,540291502144,5920928,4544176
526,540291520640,540302662576,11141936,4540800
527,540302678320,540309084592,6406272,3941104
528,540309129088,540314600592,5471504,4690496
529,540314617632,540319471376,4853744,4073872
530,540319505328,540325015552,5510224,4854352
531,540325042464,540330556352,5513888,4817360
532,540330572016,540335497456,4925440,4637344
533,540335516016,540341187952,5671936,4430704
534,540341204048,540346261824,5057776,4192528
535,540346277872,540352116176,5838304,5504832
536,540352132352,540357933536,5801184,4469056
537,540357949536,540363570880,5621344,3882832
538,540363586944,540369001584,5414640,3840320
539,540369037888,540374194112,5156224,5151520
540,540374210368,540380698944,6488576,6231056
541,540380714992,540386168000,5453008,4402688
542,540386183424,540391050832,4867408,3933392
543,540391075600,540395891152,4815552,4619456
544,540395906000,540402042672,6136672,4478432
545,540402097136,540409273728,7176592,3862544
546,540409290080,540414676416,5386336,4742416
547,540414692544,540419609808,4917264,4792192
548,540419625280,540425229264,5603984,4019424
549,540425245632,540430707696,5462064,4946928
550,540430723552,540435570240,4846688,4551824
551,540435585744,540441312656,5726912,4387504
552,540441328176,540447104848,5776672,4396464
553,540447120384,540452124272,5003888,3768352
554,540452662112,540458071200,5409088,5292528
555,540458087120,540463623024,5535904,4604944
556,540463639024,540469010528,5371504,3608544
557,540469035392,540474406992,5371600,4021632
558,540474467232,540479175344,4708112,5308048
559,540479192944,540485467872,6274928,3814128
560,540485494576,540491072816,5578240,4709040
561,540491088768,540495681360,4592592,4748720
562,540495696704,540500702992,5006288,5004176
563,540500718864,540507011040,6292176,4774352
564,540507036192,540511825168,4788976,3489456
565,540511841024,540517534208,5693184,4740000
566,540517549696,540523282928,5733232,4378304
567,540523298784,540529287104,5988320,3884528
568,540529303424,540535061456,5758032,4158048
569,540535077440,540539550912,4473472,4365744
570,540539566960,540545290912,5723952,4696720
571,540545306688,540550669216,5362528,4446768
572,540550684816,540555553744,4868928,4350896
573,540555569904,540560711792,5141888,4058192
574,540560727584,540566077536,5349952,4417424
575,540566092304,540571774256,5681952,4369072
576,540571811680,540577221024,5409344,3702720
577,540577236672,540582571920,5335248,4913984
578,540582587536,540587630112,5042576,4672736
579,540587645440,540593047536,5402096,3986560
580,540593064720,540598416608,5351888,4328112
581,540598477200,540603119328,4642128,4448480
582,540603177024,540609033312,5856288,4097856
583,540609051152,540614706048,5654896,4814576
584,540614721840,540619692608,4970768,4232848
585,540619708304,540625020720,5312416,3601632
586,540625039280,540630469200,5429920,3973040
587,540630494944,540635567056,5072112,4861168
588,540635582928,540641381632,5798704,4350544
589,540641397312,540646614480,5217168,4315232
590,540646630096,540651216112,4586016,4337056
591,540651231488,540656189152,4957664,4517232
592,540656704480,540662050320,5345840,4627664
593,540662067280,540667400864,5333584,4437328
594,540667415408,540672716096,5300688,3944080
595,540672730528,540678053152,5322624,5101552
596,540678067840,540683570384,5502544,4730688
597,540683586224,540689198048,5611824,4645216
598,540689214192,540694635376,5421184,4500096
599,540694651600,540699579456,4927856,4018048
600,540699594896,540705681008,6086112,4927360
601,540705697280,540711411696,5714416,4666560
602,540711482096,540717056912,5574816,5048800
603,540717073712,540722557008,5483296,4977296
604,540722572896,540727575056,5002160,4468912
605,540727591264,540733502416,5911152,4526992
606,540733518272,540739168976,5650704,5994624
607,540739186688,540745217776,6031088,4440384
608,540745234288,540751195072,5960784,5566256
609,540751211440,540756663984,5452544,4429856
610,540756679936,540762190976,5511040,3936864
611,540762208912,540769185600,6976688,3571248
612,540769201648,540774625984,5424336,4671536
613,540774642720,540781192240,6549520,4256928
614,540781208384,540786622096,5413712,6489584
615,540786637648,540791558960,4921312,4018976
616,540791573648,540796130208,4556560,4517264
617,540796658480,540801801744,5143264,4373984
618,540801817600,540807058672,5241072,3858704
619,540807144768,540819176240,12031472,4724656
620,540819191856,540826665824,7473968,4376560
621,540826683680,540831684800,5001120,5663232
622,540831701824,540837202064,5500240,4267728
623,540837227872,540842576048,5348176,4115152
624,540842592816,540847434752,4841936,3521072
625,540847455040,540853159408,5704368,4954672
626,540853226128,540858535968,5309840,4586560
627,540858551840,540865199200,6647360,4762576
628,540865214128,540870466928,5252800,5637696
629,540870515424,540875582080,5066656,5539696
630,540875597648,540880103152,4505504,3901200
631,540880119456,540886057824,5938368,4332992
632,540886073856,540891644384,5570528,4272704
633,540891659888,540897406960,5747072,4974560
634,540897504064,540904044656,6540592,4981056
635,540904077536,540910584352,6506816,4966864
636,540910600224,540915485552,4885328,5032736
637,540915501408,540920818544,5317136,4526960
638,540920834112,540926091248,5257136,4670992
639,540926106912,540932065808,5958896,4286944
640,540932081152,540938046864,5965712,4037552
641,540938070432,540944013728,5943296,4987168
642,540944031376,540950046464,6015088,4992960
643,540950077056,540955573424,5496368,4921328
644,540955588832,540961244416,5655584,5000608
645,540961260240,540966531360,5271120,4593616
646,540966546624,540971568912,5022288,5141536
647,540971583104,540977556080,5972976,3735840
648,540977573120,540983549040,5975920,5143424
649,540983564544,540989470368,5905824,4479728
650,540989517776,540995470976,5953200,4614928
651,540995499408,541001064592,5565184,4506672
652,541001080528,541007206128,6125600,3571888
653,541007222032,541011941968,4719936,5003536
654,541012072464,541018085392,6012928,4652896
655,541018100832,541023565120,5464288,4161024
656,541023579344,541029180048,5600704,4998016
657,541029195344,541034686720,5491376,4511456
658,541034702592,541039258608,4556016,4475408
659,541039274288,541045262144,5987856,4799264
660,541045277936,541050915040,5637104,3640672
661,541050930784,541056076064,5145280,5087168
662,541056091312,541062074080,5982768,5127120
663,541062089376,541067585536,5496160,4491312
664,541067600864,541073060944,5460080,5034864
665,541073076208,541078860208,5784000,4484928
666,541078875552,541083500880,4625328,4556432
667,541083526672,541089588048,6061376,4430608
668,541089603840,541095715168,6111328,4946704
669,541095783536,541101206480,5422944,4535024
670,541101233264,541107241344,6008080,3709696
671,541107256864,541112726272,5469408,4780432
672,541112741552,541118282704,5541152,4612976
673,541118297888,541123713312,5415424,3799552
674,541123775680,541129660016,5884336,5196976
675,541129675408,541135195040,5519632,4096880
676,541135211936,541139904736,4692800,3674784
677,541139920096,541145685168,5765072,4962256
678,541145701248,541151298144,5596896,4430928
679,541151313536,541156097696,4784160,4691952
680,541156113312,541162294672,6181360,5022544
681,541162309888,541167391552,5081664,0
682,541167407648,541172066336,4658688,0
683,541172081824,541178028592,5946768,0
684,541178045152,541183459520,5414368,0
685,541183500112,541189151472,5651360,0
686,541189169120,541195174016,6004896,0
===CSV_END===
===================================================
===VMSTAT_START===
procs -----------memory---------- ---swap-- -----io---- -system-- ------cpu-----
 r  b   swpd   free   buff  cache   si   so    bi    bo   in   cs us sy id wa st
 4  0      0 143148   2912  37176    0    0    22    14  283  149 45 32 23  0  0
 3  0      0 143148   2912  37176    0    0     0     0  708  437  4 47 49  0  0
 4  0      0 143148   2912  37176    0    0     0     0  658  403  7 44 49  0  0
 2  0      0 143148   2912  37176    0    0     0     0  712  447 31 36 32  0  0
 3  0      0 143148   2912  37176    0    0     0     0  693  454 24 42 34  0  0
 5  0      0 143148   2920  37168    0    0     0   108  644  447 12 42 44  2  0
 3  0      0 143148   2920  37176    0    0     0     0  629  421 19 43 39  0  0
===VMSTAT_END===
