========================================
Signal Sender Workload (Synchronized)
========================================
Initializing shared memory...
Waiting for speedometer to register...
Found speedometer in shared memory!
Sending START command to speedometer: START: 15;5;20

Running workload signal period for 15 seconds...

Workload signal period completed.
Sending STOP command to speedometer...
Waiting for statistics from speedometer...

Stress workload terminated.
===VMSTAT_START===
procs -----------memory---------- ---swap-- -----io---- -system-- ------cpu-----
 r  b   swpd   free   buff  cache   si   so    bi    bo   in   cs us sy id wa st
16  0      0  99340  14372  35628    0    0    61    48  369  403 62 34  4  0  0
16  0      0  99220  14372  35636    0    0     0     0  829  987 74 26  0  0  0
17  0      0  99220  14372  35636    0    0     0     0  836  989 75 25  0  0  0
16  0      0  99220  14372  35636    0    0     0     0  852 1001 70 30  0  0  0
16  0      0  99220  14372  35636    0    0     0     0  819  966 76 24  0  0  0
16  0      0  99220  14372  35636    0    0     0     0  805  888 75 25  0  0  0
16  0      0  99220  14372  35636    0    0     0     0  846  997 72 29  0  0  0
16  0      0  99220  14372  35636    0    0     0     0  834  984 74 26  0  0  0
16  0      0  99220  14372  35636    0    0     0     0  828  942 72 28  0  0  0
16  0      0  99220  14372  35636    0    0     0     0  837  984 78 22  0  0  0
16  0      0  99220  14372  35636    0    0     0     0  842  994 74 26  0  0  0
16  0      0  99220  14372  35636    0    0     0     0  830  981 75 25  0  0  0
17  0      0  99220  14372  35636    0    0     0     0  856 1022 71 29  0  0  0
16  0      0  99220  14372  35636    0    0     0     0  805  946 79 21  0  0  0
16  0      0  99220  14372  35636    0    0     0     0  867 1017 69 31  0  0  0
17  1      0  99220  14372  35636    0    0     0     0  805  909 71 29  0  0  0
16  0      0  99220  14372  35636    0    0     0     0  689  652 60 40  0  0  0
===VMSTAT_END===
========== SPEEDOMETER RT APPLICATION RESULTS ==========
Test Configuration:
Period: 50.000 ms
Deadline: 5.000 ms
RT Priority: 99 (SCHED_FIFO)
Execution Statistics:
Total cycles: 298
Deadline misses: 1 (0.336%)
Execution Time (μs):
Mean: 215.461
Min: 150.352
Max: 1627.152
50th percentile: 197.232
95th percentile: 309.696
99th percentile: 419.744
99.9th percentile: 1627.152
Jitter (μs):
Mean: 2759.983
Min: 1374.720
Max: 4741.232
Response Time (μs):
Mean: 2975.444
Min: 1653.568
Max: 5002.864
50th percentile: 2823.136
95th percentile: 4381.344
99th percentile: 4658.816
99.9th percentile: 5002.864
========================================================
[  230.095646] SDK:handler_do_el0_svc_pre: syscall __NR_futex (98) is not allowed
[  230.411249] SDK:handler_do_el0_svc_pre: syscall __NR_munmap (215) is not allowed
[  230.421387] SDK:handler_do_el0_svc_pre: syscall __NR_wait4 (260) is not allowed
[  230.431134] SDK:handler_do_el0_svc_pre: syscall __NR_munmap (215) is not allowed
[  230.439933] SDK:handler_do_el0_svc_pre: syscall __NR_rt_sigprocmask (135) is not allowed
[  230.449606] SDK:handler_do_el0_svc_pre: syscall __NR_futex (98) is not allowed
[  230.459327] SDK:handler_do_el0_svc_pre: syscall __NR_exit (93) is not allowed
[  230.468653] SDK:handler_do_el0_svc_pre: syscall __NR_munmap (215) is not allowed
===VMSTAT_START===
procs -----------memory---------- ---swap-- -----io---- -system-- ------cpu-----
r  b   swpd   free   buff  cache   si   so    bi    bo   in   cs us sy id wa st
0  0      0  68720    512   9816    0    0     0     0   63   69  0  5 94  1  0
1  0      0  68708    512   9816    0    0     0     0   51   61  1  2 98  0  0
0  0      0  68708    512   9816    0    0     0     0   54   66  1  1 98  0  0
0  0      0  68708    512   9816    0    0     0     0   56   56  1  2 98  0  0
0  0      0  68708    512   9816    0    0     0     0   52   57  0  2 98  0  0
0  0      0  68708    512   9816    0    0     0     0   56   58  0  2 97  0  0
0  0      0  68708    512   9816    0    0     0     0   59   67  1  1 98  0  0
1  0      0  68708    512   9816    0    0     0     0   56   60  1  2 97  0  0
0  0      0  68708    512   9816    0    0     0     0   52   55  1  2 97  0  0
0  0      0  68708    512   9816    0    0     0     0   51   56  0  2 98  0  0
1  0      0  68708    512   9816    0    0     0     0   57   63  1  2 98  0  0
0  0      0  68708    512   9816    0    0     0     0   55   62  1  1 98  0  0
0  0      0  68708    512   9816    0    0     0     0   53   56  0  3 97  0  0
1  0      0  68708    512   9816    0    0     0     0   59   58  1  2 97  0  0
1  0      0  68708    512   9816    0    0     0     0   54   60  0  2 98  0  0
0  0      0  68708    512   9816    0    0     0     0  144   39  0  9 91  0  0
===VMSTAT_END===
===CSV_START===
cycle,timestamp_s,execution_time_us,jitter_us,response_time_us,deadline_miss
1,0.052604,160.640,2604.416,2765.056,0
2,0.102335,336.288,2335.104,2671.392,0
3,0.152191,1627.152,2191.312,3818.464,0
4,0.203556,330.704,3556.400,3887.104,0
5,0.253905,208.128,3904.736,4112.864,0
6,0.302751,200.720,2750.880,2951.600,0
7,0.354297,308.400,4296.864,4605.264,0
8,0.403057,201.632,3057.328,3258.960,0
9,0.452051,156.720,2051.296,2208.016,0
10,0.502609,257.328,2609.168,2866.496,0
11,0.552069,226.144,2068.544,2294.688,0
12,0.602577,184.208,2576.992,2761.200,0
13,0.654056,400.688,4055.968,4456.656,0
14,0.702500,156.480,2500.272,2656.752,0
15,0.753439,287.936,3439.136,3727.072,0
16,0.802500,159.872,2500.320,2660.192,0
17,0.854135,412.224,4135.424,4547.648,0
18,0.901821,170.960,1820.576,1991.536,0
19,0.954180,154.544,4180.304,4334.848,0
20,1.001497,176.768,1497.312,1674.080,0
21,1.053089,155.536,3088.912,3244.448,0
22,1.101894,201.456,1894.032,2095.488,0
23,1.152053,153.728,2052.896,2206.624,0
24,1.202111,290.416,2111.440,2401.856,0
25,1.254334,247.120,4334.384,4581.504,0
26,1.302948,153.008,2948.176,3101.184,0
27,1.351517,180.624,1516.848,1697.472,0
28,1.402526,162.000,2526.224,2688.224,0
29,1.454363,216.256,4362.640,4578.896,0
30,1.502789,169.360,2789.136,2958.496,0
31,1.553954,155.888,3954.000,4109.888,0
32,1.602542,208.368,2542.048,2750.416,0
33,1.653919,268.176,3918.688,4186.864,0
34,1.701540,161.312,1539.952,1701.264,0
35,1.753938,197.712,3938.032,4135.744,0
36,1.801621,216.160,1620.624,1836.784,0
37,1.854302,298.160,4301.552,4599.712,0
38,1.901822,193.872,1821.968,2015.840,0
39,1.952083,210.784,2082.672,2293.456,0
40,2.001762,153.584,1761.568,1915.152,0
41,2.053263,153.152,3262.752,3415.904,0
42,2.101791,182.496,1791.456,1973.952,0
43,2.153818,234.832,3817.728,4052.560,0
44,2.201881,183.616,1881.264,2064.880,0
45,2.254048,208.336,4048.000,4256.336,0
46,2.302609,196.416,2609.072,2805.488,0
47,2.351613,218.704,1613.136,1831.840,0
48,2.403924,173.232,3924.096,4097.328,0
49,2.453820,194.544,3820.368,4014.912,0
50,2.501497,306.704,1497.328,1804.032,0
51,2.553817,156.416,3816.832,3973.248,0
52,2.602496,156.784,2495.872,2652.656,0
53,2.653939,185.008,3938.928,4123.936,0
54,2.702536,193.280,2535.968,2729.248,0
55,2.754465,194.160,4464.656,4658.816,0
56,2.802965,209.456,2965.184,3174.640,0
57,2.852031,200.816,2030.736,2231.552,0
58,2.901910,229.952,1910.448,2140.400,0
59,2.952028,215.184,2027.856,2243.040,0
60,3.002554,186.864,2554.016,2740.880,0
61,3.053958,193.312,3958.048,4151.360,0
62,3.101756,189.184,1756.304,1945.488,0
63,3.154142,239.808,4141.536,4381.344,0
64,3.202016,235.744,2016.000,2251.744,0
65,3.251956,179.504,1956.192,2135.696,0
66,3.302599,189.584,2599.456,2789.040,0
67,3.351804,204.768,1804.064,2008.832,0
68,3.403774,186.576,3773.760,3960.336,0
69,3.453763,272.480,3762.512,4034.992,0
70,3.501821,152.288,1821.440,1973.728,0
71,3.551947,162.144,1946.832,2108.976,0
72,3.601966,194.912,1965.568,2160.480,0
73,3.654168,197.984,4168.384,4366.368,0
74,3.701989,219.200,1989.472,2208.672,0
75,3.751601,419.744,1601.008,2020.752,0
76,3.802120,246.496,2120.368,2366.864,0
77,3.854059,156.608,4059.232,4215.840,0
78,3.902619,187.872,2619.200,2807.072,0
79,3.951769,153.600,1768.880,1922.480,0
80,4.001885,252.352,1885.216,2137.568,0
81,4.052222,214.320,2221.760,2436.080,0
82,4.102872,235.696,2872.160,3107.856,0
83,4.151518,270.592,1517.568,1788.160,0
84,4.204030,259.024,4030.304,4289.328,0
85,4.251591,263.984,1590.624,1854.608,0
86,4.303627,159.312,3626.896,3786.208,0
87,4.353578,309.520,3577.696,3887.216,0
88,4.402877,345.552,2876.528,3222.080,0
89,4.452118,201.328,2117.856,2319.184,0
90,4.501957,287.200,1957.328,2244.528,0
91,4.551976,194.608,1976.128,2170.736,0
92,4.601811,162.048,1811.280,1973.328,0
93,4.651732,203.824,1732.272,1936.096,0
94,4.702922,273.248,2921.712,3194.960,0
95,4.751520,283.200,1520.320,1803.520,0
96,4.804157,188.400,4156.784,4345.184,0
97,4.851599,200.960,1599.104,1800.064,0
98,4.901948,207.008,1948.160,2155.168,0
99,4.952044,165.824,2043.904,2209.728,0
100,5.001558,153.728,1557.552,1711.280,0
101,5.053983,176.208,3982.512,4158.720,0
102,5.102913,223.040,2912.768,3135.808,0
103,5.151792,227.696,1791.904,2019.600,0
104,5.202466,262.608,2466.272,2728.880,0
105,5.251375,278.848,1374.720,1653.568,0
106,5.301530,156.544,1529.888,1686.432,0
107,5.354741,261.632,4741.232,5002.864,1
108,5.402936,213.040,2936.224,3149.264,0
109,5.453618,197.136,3617.952,3815.088,0
110,5.502561,181.648,2561.232,2742.880,0
111,5.553767,166.288,3766.976,3933.264,0
112,5.601978,217.552,1978.096,2195.648,0
113,5.651947,154.272,1946.768,2101.040,0
114,5.702542,155.760,2542.384,2698.144,0
115,5.754290,223.648,4289.632,4513.280,0
116,5.801608,186.256,1608.416,1794.672,0
117,5.853778,167.648,3778.320,3945.968,0
118,5.901547,265.232,1547.264,1812.496,0
119,5.954075,164.064,4075.312,4239.376,0
120,6.001913,167.344,1913.040,2080.384,0
121,6.054309,260.272,4309.184,4569.456,0
122,6.103022,192.272,3022.080,3214.352,0
123,6.151681,182.672,1680.688,1863.360,0
124,6.203794,241.440,3794.224,4035.664,0
125,6.253430,199.856,3430.096,3629.952,0
126,6.301528,210.192,1528.480,1738.672,0
127,6.353912,154.816,3912.080,4066.896,0
128,6.402469,221.984,2469.168,2691.152,0
129,6.454043,239.504,4043.280,4282.784,0
130,6.501920,154.544,1920.064,2074.608,0
131,6.554135,256.448,4134.928,4391.376,0
132,6.602127,231.936,2126.832,2358.768,0
133,6.653514,164.896,3513.536,3678.432,0
134,6.702524,190.720,2523.584,2714.304,0
135,6.751583,198.704,1583.168,1781.872,0
136,6.803513,272.336,3512.624,3784.960,0
137,6.854051,166.768,4051.008,4217.776,0
138,6.902539,197.232,2539.072,2736.304,0
139,6.954067,156.880,4066.704,4223.584,0
140,7.001755,154.608,1755.440,1910.048,0
141,7.053951,179.280,3950.576,4129.856,0
142,7.102550,193.712,2550.496,2744.208,0
143,7.154127,230.544,4126.656,4357.200,0
144,7.201564,194.752,1564.208,1758.960,0
145,7.253085,152.720,3085.392,3238.112,0
146,7.301591,205.424,1590.960,1796.384,0
147,7.353978,220.768,3978.240,4199.008,0
148,7.402609,214.320,2608.816,2823.136,0
149,7.453591,181.360,3590.784,3772.144,0
150,7.503048,214.784,3048.400,3263.184,0
151,7.551503,211.392,1502.896,1714.288,0
152,7.601944,204.736,1943.872,2148.608,0
153,7.651689,187.408,1688.528,1875.936,0
154,7.703635,174.176,3634.976,3809.152,0
155,7.753823,179.328,3822.944,4002.272,0
156,7.801970,206.624,1970.064,2176.688,0
157,7.853818,165.248,3817.936,3983.184,0
158,7.901735,247.072,1734.608,1981.680,0
159,7.953772,159.328,3771.616,3930.944,0
160,8.003127,368.624,3126.992,3495.616,0
161,8.051577,163.008,1576.704,1739.712,0
162,8.104075,157.072,4074.656,4231.728,0
163,8.151590,226.832,1589.808,1816.640,0
164,8.201959,190.240,1958.928,2149.168,0
165,8.253963,212.832,3963.280,4176.112,0
166,8.302783,315.840,2783.376,3099.216,0
167,8.354083,178.208,4083.104,4261.312,0
168,8.401731,252.736,1730.784,1983.520,0
169,8.451617,205.728,1617.456,1823.184,0
170,8.503629,185.264,3629.312,3814.576,0
171,8.553740,158.368,3740.240,3898.608,0
172,8.602769,202.880,2769.024,2971.904,0
173,8.652686,167.040,2685.984,2853.024,0
174,8.701910,220.368,1909.760,2130.128,0
175,8.752299,1376.080,2298.688,3674.768,0
176,8.801546,208.608,1545.808,1754.416,0
177,8.853790,153.440,3789.520,3942.960,0
178,8.902796,239.744,2796.320,3036.064,0
179,8.951628,253.936,1628.000,1881.936,0
180,9.002537,210.112,2536.816,2746.928,0
181,9.051502,276.640,1502.320,1778.960,0
182,9.101870,151.504,1870.144,2021.648,0
183,9.151679,193.376,1678.992,1872.368,0
184,9.202849,265.728,2848.736,3114.464,0
185,9.251766,209.840,1766.256,1976.096,0
186,9.302882,249.216,2881.760,3130.976,0
187,9.353554,206.384,3553.920,3760.304,0
188,9.402526,196.704,2525.952,2722.656,0
189,9.453347,234.720,3346.640,3581.360,0
190,9.501533,154.432,1533.232,1687.664,0
191,9.553949,214.208,3949.376,4163.584,0
192,9.601676,175.216,1675.648,1850.864,0
193,9.651614,219.328,1613.968,1833.296,0
194,9.702785,189.904,2784.800,2974.704,0
195,9.751609,174.400,1609.056,1783.456,0
196,9.803659,230.048,3658.560,3888.608,0
197,9.853543,153.872,3542.912,3696.784,0
198,9.901824,261.152,1824.496,2085.648,0
199,9.953908,224.768,3907.696,4132.464,0
200,10.003035,209.184,3034.912,3244.096,0
201,10.051861,221.824,1861.088,2082.912,0
202,10.101872,209.520,1871.552,2081.072,0
203,10.151952,181.040,1951.744,2132.784,0
204,10.203053,186.224,3052.816,3239.040,0
205,10.253802,179.664,3802.272,3981.936,0
206,10.301631,175.872,1630.512,1806.384,0
207,10.353861,192.800,3860.784,4053.584,0
208,10.402866,151.968,2865.760,3017.728,0
209,10.451611,270.640,1611.168,1881.808,0
210,10.502858,151.424,2858.016,3009.440,0
211,10.553063,150.352,3062.512,3212.864,0
212,10.601900,193.024,1900.096,2093.120,0
213,10.652125,152.048,2125.152,2277.200,0
214,10.702043,163.888,2043.392,2207.280,0
215,10.751670,155.520,1669.568,1825.088,0
216,10.804030,217.056,4030.048,4247.104,0
217,10.851796,185.696,1795.952,1981.648,0
218,10.903582,176.720,3582.208,3758.928,0
219,10.951576,226.416,1575.600,1802.016,0
220,11.001614,192.832,1613.568,1806.400,0
221,11.051645,239.760,1645.280,1885.040,0
222,11.103836,158.848,3835.984,3994.832,0
223,11.153604,183.648,3604.464,3788.112,0
224,11.203151,209.536,3151.248,3360.784,0
225,11.253677,167.056,3677.392,3844.448,0
226,11.302159,183.952,2158.832,2342.784,0
227,11.353511,200.576,3511.376,3711.952,0
228,11.402823,159.392,2823.328,2982.720,0
229,11.453481,166.560,3481.024,3647.584,0
230,11.502521,182.640,2520.912,2703.552,0
231,11.554207,205.936,4207.072,4413.008,0
232,11.601760,179.104,1760.320,1939.424,0
233,11.654067,155.504,4066.944,4222.448,0
234,11.701911,153.872,1910.624,2064.496,0
235,11.751825,182.208,1824.544,2006.752,0
236,11.803757,198.080,3756.752,3954.832,0
237,11.853975,155.872,3975.120,4130.992,0
238,11.902649,176.512,2648.800,2825.312,0
239,11.954409,227.200,4409.312,4636.512,0
240,12.001817,153.904,1816.880,1970.784,0
241,12.051614,162.176,1613.536,1775.712,0
242,12.103545,167.040,3544.992,3712.032,0
243,12.153935,172.880,3934.672,4107.552,0
244,12.202294,318.256,2294.032,2612.288,0
245,12.254710,197.600,4710.368,4907.968,0
246,12.302592,228.256,2591.760,2820.016,0
247,12.351791,223.184,1791.104,2014.288,0
248,12.401829,319.600,1828.560,2148.160,0
249,12.451696,224.944,1695.680,1920.624,0
250,12.504120,181.616,4120.176,4301.792,0
251,12.553807,194.560,3807.248,4001.808,0
252,12.602590,172.176,2589.504,2761.680,0
253,12.653791,192.032,3791.440,3983.472,0
254,12.702609,193.856,2608.928,2802.784,0
255,12.752141,258.944,2141.376,2400.320,0
256,12.802043,178.480,2042.896,2221.376,0
257,12.851584,222.080,1583.984,1806.064,0
258,12.903932,198.160,3931.920,4130.080,0
259,12.951599,274.576,1598.512,1873.088,0
260,13.003820,197.168,3820.064,4017.232,0
261,13.051546,309.696,1545.952,1855.648,0
262,13.102803,160.496,2802.608,2963.104,0
263,13.153814,156.128,3813.808,3969.936,0
264,13.202796,159.440,2795.744,2955.184,0
265,13.251874,202.272,1874.080,2076.352,0
266,13.301980,214.336,1980.256,2194.592,0
267,13.351533,310.752,1533.472,1844.224,0
268,13.404121,259.632,4121.248,4380.880,0
269,13.454046,232.800,4045.520,4278.320,0
270,13.501678,283.808,1678.384,1962.192,0
271,13.553731,317.552,3730.640,4048.192,0
272,13.602910,234.976,2910.096,3145.072,0
273,13.653719,155.808,3719.456,3875.264,0
274,13.702534,154.432,2533.888,2688.320,0
275,13.753750,223.552,3749.600,3973.152,0
276,13.802934,201.552,2933.728,3135.280,0
277,13.853899,271.232,3899.136,4170.368,0
278,13.901564,199.248,1564.416,1763.664,0
279,13.954151,194.656,4151.296,4345.952,0
280,14.001803,153.104,1803.360,1956.464,0
281,14.053136,160.656,3135.728,3296.384,0
282,14.102775,174.944,2774.880,2949.824,0
283,14.153734,155.056,3734.128,3889.184,0
284,14.203069,185.504,3069.088,3254.592,0
285,14.251772,211.872,1771.744,1983.616,0
286,14.302707,201.488,2707.184,2908.672,0
287,14.353465,306.160,3465.056,3771.216,0
288,14.402885,250.960,2885.216,3136.176,0
289,14.451835,171.056,1835.456,2006.512,0
290,14.503670,195.104,3669.536,3864.640,0
291,14.553748,155.872,3747.920,3903.792,0
292,14.602975,229.728,2975.152,3204.880,0
293,14.651591,268.544,1590.960,1859.504,0
294,14.704156,202.752,4155.712,4358.464,0
295,14.753890,172.528,3889.632,4062.160,0
296,14.801766,192.800,1766.352,1959.152,0
297,14.854153,207.952,4153.040,4360.992,0
298,14.902554,156.912,2554.400,2711.312,0
===CSV_END===
Statistics sent to li VM via shared memory
Run #6 completed. Waiting for next START command...
Waiting for START command from li VM...
