========================================
Signal Sender Workload (Synchronized)
========================================
Initializing shared memory...
Waiting for speedometer to register...
Found speedometer in shared memory!
Sending START command to speedometer: START: 15;5;20

Running workload signal period for 15 seconds...

Workload signal period completed.
Sending STOP command to speedometer...
Waiting for statistics from speedometer...

Stress workload terminated.
===VMSTAT_START===
procs -----------memory---------- ---swap-- -----io---- -system-- ------cpu-----
 r  b   swpd   free   buff  cache   si   so    bi    bo   in   cs us sy id wa st
 2  0      0 138564   8428  33236    0    0    55    10  257   56 83 13  4  0  0
 2  0      0 138564   8428  33236    0    0     0     0  511   16 100  0  0  0  0
 3  0      0 138564   8428  33236    0    0     0     0  506   14 100  0  0  0  0
 2  0      0 138564   8428  33236    0    0     0    48  509   28 99  1  0  0  0
 3  0      0 138564   8436  33228    0    0     0   124  512   27 100  0  0  0  0
 2  0      0 138564   8436  33236    0    0     0     0  502   15 100  0  0  0  0
 2  0      0 138564   8436  33236    0    0     0     0  508   15 100  0  0  0  0
 2  0      0 138564   8436  33236    0    0     0     0  507   22 100  0  0  0  0
 2  0      0 138564   8436  33236    0    0     0     0  508   16 100  0  0  0  0
 2  0      0 138564   8436  33236    0    0     0     0  507   22 100  0  0  0  0
 2  0      0 138564   8436  33236    0    0     0     0  507   16 100  0  0  0  0
 2  0      0 138564   8436  33236    0    0     0     0  503   18 100  0  0  0  0
 2  0      0 138564   8436  33236    0    0     0     0  508   18 100  0  0  0  0
 2  0      0 138564   8436  33236    0    0     0     0  507   16 100  0  0  0  0
 2  0      0 138564   8436  33236    0    0     0   116  508   22 99  1  0  0  0
 2  0      0 138564   8436  33236    0    0     0     0  510   28 100  0  0  0  0
 2  0      0 138564   8436  33236    0    0     0     0  515   42 98  2  0  0  0
===VMSTAT_END===
========== SPEEDOMETER RT APPLICATION RESULTS ==========
Test Configuration:
Period: 50.000 ms
Deadline: 5.000 ms
RT Priority: 99 (SCHED_FIFO)
Execution Statistics:
Total cycles: 299
Deadline misses: 0 (0.000%)
Execution Time (μs):
Mean: 254.540
Min: 152.800
Max: 2231.568
50th percentile: 208.176
95th percentile: 316.000
99th percentile: 1434.048
99.9th percentile: 2231.568
Jitter (μs):
Mean: 2368.146
Min: 1184.672
Max: 4623.088
Response Time (μs):
Mean: 2622.687
Min: 1351.376
Max: 4830.352
50th percentile: 2561.360
95th percentile: 4084.400
99th percentile: 4707.568
99.9th percentile: 4830.352
========================================================
[  253.935471] SDK:handler_do_el0_svc_pre: syscall __NR_futex (98) is not allowed
[  254.241773] SDK:handler_do_el0_svc_pre: syscall __NR_munmap (215) is not allowed
[  254.253526] SDK:handler_do_el0_svc_pre: syscall __NR_wait4 (260) is not allowed
[  254.262812] SDK:handler_do_el0_svc_pre: syscall __NR_munmap (215) is not allowed
[  254.272292] SDK:handler_do_el0_svc_pre: syscall __NR_rt_sigprocmask (135) is not allowed
[  254.281162] SDK:handler_do_el0_svc_pre: syscall __NR_futex (98) is not allowed
[  254.289143] SDK:handler_do_el0_svc_pre: syscall __NR_exit (93) is not allowed
[  254.291872] SDK:handler_do_el0_svc_pre: syscall __NR_futex (98) is not allowed
[  254.303208] SDK:handler_do_el0_svc_pre: syscall __NR_munmap (215) is not allowed
===VMSTAT_START===
procs -----------memory---------- ---swap-- -----io---- -system-- ------cpu-----
r  b   swpd   free   buff  cache   si   so    bi    bo   in   cs us sy id wa st
0  0      0  68576    512   9824    0    0     0     0   61   58  0  5 94  1  0
0  0      0  68480    512   9824    0    0     0     0   52   60  1  2 97  0  0
0  0      0  68480    512   9824    0    0     0     0   53   60  1  2 98  0  0
0  0      0  68480    512   9824    0    0     0     0   53   60  2  1 98  0  0
0  0      0  68480    512   9824    0    0     0     0   51   58  1  2 97  0  0
0  0      0  68480    512   9824    0    0     0     0   54   60  1  2 98  0  0
0  0      0  68480    512   9824    0    0     0     0   53   60  0  2 98  0  0
1  0      0  68480    512   9824    0    0     0     0   52   56  0  3 98  0  0
1  0      0  68480    512   9824    0    0     0     0   52   58  1  2 98  0  0
1  0      0  68480    512   9824    0    0     0     0   54   62  0  3 97  0  0
0  0      0  68480    512   9824    0    0     0     0   56   59  1  2 98  0  0
1  0      0  68480    512   9824    0    0     0     0   58   64  1  2 98  0  0
0  0      0  68480    512   9824    0    0     0     0   50   58  0  2 98  0  0
0  0      0  68480    512   9824    0    0     0     0   50   62  1  2 98  0  0
0  0      0  68480    512   9824    0    0     0     0   55   58  1  2 98  0  0
0  0      0  68480    512   9824    0    0     0     0  140   44  1  7 93  0  0
===VMSTAT_END===
===CSV_START===
cycle,timestamp_s,execution_time_us,jitter_us,response_time_us,deadline_miss
1,0.054458,237.760,4458.096,4695.856,0
2,0.101808,167.440,1807.872,1975.312,0
3,0.152027,173.648,2026.624,2200.272,0
4,0.204021,686.416,4021.152,4707.568,0
5,0.252394,168.800,2393.712,2562.512,0
6,0.302360,203.472,2359.504,2562.976,0
7,0.352661,178.752,2660.912,2839.664,0
8,0.404509,231.888,4509.168,4741.056,0
9,0.452346,174.384,2346.336,2520.720,0
10,0.502352,221.824,2351.712,2573.536,0
11,0.552352,198.512,2352.128,2550.640,0
12,0.602375,297.344,2374.624,2671.968,0
13,0.652359,200.944,2358.624,2559.568,0
14,0.702264,201.568,2264.128,2465.696,0
15,0.752346,189.824,2346.096,2535.920,0
16,0.802219,235.744,2219.024,2454.768,0
17,0.852336,201.504,2336.144,2537.648,0
18,0.902336,206.624,2335.904,2542.528,0
19,0.951522,184.896,1522.064,1706.960,0
20,1.002179,1434.048,2178.912,3612.960,0
21,1.051724,200.160,1724.384,1924.544,0
22,1.102419,222.736,2419.440,2642.176,0
23,1.152336,191.344,2335.808,2527.152,0
24,1.202313,218.832,2313.360,2532.192,0
25,1.251675,202.944,1675.056,1878.000,0
26,1.302217,1410.256,2217.056,3627.312,0
27,1.352321,197.232,2321.120,2518.352,0
28,1.402355,240.768,2355.312,2596.080,0
29,1.452394,204.256,2394.256,2598.512,0
30,1.502357,291.584,2356.528,2648.112,0
31,1.551718,191.504,1718.480,1909.984,0
32,1.602356,166.256,2355.648,2521.904,0
33,1.652340,194.864,2339.664,2534.528,0
34,1.702389,219.552,2389.200,2608.752,0
35,1.752325,166.288,2325.136,2491.424,0
36,1.802450,206.832,2450.000,2656.832,0
37,1.851632,235.056,1631.728,1866.784,0
38,1.902337,209.184,2336.912,2546.096,0
39,1.951752,218.256,1752.224,1970.480,0
40,2.002344,287.728,2343.520,2631.248,0
41,2.052339,222.832,2338.528,2561.360,0
42,2.102441,187.152,2441.408,2628.560,0
43,2.152380,165.632,2379.568,2545.200,0
44,2.203912,254.816,3912.464,4167.280,0
45,2.252272,154.976,2271.584,2426.560,0
46,2.302381,222.272,2381.248,2603.520,0
47,2.352625,291.584,2624.880,2916.464,0
48,2.401571,210.896,1570.944,1781.840,0
49,2.453558,192.224,3558.496,3750.720,0
50,2.503629,236.000,3629.184,3865.184,0
51,2.552512,208.928,2512.192,2721.120,0
52,2.602309,242.688,2308.944,2551.632,0
53,2.651780,315.616,1780.384,2096.000,0
54,2.701546,170.336,1546.416,1716.752,0
55,2.753353,189.264,3352.544,3541.808,0
56,2.803767,209.424,3767.376,3976.800,0
57,2.851653,188.208,1653.056,1841.264,0
58,2.902352,190.400,2351.888,2542.288,0
59,2.952445,239.280,2444.816,2684.096,0
60,3.002365,214.784,2364.960,2579.744,0
61,3.052307,153.776,2306.688,2460.464,0
62,3.102337,221.104,2337.088,2558.192,0
63,3.151803,215.136,1803.488,2018.624,0
64,3.203907,256.656,3907.392,4164.048,0
65,3.252936,250.896,2935.904,3186.800,0
66,3.302522,251.392,2522.144,2773.536,0
67,3.351631,222.032,1630.784,1852.816,0
68,3.402354,211.776,2353.664,2565.440,0
69,3.452410,164.160,2409.600,2573.760,0
70,3.502380,192.144,2380.352,2572.496,0
71,3.552404,166.720,2404.384,2571.104,0
72,3.602362,225.952,2361.808,2587.760,0
73,3.651610,245.856,1609.552,1855.408,0
74,3.702380,197.360,2380.368,2577.728,0
75,3.751652,209.664,1652.320,1861.984,0
76,3.803793,273.392,3793.280,4066.672,0
77,3.852505,210.256,2505.456,2715.712,0
78,3.903788,283.840,3787.824,4071.664,0
79,3.951754,192.656,1754.000,1946.656,0
80,4.003647,210.272,3646.512,3856.784,0
81,4.052392,186.224,2392.400,2578.624,0
82,4.102258,232.656,2258.224,2490.880,0
83,4.151658,208.848,1658.192,1867.040,0
84,4.202379,203.808,2379.168,2582.976,0
85,4.251765,226.992,1765.136,1992.128,0
86,4.302288,268.576,2288.160,2556.736,0
87,4.352298,164.592,2298.384,2462.976,0
88,4.401731,201.792,1730.512,1932.304,0
89,4.452484,236.448,2484.256,2720.704,0
90,4.502383,263.344,2382.624,2645.968,0
91,4.552399,174.304,2399.376,2573.680,0
92,4.603746,189.712,3745.552,3935.264,0
93,4.652461,251.536,2460.992,2712.528,0
94,4.702350,248.944,2349.904,2598.848,0
95,4.752388,164.416,2387.872,2552.288,0
96,4.802443,250.176,2442.672,2692.848,0
97,4.851625,178.048,1624.544,1802.592,0
98,4.902348,221.312,2347.920,2569.232,0
99,4.952366,209.104,2365.856,2574.960,0
100,5.002202,288.032,2202.208,2490.240,0
101,5.051711,194.224,1710.624,1904.848,0
102,5.102419,181.552,2419.200,2600.752,0
103,5.152319,165.472,2318.720,2484.192,0
104,5.202476,190.016,2475.824,2665.840,0
105,5.252331,180.464,2331.488,2511.952,0
106,5.302377,247.104,2376.624,2623.728,0
107,5.352605,223.344,2605.264,2828.608,0
108,5.402356,259.968,2356.368,2616.336,0
109,5.452328,170.208,2328.288,2498.496,0
110,5.502207,1404.416,2206.672,3611.088,0
111,5.552414,234.080,2413.936,2648.016,0
112,5.602346,194.480,2345.632,2540.112,0
113,5.652402,220.656,2402.192,2622.848,0
114,5.703673,257.840,3672.736,3930.576,0
115,5.752325,167.840,2325.120,2492.960,0
116,5.802389,229.952,2388.592,2618.544,0
117,5.852440,233.184,2439.600,2672.784,0
118,5.902372,189.168,2371.600,2560.768,0
119,5.952427,250.848,2427.264,2678.112,0
120,6.003743,190.880,3743.232,3934.112,0
121,6.052321,204.224,2321.120,2525.344,0
122,6.102365,210.320,2365.456,2575.776,0
123,6.152379,191.840,2378.544,2570.384,0
124,6.202221,1275.024,2221.216,3496.240,0
125,6.252321,166.960,2320.864,2487.824,0
126,6.302262,205.040,2261.952,2466.992,0
127,6.351747,219.168,1746.640,1965.808,0
128,6.402475,282.688,2475.392,2758.080,0
129,6.452678,201.088,2678.080,2879.168,0
130,6.502339,299.376,2339.104,2638.480,0
131,6.551642,187.360,1642.272,1829.632,0
132,6.602347,253.824,2347.376,2601.200,0
133,6.652272,152.992,2272.208,2425.200,0
134,6.702490,267.024,2489.616,2756.640,0
135,6.751724,204.912,1724.384,1929.296,0
136,6.802523,186.704,2522.928,2709.632,0
137,6.852207,154.832,2206.544,2361.376,0
138,6.902180,208.960,2179.936,2388.896,0
139,6.952399,175.488,2399.056,2574.544,0
140,7.003850,264.352,3850.272,4114.624,0
141,7.052820,269.072,2819.600,3088.672,0
142,7.102291,1168.432,2291.072,3459.504,0
143,7.152215,155.184,2215.312,2370.496,0
144,7.202321,262.400,2321.056,2583.456,0
145,7.252437,181.952,2437.216,2619.168,0
146,7.302271,201.760,2270.720,2472.480,0
147,7.352209,154.512,2209.184,2363.696,0
148,7.402177,221.440,2177.056,2398.496,0
149,7.452205,228.208,2205.152,2433.360,0
150,7.502349,270.432,2348.912,2619.344,0
151,7.551706,171.168,1706.432,1877.600,0
152,7.602219,1218.752,2219.456,3438.208,0
153,7.651490,224.464,1490.368,1714.832,0
154,7.702372,274.000,2371.936,2645.936,0
155,7.751741,176.016,1740.592,1916.608,0
156,7.802339,208.176,2339.248,2547.424,0
157,7.852406,173.712,2406.000,2579.712,0
158,7.902184,184.208,2184.160,2368.368,0
159,7.952387,190.176,2387.392,2577.568,0
160,8.002463,236.544,2463.360,2699.904,0
161,8.051751,208.624,1750.544,1959.168,0
162,8.102194,182.368,2193.632,2376.000,0
163,8.152616,165.536,2616.144,2781.680,0
164,8.202197,1334.064,2197.184,3531.248,0
165,8.252321,165.632,2321.344,2486.976,0
166,8.302070,316.000,2069.904,2385.904,0
167,8.352387,169.520,2386.768,2556.288,0
168,8.404623,207.264,4623.088,4830.352,0
169,8.452376,203.072,2375.616,2578.688,0
170,8.503659,226.832,3659.440,3886.272,0
171,8.552362,153.584,2362.400,2515.984,0
172,8.602300,210.064,2299.600,2509.664,0
173,8.652219,153.328,2219.264,2372.592,0
174,8.702221,306.256,2221.264,2527.520,0
175,8.752391,163.744,2391.440,2555.184,0
176,8.803990,332.112,3990.272,4322.384,0
177,8.852343,190.432,2342.800,2533.232,0
178,8.902333,227.280,2333.312,2560.592,0
179,8.952486,206.736,2485.504,2692.240,0
180,9.002348,233.568,2347.760,2581.328,0
181,9.051568,170.144,1567.936,1738.080,0
182,9.101349,155.120,1349.280,1504.400,0
183,9.151511,215.680,1511.040,1726.720,0
184,9.203799,285.616,3798.784,4084.400,0
185,9.252637,237.232,2636.560,2873.792,0
186,9.301206,210.224,1205.504,1415.728,0
187,9.353400,171.584,3400.080,3571.664,0
188,9.402358,204.016,2358.256,2562.272,0
189,9.452310,202.240,2310.240,2512.480,0
190,9.502386,260.400,2386.112,2646.512,0
191,9.551576,174.240,1576.400,1750.640,0
192,9.603767,282.448,3767.360,4049.808,0
193,9.651662,246.832,1661.888,1908.720,0
194,9.702451,241.408,2450.960,2692.368,0
195,9.751479,160.656,1478.560,1639.216,0
196,9.802372,190.224,2371.904,2562.128,0
197,9.852311,153.424,2311.104,2464.528,0
198,9.902311,343.104,2310.736,2653.840,0
199,9.952320,153.008,2319.552,2472.560,0
200,10.003806,268.080,3805.968,4074.048,0
201,10.051620,231.584,1619.808,1851.392,0
202,10.102214,1266.432,2214.496,3480.928,0
203,10.152323,177.552,2322.624,2500.176,0
204,10.202467,244.688,2467.088,2711.776,0
205,10.252534,193.056,2533.952,2727.008,0
206,10.302347,206.032,2346.704,2552.736,0
207,10.352492,164.976,2491.856,2656.832,0
208,10.402329,181.840,2329.184,2511.024,0
209,10.452356,189.552,2356.304,2545.856,0
210,10.501633,250.832,1633.168,1884.000,0
211,10.551551,188.432,1550.560,1738.992,0
212,10.602346,213.408,2345.952,2559.360,0
213,10.652334,207.344,2333.520,2540.864,0
214,10.702454,198.032,2454.480,2652.512,0
215,10.752194,177.376,2194.416,2371.792,0
216,10.802346,185.504,2346.032,2531.536,0
217,10.851654,217.264,1654.016,1871.280,0
218,10.902480,228.480,2480.032,2708.512,0
219,10.952390,195.776,2390.112,2585.888,0
220,11.002366,220.256,2365.936,2586.192,0
221,11.051592,229.104,1592.176,1821.280,0
222,11.102470,244.192,2469.856,2714.048,0
223,11.152390,190.288,2389.760,2580.048,0
224,11.202382,273.968,2382.144,2656.112,0
225,11.251793,169.584,1792.816,1962.400,0
226,11.302276,186.496,2275.872,2462.368,0
227,11.351614,185.744,1614.112,1799.856,0
228,11.402425,252.784,2425.104,2677.888,0
229,11.451634,214.592,1633.808,1848.400,0
230,11.502536,193.984,2535.872,2729.856,0
231,11.552348,152.800,2348.352,2501.152,0
232,11.603677,228.656,3676.752,3905.408,0
233,11.652195,175.088,2194.768,2369.856,0
234,11.701352,164.576,1351.968,1516.544,0
235,11.751755,187.680,1755.456,1943.136,0
236,11.803914,324.608,3913.552,4238.160,0
237,11.852402,205.712,2402.080,2607.792,0
238,11.903769,190.608,3769.040,3959.648,0
239,11.951668,187.264,1667.504,1854.768,0
240,12.002330,207.968,2330.480,2538.448,0
241,12.052387,189.952,2387.168,2577.120,0
242,12.103965,218.880,3964.752,4183.632,0
243,12.151529,193.056,1529.328,1722.384,0
244,12.202321,210.160,2320.528,2530.688,0
245,12.251553,202.528,1552.672,1755.200,0
246,12.302466,262.512,2465.952,2728.464,0
247,12.351573,170.384,1573.088,1743.472,0
248,12.402154,2231.568,2153.792,4385.360,0
249,12.452268,153.344,2267.664,2421.008,0
250,12.502339,205.184,2338.768,2543.952,0
251,12.552617,224.048,2616.832,2840.880,0
252,12.603746,246.464,3746.176,3992.640,0
253,12.652319,213.728,2318.880,2532.608,0
254,12.702484,229.728,2483.872,2713.600,0
255,12.752521,216.608,2521.152,2737.760,0
256,12.802207,254.336,2207.424,2461.760,0
257,12.852348,190.352,2348.080,2538.432,0
258,12.902267,215.968,2267.248,2483.216,0
259,12.951529,202.080,1529.312,1731.392,0
260,13.002958,309.408,2958.272,3267.680,0
261,13.052897,238.816,2896.976,3135.792,0
262,13.103894,236.496,3893.568,4130.064,0
263,13.151919,219.424,1918.816,2138.240,0
264,13.201341,180.256,1340.672,1520.928,0
265,13.252294,153.472,2294.448,2447.920,0
266,13.302522,227.264,2522.112,2749.376,0
267,13.351540,192.176,1540.128,1732.304,0
268,13.402347,217.792,2347.152,2564.944,0
269,13.452359,184.048,2359.088,2543.136,0
270,13.502490,236.256,2489.840,2726.096,0
271,13.552321,153.152,2321.136,2474.288,0
272,13.602355,258.544,2355.248,2613.792,0
273,13.652495,168.416,2494.624,2663.040,0
274,13.702290,1594.288,2290.336,3884.624,0
275,13.751510,197.888,1510.032,1707.920,0
276,13.802345,279.280,2344.512,2623.792,0
277,13.851821,246.448,1820.544,2066.992,0
278,13.901488,232.704,1487.792,1720.496,0
279,13.953293,154.048,3292.896,3446.944,0
280,14.002333,229.296,2333.232,2562.528,0
281,14.052511,203.184,2511.408,2714.592,0
282,14.102362,194.112,2362.048,2556.160,0
283,14.152518,207.184,2517.536,2724.720,0
284,14.202354,262.688,2354.080,2616.768,0
285,14.252361,189.344,2361.360,2550.704,0
286,14.302380,245.872,2380.448,2626.320,0
287,14.351673,161.888,1673.392,1835.280,0
288,14.401185,166.704,1184.672,1351.376,0
289,14.451543,190.496,1542.720,1733.216,0
290,14.503974,206.032,3974.256,4180.288,0
291,14.552685,212.288,2685.408,2897.696,0
292,14.604001,290.384,4001.056,4291.440,0
293,14.651784,187.056,1784.080,1971.136,0
294,14.702328,244.224,2327.504,2571.728,0
295,14.751575,179.984,1575.232,1755.216,0
296,14.802276,226.128,2276.000,2502.128,0
297,14.851825,267.632,1824.896,2092.528,0
298,14.901357,177.728,1357.184,1534.912,0
299,14.951640,197.728,1640.016,1837.744,0
===CSV_END===
Statistics sent to li VM via shared memory
Run #9 completed. Waiting for next START command...
Waiting for START command from li VM...
