========================================
Signal Sender Workload (Synchronized)
========================================
Initializing shared memory...
Waiting for speedometer to register...
Found speedometer in shared memory!
Sending START command to speedometer: START: 15;5;20

Running workload signal period for 15 seconds...

Workload signal period completed.
Sending STOP command to speedometer...
Waiting for statistics from speedometer...

Stress workload terminated.
===VMSTAT_START===
procs -----------memory---------- ---swap-- -----io---- -system-- ------cpu-----
 r  b   swpd   free   buff  cache   si   so    bi    bo   in   cs us sy id wa st
 2  0      0 138472   8332  33220    0    0    93    11  258   68 77 17  6  0  0
 3  0      0 138352   8332  33224    0    0     0     0  505   16 99  1  0  0  0
 2  0      0 138352   8332  33224    0    0     0     0  509   22 100  0  0  0  0
 2  0      0 138352   8332  33224    0    0     0     0  508   16 100  0  0  0  0
 2  0      0 138352   8340  33224    0    0     0   124  512   35 100  0  0  0  0
 2  0      0 138352   8340  33224    0    0     0     0  505   12 100  0  0  0  0
 2  0      0 138352   8340  33224    0    0     0     0  507   20 100  0  0  0  0
 2  0      0 138352   8340  33224    0    0     0     0  508   16 100  0  0  0  0
 2  0      0 138352   8340  33224    0    0     0     0  507   21 100  0  0  0  0
 2  0      0 138352   8340  33224    0    0     0     0  504   14 100  0  0  0  0
 2  0      0 138352   8340  33224    0    0     0     0  507   19 100  0  0  0  0
 2  0      0 138352   8340  33224    0    0     0     0  508   14 100  0  0  0  0
 3  0      0 138352   8340  33224    0    0     0     0  507   25 100  0  0  0  0
 2  0      0 138352   8340  33224    0    0     0     0  504   13 100  0  0  0  0
 2  0      0 138352   8340  33224    0    0     0     0  507   18 100  0  0  0  0
 2  0      0 138352   8340  33224    0    0     0     0  513   26 98  2  0  0  0
 2  0      0 138352   8340  33224    0    0     0     0  521   49 99  1  0  0  0
===VMSTAT_END===
========== SPEEDOMETER RT APPLICATION RESULTS ==========
Test Configuration:
Period: 50.000 ms
Deadline: 5.000 ms
RT Priority: 99 (SCHED_FIFO)
Execution Statistics:
Total cycles: 298
Deadline misses: 2 (0.671%)
Execution Time (μs):
Mean: 202.876
Min: 150.048
Max: 1927.568
50th percentile: 182.640
95th percentile: 240.112
99th percentile: 1343.456
99.9th percentile: 1927.568
Jitter (μs):
Mean: 1996.221
Min: 1524.608
Max: 8579.248
Response Time (μs):
Mean: 2199.097
Min: 1740.736
Max: 8752.064
50th percentile: 2151.216
95th percentile: 2982.800
99th percentile: 4618.336
99.9th percentile: 8752.064
========================================================
[  153.734296] SDK:handler_do_el0_svc_pre: syscall __NR_futex (98) is not allowed
[  154.010616] SDK:handler_do_el0_svc_pre: syscall __NR_munmap (215) is not allowed
[  154.022342] SDK:handler_do_el0_svc_pre: syscall __NR_wait4 (260) is not allowed
[  154.031688] SDK:handler_do_el0_svc_pre: syscall __NR_munmap (215) is not allowed
[  154.041773] SDK:handler_do_el0_svc_pre: syscall __NR_rt_sigprocmask (135) is not allowed
[  154.053927] SDK:handler_do_el0_svc_pre: syscall __NR_futex (98) is not allowed
[  154.065065] SDK:handler_do_el0_svc_pre: syscall __NR_exit (93) is not allowed
[  154.065708] SDK:handler_do_el0_svc_pre: syscall __NR_futex (98) is not allowed
[  154.079162] SDK:handler_do_el0_svc_pre: syscall __NR_munmap (215) is not allowed
===VMSTAT_START===
procs -----------memory---------- ---swap-- -----io---- -system-- ------cpu-----
r  b   swpd   free   buff  cache   si   so    bi    bo   in   cs us sy id wa st
0  0      0  68284    512   9824    0    0     0     0   64   64  0  6 93  1  0
0  0      0  68152    512   9824    0    0     0     0   35   58  0  1 99  0  0
0  0      0  68152    512   9824    0    0     0     0   43   61  0  1 99  0  0
0  0      0  68152    512   9824    0    0     0     0   42   59  0  1 99  0  0
0  0      0  68152    512   9824    0    0     0     0   35   56  0  1 99  0  0
0  0      0  68152    512   9824    0    0     0     0   36   57  0  1 99  0  0
1  0      0  68152    512   9824    0    0     0     0   39   63  0  1 99  0  0
0  0      0  68152    512   9824    0    0     0     0   35   54  0  1 99  0  0
0  0      0  68152    512   9824    0    0     0     0   44   62  1  1 99  0  0
0  0      0  68152    512   9824    0    0     0     0   32   56  0  1 99  0  0
0  0      0  68152    512   9824    0    0     0     0   33   60  0  0 100  0  0
0  0      0  68152    512   9824    0    0     0     0   33   57  0  1 99  0  0
1  0      0  68152    512   9824    0    0     0     0   36   58  0  0 100  0  0
0  0      0  68152    512   9824    0    0     0     0   39   58  0  1 99  0  0
2  0      0  68152    512   9824    0    0     0     0   41   60  0  0 100  0  0
0  0      0  68152    512   9824    0    0     0     0  137   42  1  8 92  0  0
===VMSTAT_END===
===CSV_START===
cycle,timestamp_s,execution_time_us,jitter_us,response_time_us,deadline_miss
1,0.052841,195.648,2840.752,3036.400,0
2,0.101991,155.392,1991.216,2146.608,0
3,0.152240,269.776,2240.064,2509.840,0
4,0.201649,215.056,1648.944,1864.000,0
5,0.252041,213.568,2041.360,2254.928,0
6,0.301719,153.552,1718.768,1872.320,0
7,0.352061,178.320,2060.704,2239.024,0
8,0.401687,189.120,1686.672,1875.792,0
9,0.452106,185.104,2105.984,2291.088,0
10,0.501789,735.264,1788.656,2523.920,0
11,0.551954,197.280,1953.936,2151.216,0
12,0.601693,154.384,1692.832,1847.216,0
13,0.652177,162.848,2177.216,2340.064,0
14,0.701976,178.368,1975.600,2153.968,0
15,0.753725,154.896,3724.960,3879.856,0
16,0.801610,153.136,1609.744,1762.880,0
17,0.852107,198.912,2106.736,2305.648,0
18,0.901580,198.416,1580.352,1778.768,0
19,0.952141,184.720,2141.424,2326.144,0
20,1.001722,153.280,1722.496,1875.776,0
21,1.052249,193.120,2249.472,2442.592,0
22,1.101645,204.592,1645.216,1849.808,0
23,1.152603,207.088,2602.992,2810.080,0
24,1.201745,205.520,1745.296,1950.816,0
25,1.251984,183.840,1984.096,2167.936,0
26,1.301655,203.232,1654.592,1857.824,0
27,1.351989,197.392,1988.992,2186.384,0
28,1.401740,151.984,1739.856,1891.840,0
29,1.451954,194.288,1954.336,2148.624,0
30,1.501643,209.312,1643.056,1852.368,0
31,1.552100,181.184,2100.384,2281.568,0
32,1.601656,198.768,1655.520,1854.288,0
33,1.652001,151.104,2001.280,2152.384,0
34,1.701822,169.744,1821.600,1991.344,0
35,1.751999,153.328,1998.848,2152.176,0
36,1.802627,1343.344,2627.120,3970.464,0
37,1.852181,219.312,2180.960,2400.272,0
38,1.901780,182.720,1780.208,1962.928,0
39,1.952035,181.856,2035.200,2217.056,0
40,2.001653,196.400,1653.120,1849.520,0
41,2.052020,175.728,2020.064,2195.792,0
42,2.101638,153.824,1637.600,1791.424,0
43,2.151923,244.384,1923.200,2167.584,0
44,2.201731,181.072,1731.360,1912.432,0
45,2.252038,161.600,2038.464,2200.064,0
46,2.301615,202.592,1615.392,1817.984,0
47,2.352038,165.808,2038.336,2204.144,0
48,2.401779,192.160,1779.040,1971.200,0
49,2.452006,154.256,2006.288,2160.544,0
50,2.501613,208.752,1613.056,1821.808,0
51,2.552765,189.488,2765.216,2954.704,0
52,2.601719,153.632,1719.072,1872.704,0
53,2.652018,225.072,2018.128,2243.200,0
54,2.704381,234.400,4381.328,4615.728,0
55,2.752098,160.480,2098.288,2258.768,0
56,2.801642,156.560,1641.840,1798.400,0
57,2.852036,229.856,2035.904,2265.760,0
58,2.901525,246.832,1524.608,1771.440,0
59,2.951975,155.072,1975.280,2130.352,0
60,3.002513,154.240,2512.976,2667.216,0
61,3.052581,208.624,2580.544,2789.168,0
62,3.101780,169.920,1779.856,1949.776,0
63,3.152583,157.184,2583.200,2740.384,0
64,3.201580,276.352,1580.160,1856.512,0
65,3.252281,179.136,2280.816,2459.952,0
66,3.301757,192.192,1757.424,1949.616,0
67,3.352205,207.344,2204.544,2411.888,0
68,3.401591,210.480,1590.784,1801.264,0
69,3.452031,152.496,2030.688,2183.184,0
70,3.501602,209.232,1602.016,1811.248,0
71,3.552059,176.272,2059.184,2235.456,0
72,3.601625,215.408,1625.200,1840.608,0
73,3.652087,155.232,2086.800,2242.032,0
74,3.701777,189.472,1776.896,1966.368,0
75,3.751994,187.200,1994.016,2181.216,0
76,3.801584,187.968,1583.696,1771.664,0
77,3.852608,208.048,2608.224,2816.272,0
78,3.901586,195.936,1585.536,1781.472,0
79,3.951968,185.520,1968.112,2153.632,0
80,4.002655,1343.456,2655.248,3998.704,0
81,4.052201,196.256,2200.848,2397.104,0
82,4.101749,152.608,1748.912,1901.520,0
83,4.152006,192.736,2005.600,2198.336,0
84,4.201630,198.880,1629.856,1828.736,0
85,4.252103,175.200,2102.912,2278.112,0
86,4.301735,152.848,1735.056,1887.904,0
87,4.352192,150.816,2191.760,2342.576,0
88,4.401599,184.880,1598.896,1783.776,0
89,4.451952,173.344,1951.984,2125.328,0
90,4.501588,179.680,1588.048,1767.728,0
91,4.552015,155.424,2015.328,2170.752,0
92,4.601650,196.848,1650.160,1847.008,0
93,4.652010,152.176,2009.984,2162.160,0
94,4.701778,152.160,1777.840,1930.000,0
95,4.752102,181.552,2101.504,2283.056,0
96,4.801808,201.024,1808.016,2009.040,0
97,4.852077,186.272,2076.512,2262.784,0
98,4.901623,178.000,1622.864,1800.864,0
99,4.952029,189.696,2028.896,2218.592,0
100,5.001794,185.920,1793.808,1979.728,0
101,5.051993,178.160,1992.736,2170.896,0
102,5.101615,176.880,1615.408,1792.288,0
103,5.152179,189.680,2178.656,2368.336,0
104,5.201734,152.992,1733.856,1886.848,0
105,5.251940,150.832,1939.584,2090.416,0
106,5.301600,194.736,1600.432,1795.168,0
107,5.352024,183.152,2024.064,2207.216,0
108,5.401719,154.608,1719.008,1873.616,0
109,5.452060,185.360,2059.792,2245.152,0
110,5.501657,153.904,1656.736,1810.640,0
111,5.552001,151.680,2001.056,2152.736,0
112,5.601640,179.952,1640.464,1820.416,0
113,5.652112,182.144,2112.144,2294.288,0
114,5.701782,166.848,1782.320,1949.168,0
115,5.751987,170.816,1986.960,2157.776,0
116,5.801745,152.096,1745.104,1897.200,0
117,5.852014,156.368,2014.000,2170.368,0
118,5.901592,203.088,1592.320,1795.408,0
119,5.952016,154.464,2015.600,2170.064,0
120,6.002755,237.328,2754.720,2992.048,0
121,6.052206,171.520,2206.032,2377.552,0
122,6.101651,215.600,1650.720,1866.320,0
123,6.152204,208.672,2204.048,2412.720,0
124,6.201654,233.840,1654.272,1888.112,0
125,6.252686,183.088,2686.000,2869.088,0
126,6.301693,153.152,1692.752,1845.904,0
127,6.352114,174.176,2113.984,2288.160,0
128,6.401586,212.944,1586.288,1799.232,0
129,6.452116,186.032,2116.384,2302.416,0
130,6.501589,240.112,1589.072,1829.184,0
131,6.552760,183.248,2759.600,2942.848,0
132,6.601706,152.160,1705.808,1857.968,0
133,6.652044,151.808,2043.888,2195.696,0
134,6.701744,152.096,1744.160,1896.256,0
135,6.752009,173.264,2008.608,2181.872,0
136,6.802691,1927.568,2690.768,4618.336,0
137,6.852093,151.648,2092.832,2244.480,0
138,6.901616,196.784,1615.920,1812.704,0
139,6.952095,150.048,2094.576,2244.624,0
140,7.002742,240.416,2742.384,2982.800,0
141,7.052031,165.136,2030.544,2195.680,0
142,7.101582,195.056,1582.032,1777.088,0
143,7.151946,206.608,1945.712,2152.320,0
144,7.201733,152.992,1732.896,1885.888,0
145,7.252461,216.400,2460.800,2677.200,0
146,7.301583,208.848,1583.488,1792.336,0
147,7.352052,191.504,2052.432,2243.936,0
148,7.401633,179.296,1633.072,1812.368,0
149,7.452028,171.600,2027.696,2199.296,0
150,7.501638,152.544,1637.888,1790.432,0
151,7.552067,177.392,2067.232,2244.624,0
152,7.601583,207.552,1582.832,1790.384,0
153,7.652017,152.592,2017.376,2169.968,0
154,7.701805,170.112,1805.216,1975.328,0
155,7.751984,194.080,1984.464,2178.544,0
156,7.801580,195.072,1579.712,1774.784,0
157,7.852224,177.680,2224.032,2401.712,0
158,7.901722,154.256,1722.352,1876.608,0
159,7.952788,156.096,2787.888,2943.984,0
160,8.002755,261.008,2754.656,3015.664,0
161,8.051928,248.960,1928.480,2177.440,0
162,8.101736,153.056,1736.496,1889.552,0
163,8.152068,176.096,2067.616,2243.712,0
164,8.201647,210.992,1646.816,1857.808,0
165,8.252266,174.512,2266.032,2440.544,0
166,8.301649,203.856,1649.168,1853.024,0
167,8.352019,152.208,2019.008,2171.216,0
168,8.401749,152.752,1749.120,1901.872,0
169,8.451977,173.904,1976.720,2150.624,0
170,8.501656,198.496,1656.112,1854.608,0
171,8.552038,226.688,2038.240,2264.928,0
172,8.601593,197.040,1593.104,1790.144,0
173,8.652051,155.696,2050.720,2206.416,0
174,8.701648,197.280,1647.648,1844.928,0
175,8.752009,153.632,2009.344,2162.976,0
176,8.801585,218.640,1584.672,1803.312,0
177,8.852092,180.256,2092.256,2272.512,0
178,8.901765,152.240,1764.800,1917.040,0
179,8.952016,154.912,2015.888,2170.800,0
180,9.001691,152.944,1690.912,1843.856,0
181,9.052756,152.464,2756.384,2908.848,0
182,9.101641,199.392,1640.704,1840.096,0
183,9.151985,187.440,1984.512,2171.952,0
184,9.201635,206.560,1635.216,1841.776,0
185,9.252695,154.320,2694.944,2849.264,0
186,9.301693,154.448,1692.592,1847.040,0
187,9.351975,184.560,1975.200,2159.760,0
188,9.401690,154.416,1690.176,1844.592,0
189,9.451842,154.992,1841.584,1996.576,0
190,9.501601,212.128,1600.880,1813.008,0
191,9.551966,158.128,1966.144,2124.272,0
192,9.601596,185.760,1595.920,1781.680,0
193,9.652030,154.656,2029.984,2184.640,0
194,9.701586,180.240,1586.496,1766.736,0
195,9.752025,164.336,2025.216,2189.552,0
196,9.801618,203.072,1617.536,1820.608,0
197,9.851984,156.592,1983.568,2140.160,0
198,9.901593,201.584,1592.848,1794.432,0
199,9.952733,152.800,2733.264,2886.064,0
200,10.001654,193.216,1653.600,1846.816,0
201,10.052014,152.144,2013.536,2165.680,0
202,10.101638,216.448,1638.096,1854.544,0
203,10.152179,180.528,2179.184,2359.712,0
204,10.201580,222.336,1580.160,1802.496,0
205,10.251949,182.896,1948.544,2131.440,0
206,10.301653,197.936,1653.024,1850.960,0
207,10.352041,182.368,2041.312,2223.680,0
208,10.401758,152.928,1757.504,1910.432,0
209,10.452631,196.128,2630.592,2826.720,0
210,10.501728,153.088,1728.000,1881.088,0
211,10.552133,179.520,2132.992,2312.512,0
212,10.601690,153.616,1690.080,1843.696,0
213,10.652149,172.672,2149.488,2322.160,0
214,10.701640,201.200,1640.352,1841.552,0
215,10.752216,195.280,2215.584,2410.864,0
216,10.801587,198.528,1587.200,1785.728,0
217,10.852822,170.208,2822.208,2992.416,0
218,10.901815,180.176,1814.848,1995.024,0
219,10.952009,154.176,2009.312,2163.488,0
220,11.001598,208.704,1598.320,1807.024,0
221,11.052020,153.968,2020.128,2174.096,0
222,11.101720,152.896,1719.984,1872.880,0
223,11.152640,194.864,2640.432,2835.296,0
224,11.201732,152.960,1732.144,1885.104,0
225,11.251839,170.928,1839.200,2010.128,0
226,11.301616,175.264,1616.208,1791.472,0
227,11.352169,186.160,2169.040,2355.200,0
228,11.401589,199.392,1589.120,1788.512,0
229,11.451994,182.000,1994.144,2176.144,0
230,11.501723,153.296,1722.752,1876.048,0
231,11.552035,182.864,2035.424,2218.288,0
232,11.601628,185.712,1628.256,1813.968,0
233,11.652175,172.208,2175.392,2347.600,0
234,11.701609,212.736,1609.200,1821.936,0
235,11.751826,150.384,1826.384,1976.768,0
236,11.801587,209.424,1587.072,1796.496,0
237,11.852095,150.464,2095.152,2245.616,0
238,11.901652,203.088,1652.224,1855.312,0
239,11.952178,204.096,2177.520,2381.616,0
240,12.007516,232.240,7516.352,7748.592,1
241,12.052454,252.544,2453.904,2706.448,0
242,12.101843,189.072,1843.184,2032.256,0
243,12.152333,232.928,2332.704,2565.632,0
244,12.201755,153.280,1754.608,1907.888,0
245,12.252112,170.432,2112.416,2282.848,0
246,12.301659,201.248,1658.592,1859.840,0
247,12.352804,245.056,2804.144,3049.200,0
248,12.402027,182.640,2027.312,2209.952,0
249,12.452828,186.480,2828.432,3014.912,0
250,12.502751,225.824,2750.832,2976.656,0
251,12.551997,154.448,1996.896,2151.344,0
252,12.601652,199.296,1652.336,1851.632,0
253,12.652041,188.512,2041.456,2229.968,0
254,12.701594,203.376,1593.648,1797.024,0
255,12.751978,172.384,1978.032,2150.416,0
256,12.801642,153.040,1641.776,1794.816,0
257,12.852728,152.992,2727.632,2880.624,0
258,12.908579,172.816,8579.248,8752.064,1
259,12.952018,171.136,2017.776,2188.912,0
260,13.001645,189.392,1644.768,1834.160,0
261,13.052073,155.376,2073.424,2228.800,0
262,13.101591,201.696,1590.960,1792.656,0
263,13.152244,197.488,2244.480,2441.968,0
264,13.201618,154.528,1618.352,1772.880,0
265,13.251952,172.816,1951.840,2124.656,0
266,13.301527,213.456,1527.280,1740.736,0
267,13.352028,164.960,2028.128,2193.088,0
268,13.401640,203.056,1640.256,1843.312,0
269,13.452031,152.160,2031.296,2183.456,0
270,13.501650,203.344,1649.536,1852.880,0
271,13.552824,156.112,2824.000,2980.112,0
272,13.601634,199.312,1633.728,1833.040,0
273,13.651994,187.712,1994.448,2182.160,0
274,13.701608,196.880,1608.336,1805.216,0
275,13.752053,153.360,2053.408,2206.768,0
276,13.801611,196.192,1611.200,1807.392,0
277,13.852121,181.392,2120.976,2302.368,0
278,13.901629,172.640,1629.008,1801.648,0
279,13.952023,188.000,2023.200,2211.200,0
280,14.001731,152.704,1731.040,1883.744,0
281,14.051981,205.456,1981.264,2186.720,0
282,14.101641,198.112,1640.944,1839.056,0
283,14.152002,155.264,2002.464,2157.728,0
284,14.201637,153.440,1636.592,1790.032,0
285,14.252176,193.632,2175.600,2369.232,0
286,14.301707,226.976,1707.120,1934.096,0
287,14.352170,158.432,2170.320,2328.752,0
288,14.401648,197.408,1648.480,1845.888,0
289,14.452016,152.560,2016.016,2168.576,0
290,14.501742,153.392,1741.984,1895.376,0
291,14.552064,178.560,2063.552,2242.112,0
292,14.601616,153.904,1615.952,1769.856,0
293,14.651868,194.464,1867.888,2062.352,0
294,14.701743,153.328,1742.560,1895.888,0
295,14.751971,155.840,1971.072,2126.912,0
296,14.802723,1590.064,2722.592,4312.656,0
297,14.852008,155.120,2008.224,2163.344,0
298,14.901587,196.128,1587.232,1783.360,0
===CSV_END===
Statistics sent to li VM via shared memory
Run #5 completed. Waiting for next START command...
Waiting for START command from li VM...
