========================================
Signal Sender Workload (Synchronized)
========================================
Initializing shared memory...
Waiting for speedometer to register...
Found speedometer in shared memory!
Sending START command to speedometer: START: 15;5;20

Running workload signal period for 15 seconds...

Workload signal period completed.
Sending STOP command to speedometer...
Waiting for statistics from speedometer...

Stress workload terminated.
===VMSTAT_START===
procs -----------memory---------- ---swap-- -----io---- -system-- ------cpu-----
 r  b   swpd   free   buff  cache   si   so    bi    bo   in   cs us sy id wa st
 3  0      0 137924   8764  33260    0    0    23    10  256   46 88 10  1  0  0
 2  0      0 137924   8764  33260    0    0     0     0  506   20 100  0  0  0  0
 2  0      0 137924   8764  33260    0    0     0     0  508   19 100  0  0  0  0
 2  0      0 137924   8764  33260    0    0     0     0  506   18 100  0  0  0  0
 2  0      0 137924   8772  33252    0    0     0   124  512   31 100  0  0  0  0
 3  0      0 137924   8772  33260    0    0     0     0  506   22 100  0  0  0  0
 2  0      0 137924   8772  33260    0    0     0     0  506   18 100  0  0  0  0
 2  0      0 137924   8772  33260    0    0     0     0  507   18 100  0  0  0  0
 2  0      0 137924   8772  33260    0    0     0     0  507   18 100  0  0  0  0
 2  0      0 137924   8772  33260    0    0     0     0  507   20 100  0  0  0  0
 2  0      0 137924   8772  33260    0    0     0     0  509   20 100  0  0  0  0
 2  0      0 137924   8772  33260    0    0     0     0  503   14 100  0  0  0  0
 2  0      0 137924   8772  33260    0    0     0     0  508   16 100  0  0  0  0
 2  0      0 137924   8772  33260    0    0     0     0  506   22 100  0  0  0  0
 2  0      0 137924   8772  33260    0    0     0     0  508   16 100  0  0  0  0
 2  0      0 137924   8772  33260    0    0     0     0  507   24 99  1  0  0  0
 3  0      0 137924   8772  33260    0    0     0     0  511   36 99  1  0  0  0
===VMSTAT_END===
========== SPEEDOMETER RT APPLICATION RESULTS ==========
Test Configuration:
Period: 50.000 ms
Deadline: 5.000 ms
RT Priority: 99 (SCHED_FIFO)
Execution Statistics:
Total cycles: 298
Deadline misses: 0 (0.000%)
Execution Time (μs):
Mean: 339.136
Min: 127.616
Max: 1702.576
50th percentile: 184.416
95th percentile: 1334.704
99th percentile: 1503.392
99.9th percentile: 1702.576
Jitter (μs):
Mean: 2167.580
Min: 1353.216
Max: 3995.840
Response Time (μs):
Mean: 2506.716
Min: 1499.664
Max: 4808.352
50th percentile: 2764.208
95th percentile: 3334.672
99th percentile: 4074.848
99.9th percentile: 4808.352
========================================================
[  608.109313] SDK:handler_do_el0_svc_pre: syscall __NR_futex (98) is not allowed
[  608.429112] SDK:handler_do_el0_svc_pre: syscall __NR_munmap (215) is not allowed
[  608.437288] SDK:handler_do_el0_svc_pre: syscall __NR_wait4 (260) is not allowed
[  608.445874] SDK:handler_do_el0_svc_pre: syscall __NR_munmap (215) is not allowed
[  608.453561] SDK:handler_do_el0_svc_pre: syscall __NR_rt_sigprocmask (135) is not allowed
[  608.461538] SDK:handler_do_el0_svc_pre: syscall __NR_futex (98) is not allowed
[  608.470164] SDK:handler_do_el0_svc_pre: syscall __NR_exit (93) is not allowed
[  608.470898] SDK:handler_do_el0_svc_pre: syscall __NR_futex (98) is not allowed
[  608.486382] SDK:handler_do_el0_svc_pre: syscall __NR_munmap (215) is not allowed
===VMSTAT_START===
procs -----------memory---------- ---swap-- -----io---- -system-- ------cpu-----
r  b   swpd   free   buff  cache   si   so    bi    bo   in   cs us sy id wa st
0  0      0  68456    512   9824    0    0     0     0   58   53  0  5 95  0  0
0  0      0  68444    512   9824    0    0     0     0   46   56  1  2 98  0  0
0  0      0  68444    512   9824    0    0     0     0   47   64  0  2 98  0  0
0  0      0  68444    512   9824    0    0     0     0   52   58  1  2 98  0  0
1  0      0  68444    512   9824    0    0     0     0   48   58  1  2 98  0  0
0  0      0  68444    512   9824    0    0     0     0   52   55  1  2 98  0  0
0  0      0  68444    512   9824    0    0     0     0   54   61  1  2 98  0  0
0  0      0  68444    512   9824    0    0     0     0   47   57  1  1 98  0  0
0  0      0  68444    512   9824    0    0     0     0   49   62  1  1 98  0  0
0  0      0  68444    512   9824    0    0     0     0   46   55  1  2 98  0  0
0  0      0  68444    512   9824    0    0     0     0   49   55  1  1 98  0  0
0  0      0  68444    512   9824    0    0     0     0   48   61  0  2 98  0  0
0  0      0  68444    512   9824    0    0     0     0   52   60  0  2 98  0  0
0  0      0  68444    512   9824    0    0     0     0   44   61  0  1 99  0  0
0  0      0  68444    512   9824    0    0     0     0   42   55  0  2 98  0  0
0  0      0  68444    512   9824    0    0     0     0  138   40  1  7 92  0  0
===VMSTAT_END===
===CSV_START===
cycle,timestamp_s,execution_time_us,jitter_us,response_time_us,deadline_miss
1,0.052092,152.592,2091.696,2244.288,0
2,0.101640,1157.616,1640.144,2797.760,0
3,0.153475,1333.312,3475.040,4808.352,0
4,0.201546,255.696,1546.096,1801.792,0
5,0.251654,130.208,1654.112,1784.320,0
6,0.301563,1442.464,1563.024,3005.488,0
7,0.352574,130.368,2573.728,2704.096,0
8,0.401618,1243.936,1617.744,2861.680,0
9,0.452553,181.712,2552.832,2734.544,0
10,0.501555,1334.704,1555.072,2889.776,0
11,0.552596,141.344,2596.464,2737.808,0
12,0.601549,136.400,1548.752,1685.152,0
13,0.651652,132.288,1651.984,1784.272,0
14,0.701551,1259.232,1550.880,2810.112,0
15,0.751588,204.544,1588.112,1792.656,0
16,0.801532,255.696,1531.568,1787.264,0
17,0.851655,134.448,1655.008,1789.456,0
18,0.901987,171.584,1986.640,2158.224,0
19,0.951908,141.840,1907.696,2049.536,0
20,1.002976,128.928,2975.632,3104.560,0
21,1.052813,139.328,2812.688,2952.016,0
22,1.102938,192.608,2938.480,3131.088,0
23,1.152521,259.520,2520.608,2780.128,0
24,1.201511,326.608,1510.800,1837.408,0
25,1.251353,146.448,1353.216,1499.664,0
26,1.301751,164.032,1750.864,1914.896,0
27,1.351803,130.896,1802.512,1933.408,0
28,1.403247,166.064,3246.800,3412.864,0
29,1.451823,167.392,1822.800,1990.192,0
30,1.503015,163.184,3015.248,3178.432,0
31,1.552793,139.840,2793.408,2933.248,0
32,1.603128,145.504,3127.696,3273.200,0
33,1.652659,176.672,2659.296,2835.968,0
34,1.701938,241.344,1937.952,2179.296,0
35,1.752663,186.480,2662.816,2849.296,0
36,1.801760,179.488,1759.728,1939.216,0
37,1.851772,130.304,1772.432,1902.736,0
38,1.903555,204.816,3555.328,3760.144,0
39,1.953135,200.048,3134.624,3334.672,0
40,2.003996,168.512,3995.840,4164.352,0
41,2.052979,221.920,2979.440,3201.360,0
42,2.103905,169.872,3904.976,4074.848,0
43,2.152851,173.328,2850.640,3023.968,0
44,2.203594,183.568,3594.208,3777.776,0
45,2.251593,206.016,1592.720,1798.736,0
46,2.301921,150.080,1920.960,2071.040,0
47,2.351801,176.672,1801.440,1978.112,0
48,2.402967,166.976,2966.928,3133.904,0
49,2.452542,262.752,2542.224,2804.976,0
50,2.501541,265.040,1541.072,1806.112,0
51,2.552547,217.904,2547.008,2764.912,0
52,2.601560,1261.120,1560.496,2821.616,0
53,2.652571,187.440,2571.008,2758.448,0
54,2.701566,1370.768,1565.760,2936.528,0
55,2.752544,243.936,2544.128,2788.064,0
56,2.801550,236.880,1549.904,1786.784,0
57,2.852552,215.024,2552.064,2767.088,0
58,2.901589,1373.632,1588.880,2962.512,0
59,2.952561,178.944,2561.184,2740.128,0
60,3.001560,209.872,1559.840,1769.712,0
61,3.052806,132.048,2805.936,2937.984,0
62,3.103058,175.760,3058.064,3233.824,0
63,3.151635,146.624,1634.944,1781.568,0
64,3.201577,1140.736,1576.992,2717.728,0
65,3.251974,144.288,1974.448,2118.736,0
66,3.303029,181.328,3028.912,3210.240,0
67,3.351672,139.296,1672.320,1811.616,0
68,3.402635,130.272,2634.992,2765.264,0
69,3.451517,147.760,1516.944,1664.704,0
70,3.501555,215.968,1554.512,1770.480,0
71,3.551599,187.328,1598.784,1786.112,0
72,3.601486,272.080,1486.240,1758.320,0
73,3.652581,192.992,2580.976,2773.968,0
74,3.701629,1253.312,1629.440,2882.752,0
75,3.752552,227.728,2551.664,2779.392,0
76,3.801512,191.696,1512.080,1703.776,0
77,3.851650,142.064,1650.144,1792.208,0
78,3.901546,299.024,1546.080,1845.104,0
79,3.951627,155.120,1626.640,1781.760,0
80,4.001656,1302.032,1656.320,2958.352,0
81,4.052664,140.896,2664.368,2805.264,0
82,4.102922,189.680,2922.128,3111.808,0
83,4.152598,180.512,2597.664,2778.176,0
84,4.201592,181.488,1592.080,1773.568,0
85,4.251657,135.376,1656.560,1791.936,0
86,4.301533,285.744,1532.912,1818.656,0
87,4.352546,259.056,2546.144,2805.200,0
88,4.401557,1313.136,1557.184,2870.320,0
89,4.452562,187.360,2561.744,2749.104,0
90,4.501670,1417.312,1670.400,3087.712,0
91,4.552548,252.448,2548.128,2800.576,0
92,4.601670,194.080,1669.552,1863.632,0
93,4.652562,187.616,2561.920,2749.536,0
94,4.701557,1480.272,1556.864,3037.136,0
95,4.752498,207.424,2498.400,2705.824,0
96,4.801533,268.896,1532.608,1801.504,0
97,4.852545,261.344,2544.960,2806.304,0
98,4.901497,210.384,1496.720,1707.104,0
99,4.951550,175.168,1550.208,1725.376,0
100,5.001572,1441.168,1572.416,3013.584,0
101,5.052754,129.024,2754.384,2883.408,0
102,5.101548,222.640,1548.384,1771.024,0
103,5.152559,176.288,2558.704,2734.992,0
104,5.201547,1355.920,1546.720,2902.640,0
105,5.252062,136.896,2061.760,2198.656,0
106,5.302924,148.928,2924.048,3072.976,0
107,5.352777,133.344,2777.008,2910.352,0
108,5.401674,148.112,1674.064,1822.176,0
109,5.452785,131.360,2784.912,2916.272,0
110,5.502978,128.816,2978.192,3107.008,0
111,5.552536,239.968,2536.320,2776.288,0
112,5.601498,252.064,1498.496,1750.560,0
113,5.651571,177.840,1571.040,1748.880,0
114,5.701500,280.176,1499.872,1780.048,0
115,5.751542,216.832,1541.632,1758.464,0
116,5.801576,1320.816,1576.192,2897.008,0
117,5.852553,248.352,2553.040,2801.392,0
118,5.901576,1317.008,1575.744,2892.752,0
119,5.951646,131.456,1646.432,1777.888,0
120,6.001807,1405.232,1807.376,3212.608,0
121,6.052564,196.816,2564.048,2760.864,0
122,6.101536,257.632,1535.712,1793.344,0
123,6.152554,192.400,2554.176,2746.576,0
124,6.201811,154.800,1810.576,1965.376,0
125,6.252018,198.176,2017.696,2215.872,0
126,6.302772,138.944,2772.048,2910.992,0
127,6.352538,246.496,2538.432,2784.928,0
128,6.401539,254.000,1539.424,1793.424,0
129,6.451557,178.288,1557.376,1735.664,0
130,6.501572,1227.984,1572.240,2800.224,0
131,6.551602,150.192,1602.368,1752.560,0
132,6.601783,1304.480,1782.832,3087.312,0
133,6.652554,274.464,2554.064,2828.528,0
134,6.701538,291.968,1538.368,1830.336,0
135,6.752576,188.432,2575.776,2764.208,0
136,6.801791,1352.096,1790.656,3142.752,0
137,6.852843,151.472,2842.848,2994.320,0
138,6.902946,163.904,2946.336,3110.240,0
139,6.952541,256.720,2541.056,2797.776,0
140,7.001536,279.024,1536.336,1815.360,0
141,7.051604,146.352,1604.224,1750.576,0
142,7.101531,282.256,1531.424,1813.680,0
143,7.151580,188.064,1579.952,1768.016,0
144,7.201576,1184.224,1575.728,2759.952,0
145,7.251995,149.792,1994.672,2144.464,0
146,7.301539,270.320,1539.232,1809.552,0
147,7.351941,178.336,1940.672,2119.008,0
148,7.402784,130.560,2783.920,2914.480,0
149,7.451522,205.024,1521.632,1726.656,0
150,7.501572,194.768,1571.552,1766.320,0
151,7.551516,238.432,1516.256,1754.688,0
152,7.601975,162.176,1974.672,2136.848,0
153,7.651785,130.672,1784.544,1915.216,0
154,7.702857,127.616,2857.056,2984.672,0
155,7.752539,236.880,2539.104,2775.984,0
156,7.801543,247.360,1542.688,1790.048,0
157,7.852530,276.944,2529.504,2806.448,0
158,7.901602,137.264,1601.872,1739.136,0
159,7.952570,179.680,2570.192,2749.872,0
160,8.001868,206.592,1868.368,2074.960,0
161,8.052847,190.896,2847.328,3038.224,0
162,8.102941,162.992,2941.280,3104.272,0
163,8.152543,260.720,2542.832,2803.552,0
164,8.201546,268.800,1545.504,1814.304,0
165,8.251608,143.216,1607.968,1751.184,0
166,8.302923,165.904,2922.880,3088.784,0
167,8.352560,130.704,2560.480,2691.184,0
168,8.401554,244.112,1553.568,1797.680,0
169,8.452554,171.232,2553.920,2725.152,0
170,8.501552,253.072,1552.320,1805.392,0
171,8.552542,251.808,2542.480,2794.288,0
172,8.601571,214.752,1571.168,1785.920,0
173,8.651605,159.120,1605.440,1764.560,0
174,8.701811,161.424,1811.056,1972.480,0
175,8.752558,131.104,2558.304,2689.408,0
176,8.801581,1452.160,1581.168,3033.328,0
177,8.852838,140.272,2837.744,2978.016,0
178,8.903021,175.840,3020.528,3196.368,0
179,8.951581,177.120,1581.312,1758.432,0
180,9.001567,1315.648,1566.848,2882.496,0
181,9.051773,129.600,1772.960,1902.560,0
182,9.102987,141.264,2987.424,3128.688,0
183,9.152555,212.256,2554.688,2766.944,0
184,9.201552,1460.912,1552.384,3013.296,0
185,9.252806,183.584,2805.776,2989.360,0
186,9.301556,1263.600,1555.872,2819.472,0
187,9.351815,130.944,1815.008,1945.952,0
188,9.402927,150.032,2927.312,3077.344,0
189,9.452537,274.000,2537.424,2811.424,0
190,9.501543,291.296,1543.040,1834.336,0
191,9.552544,238.848,2544.144,2782.992,0
192,9.601562,1503.392,1561.856,3065.248,0
193,9.652582,187.680,2582.224,2769.904,0
194,9.701545,295.760,1544.592,1840.352,0
195,9.751565,205.024,1565.344,1770.368,0
196,9.801537,1293.216,1537.168,2830.384,0
197,9.851540,186.432,1540.368,1726.800,0
198,9.901562,175.456,1562.304,1737.760,0
199,9.952560,175.104,2559.664,2734.768,0
200,10.001507,260.272,1507.184,1767.456,0
201,10.051536,131.184,1535.856,1667.040,0
202,10.101575,1239.328,1574.768,2814.096,0
203,10.152621,160.240,2621.216,2781.456,0
204,10.202856,128.112,2855.568,2983.680,0
205,10.251736,142.144,1736.208,1878.352,0
206,10.301661,227.984,1660.800,1888.784,0
207,10.352844,148.464,2843.952,2992.416,0
208,10.402961,139.888,2960.896,3100.784,0
209,10.452765,141.808,2764.560,2906.368,0
210,10.502955,159.584,2955.328,3114.912,0
211,10.552799,132.256,2799.328,2931.584,0
212,10.601534,1543.728,1534.112,3077.840,0
213,10.652566,189.680,2566.368,2756.048,0
214,10.701549,267.104,1549.232,1816.336,0
215,10.752566,179.520,2566.352,2745.872,0
216,10.801561,1052.320,1560.672,2612.992,0
217,10.851545,171.968,1545.328,1717.296,0
218,10.901539,261.680,1538.608,1800.288,0
219,10.951565,189.472,1565.232,1754.704,0
220,11.001539,265.824,1538.688,1804.512,0
221,11.051573,130.448,1573.040,1703.488,0
222,11.101621,1329.776,1620.768,2950.544,0
223,11.152658,134.800,2658.032,2792.832,0
224,11.201569,1126.720,1568.736,2695.456,0
225,11.251842,139.664,1842.048,1981.712,0
226,11.301552,182.656,1551.984,1734.640,0
227,11.351497,194.080,1496.784,1690.864,0
228,11.401558,204.368,1557.568,1761.936,0
229,11.451923,175.728,1922.528,2098.256,0
230,11.501514,198.656,1514.304,1712.960,0
231,11.551597,173.344,1596.544,1769.888,0
232,11.601587,1235.712,1587.456,2823.168,0
233,11.651594,185.392,1594.496,1779.888,0
234,11.701566,1317.296,1565.504,2882.800,0
235,11.752589,177.424,2589.040,2766.464,0
236,11.801541,297.280,1541.408,1838.688,0
237,11.852528,200.928,2527.584,2728.512,0
238,11.901544,257.312,1543.632,1800.944,0
239,11.951544,174.272,1543.792,1718.064,0
240,12.001560,240.688,1559.792,1800.480,0
241,12.052592,215.600,2592.432,2808.032,0
242,12.102988,138.560,2987.888,3126.448,0
243,12.152576,191.968,2575.600,2767.568,0
244,12.201558,220.928,1558.272,1779.200,0
245,12.251742,138.688,1742.304,1880.992,0
246,12.303627,222.976,3626.832,3849.808,0
247,12.352862,168.272,2861.664,3029.936,0
248,12.402994,198.144,2994.192,3192.336,0
249,12.452828,167.040,2827.808,2994.848,0
250,12.502830,163.920,2830.064,2993.984,0
251,12.552669,185.008,2669.088,2854.096,0
252,12.601821,155.136,1820.848,1975.984,0
253,12.651817,129.184,1816.640,1945.824,0
254,12.703077,135.312,3077.056,3212.368,0
255,12.752664,172.096,2664.304,2836.400,0
256,12.801647,1227.312,1646.928,2874.240,0
257,12.852659,185.936,2658.784,2844.720,0
258,12.902865,169.200,2864.752,3033.952,0
259,12.952783,172.944,2782.880,2955.824,0
260,13.003211,142.944,3211.232,3354.176,0
261,13.051795,138.496,1795.104,1933.600,0
262,13.103064,139.088,3063.648,3202.736,0
263,13.152625,191.424,2625.408,2816.832,0
264,13.201644,1702.576,1643.984,3346.560,0
265,13.251807,128.976,1806.928,1935.904,0
266,13.301784,165.744,1784.016,1949.760,0
267,13.352665,203.280,2664.720,2868.000,0
268,13.403125,139.328,3124.512,3263.840,0
269,13.451808,178.992,1807.536,1986.528,0
270,13.503181,181.696,3181.376,3363.072,0
271,13.552814,167.680,2814.368,2982.048,0
272,13.601787,275.536,1786.736,2062.272,0
273,13.651859,166.096,1858.992,2025.088,0
274,13.703130,174.896,3129.696,3304.592,0
275,13.751811,127.808,1811.440,1939.248,0
276,13.803093,157.984,3092.752,3250.736,0
277,13.851776,138.624,1776.160,1914.784,0
278,13.903205,168.784,3205.232,3374.016,0
279,13.952833,171.248,2832.832,3004.080,0
280,14.001786,235.520,1786.064,2021.584,0
281,14.051867,182.304,1866.928,2049.232,0
282,14.101849,171.136,1849.104,2020.240,0
283,14.152938,174.976,2938.320,3113.296,0
284,14.203191,156.064,3191.136,3347.200,0
285,14.252658,190.336,2658.448,2848.784,0
286,14.301993,172.176,1992.992,2165.168,0
287,14.352840,169.728,2839.536,3009.264,0
288,14.403047,179.200,3046.544,3225.744,0
289,14.452821,175.072,2820.832,2995.904,0
290,14.503180,184.416,3180.496,3364.912,0
291,14.551818,130.432,1818.336,1948.768,0
292,14.603086,142.096,3085.632,3227.728,0
293,14.652822,177.712,2821.680,2999.392,0
294,14.701736,1295.248,1735.664,3030.912,0
295,14.752788,139.680,2787.824,2927.504,0
296,14.803063,168.752,3062.976,3231.728,0
297,14.852676,207.984,2676.464,2884.448,0
298,14.903202,162.592,3202.224,3364.816,0
===CSV_END===
Statistics sent to li VM via shared memory
Run #23 completed. Waiting for next START command...
Waiting for START command from li VM...
