========================================
Signal Sender Workload (Synchronized)
========================================
Initializing shared memory...
Waiting for speedometer to register...
Found speedometer in shared memory!
Sending START command to speedometer: START: 15;5;20

Running workload signal period for 15 seconds...

Workload signal period completed.
Sending STOP command to speedometer...
Waiting for statistics from speedometer...

Stress workload terminated.
===VMSTAT_START===
procs -----------memory---------- ---swap-- -----io---- -system-- ------cpu-----
 r  b   swpd   free   buff  cache   si   so    bi    bo   in   cs us sy id wa st
 2  0      0 138136   8572  33248    0    0    34    10  256   50 86 11  2  0  0
 3  0      0 138136   8572  33248    0    0     0     0  507   14 100  0  0  0  0
 3  0      0 138136   8572  33248    0    0     0     0  503   14 100  0  0  0  0
 3  0      0 138136   8572  33248    0    0     0     0  506   24 100  0  0  0  0
 2  0      0 138136   8580  33240    0    0     0   124  511   30 100  1  0  0  0
 2  0      0 138136   8580  33248    0    0     0     0  507   20 100  0  0  0  0
 2  0      0 138136   8580  33248    0    0     0     0  507   15 100  0  0  0  0
 2  0      0 138136   8580  33248    0    0     0     0  509   23 100  0  0  0  0
 2  0      0 138136   8580  33248    0    0     0     0  506   17 100  0  0  0  0
 3  0      0 138136   8580  33248    0    0     0     0  501   16 100  1  0  0  0
 2  0      0 138136   8580  33248    0    0     0     0  505   18 100  0  0  0  0
 2  0      0 138136   8580  33248    0    0     0     0  506   21 100  0  0  0  0
 2  0      0 138136   8580  33248    0    0     0     0  508   16 100  0  0  0  0
 3  0      0 138136   8580  33248    0    0     0     0  503   18 100  0  0  0  0
 2  0      0 138136   8580  33248    0    0     0     0  506   14 100  0  0  0  0
 2  0      0 138136   8580  33248    0    0     0     0  510   30 100  0  0  0  0
 2  0      0 138136   8580  33248    0    0     0     0  535   49 94  6  0  0  0
===VMSTAT_END===
========== SPEEDOMETER RT APPLICATION RESULTS ==========
Test Configuration:
Period: 50.000 ms
Deadline: 5.000 ms
RT Priority: 99 (SCHED_FIFO)
Execution Statistics:
Total cycles: 299
Deadline misses: 4 (1.338%)
Execution Time (μs):
Mean: 272.091
Min: 134.368
Max: 1688.912
50th percentile: 178.752
95th percentile: 1387.008
99th percentile: 1577.920
99.9th percentile: 1688.912
Jitter (μs):
Mean: 2378.182
Min: 1301.568
Max: 10576.032
Response Time (μs):
Mean: 2650.273
Min: 1602.544
Max: 10756.512
50th percentile: 2674.976
95th percentile: 3130.560
99th percentile: 7474.304
99.9th percentile: 10756.512
========================================================
[  406.299649] SDK:handler_do_el0_svc_pre: syscall __NR_futex (98) is not allowed
[  406.597886] SDK:handler_do_el0_svc_pre: syscall __NR_munmap (215) is not allowed
[  406.605957] SDK:handler_do_el0_svc_pre: syscall __NR_wait4 (260) is not allowed
[  406.614032] SDK:handler_do_el0_svc_pre: syscall __NR_munmap (215) is not allowed
[  406.622784] SDK:handler_do_el0_svc_pre: syscall __NR_rt_sigprocmask (135) is not allowed
[  406.631696] SDK:handler_do_el0_svc_pre: syscall __NR_futex (98) is not allowed
[  406.641033] SDK:handler_do_el0_svc_pre: syscall __NR_exit (93) is not allowed
[  406.642224] SDK:handler_do_el0_svc_pre: syscall __NR_futex (98) is not allowed
[  406.655536] SDK:handler_do_el0_svc_pre: syscall __NR_munmap (215) is not allowed
===VMSTAT_START===
procs -----------memory---------- ---swap-- -----io---- -system-- ------cpu-----
r  b   swpd   free   buff  cache   si   so    bi    bo   in   cs us sy id wa st
0  0      0  68480    512   9824    0    0     0     0   59   55  0  5 94  0  0
1  0      0  68480    512   9824    0    0     0     0   49   57  1  1 98  0  0
0  0      0  68480    512   9824    0    0     0     0   45   65  1  1 98  0  0
0  0      0  68480    512   9824    0    0     0     0   44   52  0  1 99  0  0
0  0      0  68480    512   9824    0    0     0     0   46   61  0  1 99  0  0
0  0      0  68480    512   9824    0    0     0     0   48   54  1  2 98  0  0
0  0      0  68480    512   9824    0    0     0     0   44   66  1  1 98  0  0
0  0      0  68480    512   9824    0    0     0     0   41   52  0  1 99  0  0
0  0      0  68480    512   9824    0    0     0     0   41   59  1  1 99  0  0
0  0      0  68480    512   9824    0    0     0     0   41   58  0  1 99  0  0
1  0      0  68480    512   9824    0    0     0     0   46   62  1  2 98  0  0
1  0      0  68480    512   9824    0    0     0     0   51   60  0  2 98  0  0
1  0      0  68480    512   9824    0    0     0     0   57   58  0  2 98  0  0
0  0      0  68480    512   9824    0    0     0     0   55   57  1  1 98  0  0
0  0      0  68480    512   9824    0    0     0     0   46   66  1  1 99  0  0
0  0      0  68480    512   9824    0    0     0     0  138   44  1  7 92  0  0
===VMSTAT_END===
===CSV_START===
cycle,timestamp_s,execution_time_us,jitter_us,response_time_us,deadline_miss
1,0.057190,284.272,7190.032,7474.304,1
2,0.103527,184.592,3527.008,3711.600,0
3,0.151588,157.744,1588.496,1746.240,0
4,0.204732,193.136,4732.336,4925.472,0
5,0.252541,198.416,2541.040,2739.456,0
6,0.301386,1412.256,1386.096,2798.352,0
7,0.352577,190.592,2577.008,2767.600,0
8,0.402809,147.136,2808.592,2955.728,0
9,0.452520,146.272,2519.504,2665.776,0
10,0.501381,1406.960,1381.232,2788.192,0
11,0.552503,183.616,2502.976,2686.592,0
12,0.601481,167.072,1480.624,1647.696,0
13,0.652398,207.088,2398.464,2605.552,0
14,0.702843,146.064,2843.136,2989.200,0
15,0.752384,208.576,2383.616,2592.192,0
16,0.802682,165.392,2682.448,2847.840,0
17,0.852396,194.432,2395.824,2590.256,0
18,0.901396,1531.888,1396.448,2928.336,0
19,0.952496,145.696,2496.032,2641.728,0
20,1.001481,1434.016,1480.656,2914.672,0
21,1.052523,134.560,2523.232,2657.792,0
22,1.101521,180.080,1521.232,1701.312,0
23,1.151565,170.288,1565.056,1735.344,0
24,1.201508,208.544,1508.240,1716.784,0
25,1.252526,180.944,2525.856,2706.800,0
26,1.302870,144.768,2869.504,3014.272,0
27,1.352477,175.200,2476.784,2651.984,0
28,1.402707,155.632,2707.088,2862.720,0
29,1.452371,211.200,2371.360,2582.560,0
30,1.501518,225.232,1517.632,1742.864,0
31,1.552543,181.936,2542.736,2724.672,0
32,1.602758,171.520,2758.336,2929.856,0
33,1.652529,186.784,2528.592,2715.376,0
34,1.701503,224.400,1503.216,1727.616,0
35,1.751564,145.152,1564.304,1709.456,0
36,1.802785,170.240,2785.008,2955.248,0
37,1.852520,146.176,2520.144,2666.320,0
38,1.902791,199.632,2791.232,2990.864,0
39,1.952370,207.728,2369.840,2577.568,0
40,2.001500,1266.896,1499.744,2766.640,0
41,2.052578,148.208,2578.432,2726.640,0
42,2.101502,235.120,1501.664,1736.784,0
43,2.152427,209.568,2427.472,2637.040,0
44,2.202814,166.496,2813.712,2980.208,0
45,2.252473,148.352,2472.976,2621.328,0
46,2.301560,210.480,1560.256,1770.736,0
47,2.352527,178.752,2527.232,2705.984,0
48,2.402826,153.440,2826.448,2979.888,0
49,2.452595,145.168,2595.072,2740.240,0
50,2.502770,166.688,2770.416,2937.104,0
51,2.552559,178.736,2558.880,2737.616,0
52,2.601515,201.808,1515.056,1716.864,0
53,2.652518,146.048,2517.728,2663.776,0
54,2.702775,171.408,2774.880,2946.288,0
55,2.751516,146.272,1515.904,1662.176,0
56,2.801373,1548.864,1372.720,2921.584,0
57,2.852512,145.968,2512.432,2658.400,0
58,2.902850,144.912,2850.464,2995.376,0
59,2.952540,186.512,2539.888,2726.400,0
60,3.002767,183.408,2767.296,2950.704,0
61,3.052595,187.024,2594.832,2781.856,0
62,3.102881,146.512,2881.248,3027.760,0
63,3.151563,171.248,1563.296,1734.544,0
64,3.201555,198.576,1554.592,1753.168,0
65,3.252537,190.064,2536.528,2726.592,0
66,3.302774,183.312,2773.888,2957.200,0
67,3.352540,186.064,2540.288,2726.352,0
68,3.401570,182.848,1570.448,1753.296,0
69,3.452502,145.712,2501.968,2647.680,0
70,3.502841,145.680,2840.672,2986.352,0
71,3.552523,146.176,2522.976,2669.152,0
72,3.602952,172.592,2951.536,3124.128,0
73,3.652550,206.880,2549.760,2756.640,0
74,3.702942,207.040,2942.432,3149.472,0
75,3.752522,135.200,2521.776,2656.976,0
76,3.802879,144.640,2878.896,3023.536,0
77,3.852503,134.816,2503.360,2638.176,0
78,3.901530,199.520,1530.048,1729.568,0
79,3.952870,203.520,2870.448,3073.968,0
80,4.003725,185.376,3724.784,3910.160,0
81,4.051856,225.744,1856.048,2081.792,0
82,4.102883,177.408,2883.120,3060.528,0
83,4.152596,167.936,2596.176,2764.112,0
84,4.201568,226.960,1568.320,1795.280,0
85,4.252538,179.488,2537.584,2717.072,0
86,4.301559,274.464,1559.056,1833.520,0
87,4.351609,146.656,1609.072,1755.728,0
88,4.402845,146.512,2845.088,2991.600,0
89,4.452566,146.656,2566.368,2713.024,0
90,4.502800,176.976,2800.320,2977.296,0
91,4.552378,210.352,2377.648,2588.000,0
92,4.601372,1659.376,1371.744,3031.120,0
93,4.652392,201.792,2391.888,2593.680,0
94,4.701383,1504.672,1383.280,2887.952,0
95,4.752539,145.696,2538.512,2684.208,0
96,4.801533,199.408,1533.472,1732.880,0
97,4.852543,154.784,2542.768,2697.552,0
98,4.902816,156.880,2816.432,2973.312,0
99,4.952476,146.592,2475.760,2622.352,0
100,5.001414,1255.936,1414.368,2670.304,0
101,5.052557,182.656,2557.104,2739.760,0
102,5.101371,1387.008,1370.640,2757.648,0
103,5.152520,146.752,2519.696,2666.448,0
104,5.202793,179.600,2792.976,2972.576,0
105,5.252374,212.464,2373.728,2586.192,0
106,5.302811,145.536,2811.424,2956.960,0
107,5.352390,206.512,2389.872,2596.384,0
108,5.402778,186.448,2778.000,2964.448,0
109,5.452370,200.368,2369.504,2569.872,0
110,5.501382,1367.888,1382.208,2750.096,0
111,5.552373,197.360,2372.528,2569.888,0
112,5.602809,170.672,2809.152,2979.824,0
113,5.652509,135.120,2508.720,2643.840,0
114,5.701466,1403.712,1466.048,2869.760,0
115,5.752510,145.184,2510.256,2655.440,0
116,5.802574,181.744,2574.160,2755.904,0
117,5.852415,208.160,2415.248,2623.408,0
118,5.902835,154.448,2834.880,2989.328,0
119,5.952517,145.952,2516.656,2662.608,0
120,6.002708,135.504,2707.584,2843.088,0
121,6.052416,212.832,2416.496,2629.328,0
122,6.101667,187.424,1666.752,1854.176,0
123,6.151577,165.776,1576.896,1742.672,0
124,6.201648,182.336,1648.000,1830.336,0
125,6.251556,181.744,1555.696,1737.440,0
126,6.301558,155.744,1557.616,1713.360,0
127,6.352374,180.832,2373.584,2554.416,0
128,6.401536,188.032,1535.552,1723.584,0
129,6.451565,174.432,1565.312,1739.744,0
130,6.502920,186.496,2920.240,3106.736,0
131,6.552584,174.640,2583.904,2758.544,0
132,6.601567,243.536,1567.200,1810.736,0
133,6.652579,178.224,2579.216,2757.440,0
134,6.702610,146.528,2610.048,2756.576,0
135,6.752540,134.848,2539.552,2674.400,0
136,6.801521,1577.920,1520.576,3098.496,0
137,6.852373,202.224,2372.720,2574.944,0
138,6.901530,158.784,1530.080,1688.864,0
139,6.952372,211.312,2372.016,2583.328,0
140,7.002926,165.760,2925.984,3091.744,0
141,7.052551,184.288,2551.088,2735.376,0
142,7.102928,172.272,2927.904,3100.176,0
143,7.152472,162.704,2471.504,2634.208,0
144,7.202943,178.224,2943.056,3121.280,0
145,7.252524,145.504,2523.504,2669.008,0
146,7.302777,180.160,2777.328,2957.488,0
147,7.352499,146.336,2498.528,2644.864,0
148,7.402692,170.384,2691.664,2862.048,0
149,7.452529,145.536,2529.440,2674.976,0
150,7.502800,200.848,2800.112,3000.960,0
151,7.552525,145.808,2525.024,2670.832,0
152,7.603519,146.320,3518.928,3665.248,0
153,7.652515,146.624,2515.392,2662.016,0
154,7.702798,148.112,2798.336,2946.448,0
155,7.752497,145.824,2497.072,2642.896,0
156,7.802813,161.040,2813.040,2974.080,0
157,7.852389,208.656,2389.488,2598.144,0
158,7.901531,145.184,1531.440,1676.624,0
159,7.952568,182.624,2568.304,2750.928,0
160,8.002798,178.448,2797.872,2976.320,0
161,8.052561,188.400,2561.152,2749.552,0
162,8.102635,179.888,2635.280,2815.168,0
163,8.152376,142.320,2375.520,2517.840,0
164,8.202862,147.184,2862.304,3009.488,0
165,8.252536,183.008,2536.480,2719.488,0
166,8.303101,241.360,3100.640,3342.000,0
167,8.351390,212.592,1389.952,1602.544,0
168,8.401553,223.232,1553.312,1776.544,0
169,8.452529,145.712,2528.912,2674.624,0
170,8.502821,145.280,2821.216,2966.496,0
171,8.552374,217.680,2374.384,2592.064,0
172,8.602802,145.264,2801.920,2947.184,0
173,8.652481,202.512,2481.392,2683.904,0
174,8.702807,146.432,2807.344,2953.776,0
175,8.752411,203.968,2411.440,2615.408,0
176,8.802866,144.352,2865.952,3010.304,0
177,8.852524,146.944,2523.952,2670.896,0
178,8.901410,1395.056,1410.464,2805.520,0
179,8.952524,145.136,2523.808,2668.944,0
180,9.005144,171.504,5143.984,5315.488,1
181,9.052686,253.184,2685.936,2939.120,0
182,9.103562,191.344,3562.112,3753.456,0
183,9.152556,145.184,2555.872,2701.056,0
184,9.202572,182.800,2572.064,2754.864,0
185,9.252400,206.608,2400.480,2607.088,0
186,9.301500,180.848,1500.480,1681.328,0
187,9.351606,185.536,1605.520,1791.056,0
188,9.402698,134.864,2698.288,2833.152,0
189,9.460576,180.480,10576.032,10756.512,1
190,9.502829,154.304,2829.344,2983.648,0
191,9.552400,212.240,2399.728,2611.968,0
192,9.601468,168.560,1468.000,1636.560,0
193,9.651529,177.680,1529.456,1707.136,0
194,9.702732,144.816,2732.224,2877.040,0
195,9.752535,179.312,2535.392,2714.704,0
196,9.802922,167.536,2922.176,3089.712,0
197,9.852403,210.800,2402.704,2613.504,0
198,9.901345,1278.640,1345.120,2623.760,0
199,9.952527,145.504,2527.488,2672.992,0
200,10.002823,153.008,2822.800,2975.808,0
201,10.052413,191.584,2413.360,2604.944,0
202,10.101485,236.240,1484.592,1720.832,0
203,10.151513,146.304,1513.392,1659.696,0
204,10.203744,155.056,3744.272,3899.328,0
205,10.252551,168.192,2551.248,2719.440,0
206,10.302959,171.696,2958.864,3130.560,0
207,10.351532,146.112,1531.872,1677.984,0
208,10.401545,176.576,1545.008,1721.584,0
209,10.451532,145.712,1532.432,1678.144,0
210,10.501565,228.480,1565.472,1793.952,0
211,10.552499,145.984,2499.232,2645.216,0
212,10.602824,169.520,2823.840,2993.360,0
213,10.652478,183.056,2477.872,2660.928,0
214,10.702741,145.584,2741.264,2886.848,0
215,10.752532,145.936,2532.400,2678.336,0
216,10.802807,145.328,2807.024,2952.352,0
217,10.852549,187.936,2549.184,2737.120,0
218,10.902795,195.616,2794.672,2990.288,0
219,10.952494,146.144,2494.080,2640.224,0
220,11.001597,177.280,1597.216,1774.496,0
221,11.052533,145.872,2532.704,2678.576,0
222,11.101476,193.920,1475.920,1669.840,0
223,11.152521,145.600,2521.264,2666.864,0
224,11.201525,205.056,1524.896,1729.952,0
225,11.252613,173.552,2613.200,2786.752,0
226,11.301559,196.960,1558.528,1755.488,0
227,11.351502,135.632,1501.568,1637.200,0
228,11.401529,214.848,1529.328,1744.176,0
229,11.452424,182.608,2424.064,2606.672,0
230,11.501522,159.344,1522.096,1681.440,0
231,11.552585,190.944,2585.488,2776.432,0
232,11.603403,212.720,3403.248,3615.968,0
233,11.652566,175.056,2566.160,2741.216,0
234,11.701494,170.672,1494.048,1664.720,0
235,11.752494,146.080,2493.840,2639.920,0
236,11.801476,1363.472,1476.048,2839.520,0
237,11.852377,198.960,2376.736,2575.696,0
238,11.901302,1212.896,1301.568,2514.464,0
239,11.952289,166.448,2289.424,2455.872,0
240,12.001494,272.128,1494.368,1766.496,0
241,12.052563,146.320,2563.408,2709.728,0
242,12.101520,191.984,1520.256,1712.240,0
243,12.152298,210.032,2297.824,2507.856,0
244,12.201406,1517.264,1405.632,2922.896,0
245,12.252825,147.824,2825.280,2973.104,0
246,12.302728,147.248,2727.952,2875.200,0
247,12.351419,210.288,1419.360,1629.648,0
248,12.401381,1309.808,1380.512,2690.320,0
249,12.452558,181.344,2558.000,2739.344,0
250,12.501368,1309.008,1367.648,2676.656,0
251,12.552416,206.480,2416.128,2622.608,0
252,12.601506,265.776,1506.384,1772.160,0
253,12.652516,145.840,2515.728,2661.568,0
254,12.701506,177.824,1506.256,1684.080,0
255,12.752401,193.008,2400.528,2593.536,0
256,12.801475,209.856,1474.560,1684.416,0
257,12.852555,183.088,2554.832,2737.920,0
258,12.901571,200.864,1571.024,1771.888,0
259,12.952585,173.024,2585.248,2758.272,0
260,13.002747,160.464,2747.024,2907.488,0
261,13.052369,210.688,2368.592,2579.280,0
262,13.101554,163.040,1553.600,1716.640,0
263,13.152670,186.512,2670.208,2856.720,0
264,13.201411,1450.224,1411.424,2861.648,0
265,13.252369,233.504,2368.704,2602.208,0
266,13.301525,153.120,1524.752,1677.872,0
267,13.351515,135.408,1514.864,1650.272,0
268,13.402722,134.368,2722.080,2856.448,0
269,13.452405,208.576,2404.592,2613.168,0
270,13.502802,146.688,2802.016,2948.704,0
271,13.552535,134.480,2535.216,2669.696,0
272,13.601341,1414.208,1341.120,2755.328,0
273,13.651560,202.112,1559.664,1761.776,0
274,13.702858,134.432,2857.888,2992.320,0
275,13.752415,170.080,2414.544,2584.624,0
276,13.801519,1688.912,1519.184,3208.096,0
277,13.852470,171.328,2469.792,2641.120,0
278,13.902803,195.856,2803.296,2999.152,0
279,13.952503,145.888,2502.656,2648.544,0
280,14.002864,144.912,2863.584,3008.496,0
281,14.052512,146.848,2511.840,2658.688,0
282,14.101497,202.896,1496.704,1699.600,0
283,14.152510,147.136,2509.824,2656.960,0
284,14.201522,201.552,1521.696,1723.248,0
285,14.260111,194.384,10111.392,10305.776,1
286,14.301615,219.952,1615.104,1835.056,0
287,14.352012,156.944,2012.112,2169.056,0
288,14.402778,171.888,2778.048,2949.936,0
289,14.452528,146.336,2528.096,2674.432,0
290,14.502743,162.352,2743.104,2905.456,0
291,14.552412,211.552,2412.400,2623.952,0
292,14.602771,196.576,2770.976,2967.552,0
293,14.651533,134.896,1533.120,1668.016,0
294,14.702873,153.296,2872.880,3026.176,0
295,14.752496,134.416,2496.288,2630.704,0
296,14.801665,256.080,1665.040,1921.120,0
297,14.852416,204.416,2416.208,2620.624,0
298,14.902796,191.552,2795.632,2987.184,0
299,14.952585,175.520,2584.960,2760.480,0
===CSV_END===
Statistics sent to li VM via shared memory
Run #15 completed. Waiting for next START command...
Waiting for START command from li VM...
