HI_NET_PING_START run=13
Probes: 2000  |  Protocol: UDP  |  Period: 1 ms  |  Msg: 64 B
hi_net_ping: sending HELLO to 127.0.0.1:5002 (protocol=UDP)...
[echo] HELLO — protocol=UDP  n_probes=2000
hi_net_ping: HELLO_ACK received
[echo] HELLO_ACK sent
[echo] run #13 — echoing probes
hi_net_ping: starting ping-echo loop (2000 probes at 1 ms)...
========== HI_NET_PING RESULTS ==========
Probes sent:        2000
Echoes received:    2000
Lost (no echo):        6 (0.300%)
RTL (us):
Mean: 3800.529    Std dev: 834.385
Min:  2460.992    Max:     22751.648
P50:  3667.152    P95:     4510.864
P99:  6492.320    P99.9:   21436.496
IAJ (us):
Mean: 3151.509    Std dev: 600.131
Min:  1802.768    Max:     12565.664
P50:  3011.904    P95:     4002.704
P99:  5950.832    P99.9:   8413.264
===CSV_START===
index,rtl_ns,iaj_ns
0,5267696,3076272
1,3618192,2826304
2,3426128,3119792
3,3815328,3095936
4,3763712,2868496
5,3585456,3037776
6,3666448,2678384
7,3427088,3198800
8,3734112,3007808
9,3720688,3286720
10,3938496,3051856
11,3716560,3418240
12,4139168,3153792
13,3742992,3510608
14,4197728,4062112
15,4012112,2619744
16,3342720,3065088
17,3688240,3075312
18,3729488,2766816
19,3471424,3573984
20,4222768,2774496
21,3379152,2947296
22,3645888,2904704
23,3585920,2949296
24,3670224,3844624
25,4526944,3465232
26,4182656,3111488
27,3814400,4810768
28,5540896,3854608
29,3876032,3051856
30,3741520,2727376
31,3432704,3498160
32,4172320,3081200
33,3784496,2945232
34,3567328,2740800
35,3481280,2826960
36,3528880,3048560
37,3692848,3162272
38,3791760,2869168
39,3565216,3269712
40,3944064,2718240
41,3416784,3022832
42,3740336,2969808
43,3677056,3852544
44,4551888,3591456
45,4313024,3244304
46,3750816,2871552
47,3471920,3446208
48,4044256,2904416
49,3602320,2701568
50,3449968,2956800
51,3592832,2948992
52,3578192,2884976
53,3498800,3090832
54,3820272,3217952
55,3804912,3173856
56,3740880,2888624
57,3579568,2907632
58,3629904,2916800
59,3572672,3045936
60,3663200,2713696
61,3386144,3171824
62,3881888,3359568
63,3899168,2983056
64,3716096,2835456
65,3520128,3400256
66,3989984,2921088
67,3628768,3063088
68,3771584,2927936
69,3648848,2661824
70,3368800,2965360
71,3592016,2887648
72,3449376,3571008
73,4143664,2585776
74,3296240,3205200
75,3778848,3103856
76,3834880,2986800
77,3699024,3039200
78,3721936,2826912
79,3540848,2947888
80,3562848,2826800
81,3526736,2941200
82,3543392,3093696
83,3710640,2963616
84,3543376,3051216
85,3694208,2954256
86,3587600,2798304
87,3457104,2879984
88,3489808,3149104
89,3897472,2931424
90,3546640,3260752
91,3980960,3215872
92,3755888,3058512
93,3785488,3296448
94,4033824,2737792
95,3459856,2949152
96,3651328,3048992
97,3785904,2711200
98,3410896,3155904
99,3753968,2810192
100,3450864,2993344
101,3502464,2872528
102,3521024,2813744
103,3449776,3268288
104,3979040,2747920
105,3363072,3619968
106,4349104,2988176
107,3654352,2670080
108,3342336,2913792
109,3569712,2964816
110,3565408,2930176
111,3520352,3406768
112,4011888,2982656
113,3625248,2870176
114,3537920,3002336
115,3562240,3248448
116,3881472,2949824
117,3627696,2803808
118,3425872,2908960
119,3510704,2742720
120,3387824,3009280
121,3739376,3261632
122,3986896,3363056
123,3979344,3038256
124,3690112,2959232
125,3683904,2689200
126,3384256,3380176
127,3961680,2961600
128,3640928,2747104
129,3455600,2579152
130,3307728,3206992
131,3901296,3065664
132,3724928,2931600
133,3565664,3609472
134,4199488,2754752
135,3478992,2799264
136,3517888,2800976
137,3398800,3322816
138,3919696,3105872
139,3824256,3084704
140,3752208,3103984
141,3798656,2881728
142,3604928,2946384
143,3619264,3191600
144,3865680,2785280
145,3508592,3017216
146,3754704,3210432
147,3877984,2654720
148,3368576,2662544
149,3323504,4042928
150,4687792,3540432
151,3985136,3918672
152,3965328,3045248
153,3694464,3135664
154,3813584,2950256
155,3659152,3365616
156,4040496,2741456
157,3374928,2796704
158,3478832,3034976
159,3716800,2996816
160,3603440,3260576
161,3973072,3870864
162,4602896,3132896
163,3851040,3464096
164,4148656,3090032
165,3761216,2767712
166,3445072,3207072
167,3762944,2817376
168,3468608,2683712
169,3333344,3290064
170,4009152,3338224
171,3981968,2942736
172,3632736,2905632
173,3633040,3219184
174,3922656,2947664
175,3652320,2599168
176,3277568,3080320
177,3661840,2875504
178,3491728,3462272
179,4110464,2500032
180,3203376,3131760
181,3666176,2980176
182,3526336,2981536
183,3643168,3247168
184,3840800,2769056
185,3444512,3042128
186,3633696,2970448
187,3551744,3710672
188,4322800,2659776
189,3331008,3122192
190,3791136,2732992
191,3427168,2900224
192,3544208,3190736
193,3911808,2689616
194,3344016,3286176
195,3938576,2821024
196,3565408,2954624
197,3541664,2920208
198,3566464,2821984
199,3443296,3423328
200,4047776,2583488
201,3289136,3276800
202,3858016,3165184
203,3770048,2730448
204,3449616,3068416
205,3702432,2952464
206,3538224,3334032
207,3904896,2901136
208,3579232,2773440
209,3457920,3085648
210,3611712,2886208
211,3431856,2768800
212,3392448,3623632
213,4337344,3137552
214,3797184,2753584
215,3458848,2978992
216,3690784,2724720
217,3437824,3268448
218,3740432,2664208
219,3351024,2953536
220,3553824,3421456
221,3992672,3079808
222,3703792,2928960
223,3637168,2706752
224,3432528,2884832
225,3507328,3182480
226,3714160,3322560
227,3878128,2777568
228,3451088,3023600
229,3762704,2668592
230,3365968,4119056
231,4755392,3022752
232,3527600,3643776
233,4146288,3775360
234,3931632,2997856
235,3703936,2903248
236,3566592,3274288
237,3884592,2791472
238,3514432,2770208
239,3477904,3384544
240,4034896,2879984
241,3597328,2918544
242,3609776,3371568
243,4053056,2890288
244,3622064,2733600
245,3420560,3398256
246,4059024,3215440
247,3913664,3524832
248,4120080,3023184
249,3733824,2971072
250,3689856,2958928
251,3681200,3273680
252,3995728,3215360
253,3940656,3046256
254,3687824,2988720
255,3533056,2783664
256,3374832,3170736
257,3875184,2838672
258,3478784,3289088
259,4008400,3436464
260,3985008,3064880
261,3756304,2894240
262,3590288,2956400
263,3670048,2876528
264,3587648,2781360
265,3526112,2790864
266,3438080,3022576
267,3570704,3149280
268,3777872,3327392
269,3894896,2712208
270,3381920,3024448
271,3654352,3013552
272,3592896,3281600
273,3880064,2850352
274,3496560,2759312
275,3489408,2680256
276,3323840,3143072
277,3893888,3407072
278,4011792,2946688
279,3571248,2728048
280,3397600,2714480
281,3299664,3065472
282,3779360,3329760
283,4080320,2986816
284,3630544,3067328
285,3568512,3129024
286,3721600,2813888
287,3536592,2931376
288,3554560,2816656
289,3414736,3167184
290,3867040,2994304
291,3585216,2881888
292,3491920,3006512
293,3737344,3578544
294,4233136,2879424
295,3592112,2838416
296,3492320,3255344
297,3855920,3034704
298,3700352,2687664
299,3346064,2986832
300,3624576,2802496
301,3359088,3368544
302,4010368,2801232
303,3469408,2774624
304,3416016,3868480
305,4598960,2916000
306,3554992,2903152
307,3626256,3050608
308,3763376,2743296
309,3448608,3073232
310,3797152,2869856
311,3551216,4188752
312,4922736,4029008
313,3988320,3239840
314,3935632,2798880
315,3511552,3123872
316,3813552,2699712
317,3410240,3269840
318,3881824,2728000
319,3405584,3540624
320,4217392,2868112
321,3520528,2871376
322,3549264,2902912
323,3593232,2681456
324,3376224,3517280
325,4159616,2717232
326,3413488,2838176
327,3515920,3178624
328,3851408,2901856
329,3612496,3066352
330,3717792,2960800
331,3573552,3380544
332,4059136,3721808
333,4387248,3753328
334,4457824,2798944
335,3471760,3728176
336,4331040,2873328
337,3562672,2688224
338,3399040,2724192
339,3462816,3263152
340,3911024,3022048
341,3748448,3054416
342,3687120,2576192
343,3267600,2990464
344,3560320,3092336
345,3727984,3036832
346,3701264,2822720
347,3394000,2901632
348,3476816,3299184
349,3871456,3284576
350,3896448,2682176
351,3386016,3364880
352,3973168,2823152
353,3518576,2850704
354,3514224,2887952
355,3449520,2910464
356,3548736,3931840
357,4561104,2765760
358,3380576,3013872
359,3710320,2898608
360,3531680,2885408
361,3587904,2927072
362,3626144,7670400
363,8401600,5596752
364,5888656,4757216
365,5479024,4395680
366,5027184,2860144
367,3586352,3715344
368,4403680,4105824
369,4836000,2944096
370,3660512,3206416
371,3879920,5055536
372,5757120,8413264
373,21436496,8043520
374,8428080,4880176
375,6762336,4916112
376,5450256,5148832
377,5610720,3011888
378,5855776,2971936
379,11296928,2790560
380,3725296,2684864
381,3671872,3519216
382,3497920,2854736
383,3381344,2895920
384,4098304,2924560
385,3570384,2839456
386,3589792,2804576
387,3659280,3702400
388,3559056,2536576
389,3349872,2853872
390,4273328,2856496
391,3260032,3628624
392,3435680,2794240
393,3431280,3035712
394,4183568,2623264
395,3518000,3097472
396,3728128,2999248
397,3344960,2884592
398,3701216,3668928
399,3638560,2743232
400,3584896,2762320
401,4274544,2704000
402,3401024,3072336
403,3511472,3757664
404,3359296,3082688
405,3798512,2647280
406,4392752,2678032
407,3801456,2922944
408,3308656,2828256
409,3346496,3508736
410,3582976,3213408
411,3449072,2702032
412,4220896,2701264
413,3928432,2905760
414,3420112,3240816
415,3448496,2815456
416,3511008,3314384
417,3970720,2894864
418,3453824,3262384
419,3922416,2856896
420,3630848,3058288
421,3805536,2842576
422,3601168,2794640
423,3725776,2808624
424,3574864,3144384
425,3369648,3200656
426,3439248,2768176
427,3892320,3515808
428,3879120,2634992
429,3399024,2785936
430,4245968,3865376
431,3380064,2779808
432,3396736,2922752
433,4556544,3076144
434,3490512,2818320
435,3621744,3153232
436,3690592,2683888
437,3502080,3017184
438,3879232,3004032
439,3356912,2962864
440,3561008,2627920
441,3554064,3088800
442,3618368,3285728
443,3253296,2874848
444,3806048,3619536
445,4004160,2996528
446,3491744,2740000
447,4189888,2752304
448,3704160,3281008
449,3450160,3160416
450,3444432,2616256
451,3908368,2846112
452,3780160,2842848
453,3337056,3321680
454,3381424,3100048
455,3433136,2855680
456,4022208,3017328
457,3690192,3047712
458,3579952,3163760
459,3591920,3037808
460,3570544,2726976
461,3692496,3170240
462,3784992,3006880
463,3448816,3057312
464,3705632,2728144
465,3662032,2872432
466,3803536,3436800
467,3464896,3140080
468,3509024,2811696
469,4086576,2818416
470,3721072,3238944
471,3508624,2390608
472,3465712,3169664
473,3824736,3755488
474,3109024,2689744
475,3919504,3047328
476,4343136,3128656
477,3413696,2935616
478,3788992,2941472
479,3857424,2936720
480,3627104,2800064
481,3613648,2906208
482,3611376,3107232
483,3535696,2719680
484,3505104,3285216
485,3640912,3142176
486,3307824,2774224
487,3906880,2841248
488,3749552,2814752
489,3441536,3128992
490,3514736,3200064
491,3445248,2904672
492,3879920,3379504
493,3920064,3042448
494,3557168,3055280
495,3986688,2671216
496,3790464,3009552
497,3776912,2934448
498,3370496,2649680
499,3578288,3282112
500,3540080,2958880
501,3297696,3173440
502,4029744,2966816
503,3435360,3249184
504,3785136,2895568
505,3579776,3328848
506,3896192,2826688
507,3576704,2689632
508,4057824,2795184
509,3533376,3373264
510,3373472,3217328
511,3435792,2599568
512,3977424,3069744
513,3961792,2938656
514,3294032,2972128
515,3651232,2854736
516,3528864,3214256
517,3626768,2844688
518,3477936,3406656
519,3849472,2741728
520,3482624,2829584
521,3946592,3150992
522,3483120,2889392
523,3356800,2856176
524,3676192,3238128
525,3549472,2781488
526,3482304,3676624
527,3958528,2766160
528,3436752,2865248
529,4388736,3135264
530,3489408,3041392
531,3527216,3034272
532,3727776,2755024
533,3779344,2943776
534,3706192,2707280
535,3471200,3681536
536,3531712,2864880
537,3351184,2797920
538,4400128,3324304
539,3561008,2987920
540,3486272,2641744
541,3854608,3233168
542,3690112,3997504
543,3330288,3276096
544,3876064,3829376
545,4643200,3136720
546,3920320,3684368
547,3892128,3136960
548,3831328,3197328
549,4388096,2861504
550,3772032,3109264
551,3856704,3103024
552,3584128,3137360
553,3793984,3204304
554,3816288,3132512
555,3843968,1981632
556,3912032,3372960
557,3786224,2999664
558,2559760,3120800
559,3988736,3153568
560,3698016,3053504
561,3821584,3323280
562,3876384,3202112
563,3802880,2751712
564,4019488,2801792
565,3733456,3185712
566,3448256,2883808
567,3444224,3348176
568,3794080,3010608
569,3353184,3048928
570,3941216,2688048
571,3697216,2893840
572,3762832,2951408
573,3434080,3075664
574,3457968,3163328
575,3545712,3230480
576,3710656,2793488
577,3754736,2840480
578,3839440,2898096
579,3515168,2867040
580,3380016,3116896
581,3460128,3471280
582,3453664,3011616
583,3807024,2886176
584,4040768,3026656
585,3742688,3056496
586,3619456,3537248
587,3677600,2765008
588,3704704,2792208
589,4260928,3053648
590,3309632,2836160
591,3513616,2798768
592,3746896,3198304
593,3529440,2809152
594,3505728,2846048
595,3800304,2985456
596,3487472,2805184
597,3454992,3053776
598,3566336,3150816
599,3309792,2889504
600,3767408,3554672
601,3877648,3070208
602,3501232,2664048
603,4273920,2978160
604,3767536,2998096
605,3367328,3620720
606,3580176,2610416
607,3603600,3019648
608,4214400,2898960
609,3301456,3034400
610,3764160,2620416
611,3613632,3259040
612,3756608,2729408
613,3319792,3509232
614,3891856,2645680
615,3422944,2988272
616,4115680,3411072
617,3338256,2741424
618,3547728,2948304
619,4097536,2899968
620,3448064,3349760
621,3659104,2870352
622,3539696,2830992
623,3974240,3164624
624,3564304,3137376
625,3546016,2953552
626,3813040,2912464
627,3842720,3070752
628,3596848,2881648
629,3637696,2733232
630,3774576,3032512
631,3526880,3453312
632,3470048,2690992
633,3602736,3666448
634,4061184,3034848
635,3379936,2764944
636,4221840,2770800
637,3670496,2932528
638,3470224,2874848
639,3493072,3361872
640,3656944,2768656
641,3603600,2748176
642,4017008,2828944
643,3463120,3245120
644,3411744,2918384
645,3479536,2864528
646,3866528,3675920
647,3503264,2896928
648,3458672,2926208
649,4231552,2701520
650,3616160,2968640
651,3627424,2978736
652,3357136,2851440
653,3574752,3299712
654,3523712,2897040
655,3454448,2709760
656,3934880,3476448
657,3545424,2678352
658,3382672,3152160
659,4197440,2949344
660,3392432,2979632
661,3789904,2812112
662,3452256,3399008
663,3615200,2782320
664,3427472,3072336
665,3965648,2865088
666,3502672,3280224
667,3666672,2842928
668,3460992,3146096
669,3873760,3053072
670,3588160,2803632
671,3729184,2888016
672,3728224,3347184
673,3490576,2998224
674,3447456,3155456
675,3897840,2877248
676,3736048,2989040
677,3884896,3042544
678,3563120,2890528
679,3723104,3026864
680,3671136,2893712
681,3567520,2909136
682,3704880,3065344
683,3536880,2918560
684,3555168,2791984
685,3643792,3410304
686,3490880,2779200
687,3375200,3253712
688,4035872,2705216
689,3484832,3068608
690,3914800,2997088
691,3437296,2867616
692,3694064,3118928
693,3607744,3020080
694,3474720,3191552
695,3677008,3044768
696,3610496,2989088
697,3785136,2560752
698,3711008,2818720
699,3707088,2942288
700,3301040,3229872
701,3369104,2993632
702,3692800,3235392
703,3950928,3297856
704,3666432,2712992
705,3856160,2461120
706,3868960,3196912
707,3419120,2946144
708,3115616,3041008
709,3909632,2958336
710,3660160,3027104
711,3761312,3185280
712,3689920,2921360
713,3745376,3579968
714,3904896,3172816
715,3501888,2896480
716,4174352,2931440
717,3889312,2659968
718,3605696,2990544
719,3644000,2981360
720,3367808,2938624
721,3552576,3440224
722,3566304,2593040
723,3506528,2734320
724,4069152,3109040
725,3289184,3488544
726,3369392,2907104
727,3835408,2818656
728,4099968,2859968
729,3582064,2828736
730,3481760,3245360
731,3463024,3338144
732,3447296,3086704
733,3945152,2596832
734,3827264,3486768
735,3728080,2542816
736,3307776,2662928
737,4149168,3179808
738,3255664,2833872
739,3222400,3881904
740,3900624,2749680
741,3380096,2744336
742,4527104,2960752
743,3470848,3001568
744,3415344,2949728
745,3601744,3354656
746,3606000,2902288
747,3515664,3075856
748,3890896,3143104
749,3616192,2799824
750,3784480,3068736
751,3860464,3024224
752,3499936,2685504
753,3790976,3148560
754,3709552,2956048
755,3393168,3186576
756,3751168,2692768
757,3654176,2951536
758,3924032,3726256
759,3389744,3060960
760,3568784,3354048
761,4393712,3050992
762,3652528,4282640
763,3803232,2943184
764,3658864,2899824
765,4855760,3814912
766,3658464,3337104
767,3579872,3061792
768,4448240,3491488
769,4002800,3006496
770,3780384,3355792
771,4198544,2863264
772,3631936,2790160
773,4012704,3787440
774,3587184,3415216
775,3495184,4318496
776,4431760,2821072
777,3858512,2987920
778,4862768,3206432
779,3530544,3747872
780,3641472,3137648
781,3813696,3138304
782,4420992,3355856
783,3830144,2638480
784,3859904,3411504
785,4067536,3429872
786,3295392,2853120
787,4133520,3068704
788,4029040,2729408
789,3559552,3160448
790,3780688,2754000
791,3384848,2544160
792,3775696,3132448
793,3436720,3026560
794,3235408,3382928
795,3837776,4226800
796,3777248,4046800
797,4096784,2987536
798,4905712,3016256
799,4593792,3004448
800,3682688,2944720
801,3664384,3160544
802,3662064,2976544
803,3593856,2850368
804,3734032,3277120
805,3692672,2944688
806,3517488,3049968
807,4001680,2849824
808,3626656,2735520
809,3732880,3287232
810,3512000,3072256
811,3423600,2864288
812,4022976,3054240
813,3781456,3100720
814,3513216,2822544
815,3724112,2945808
816,3757312,3273888
817,3517216,2706160
818,3636448,3400336
819,3925152,2765504
820,3422992,3312256
821,4114736,2586800
822,3499104,3473776
823,3970928,3514848
824,3314912,3420912
825,3980496,3299760
826,4202480,2771696
827,4104208,3205856
828,4012080,3659024
829,3397248,3948688
830,3837872,4221728
831,4190272,2950080
832,4247856,2712432
833,4219776,2975232
834,3354992,3266224
835,3226960,2919968
836,3652080,2877984
837,3964320,3247296
838,3555312,2857856
839,3557888,3142720
840,3949200,4522032
841,3465440,2937680
842,3842064,1986448
843,5103808,2969904
844,3585232,2782656
845,2612784,2882320
846,3570784,2905040
847,3439568,2707264
848,3370064,2829040
849,3474480,3379536
850,3303168,2923648
851,3503392,2763328
852,4037072,2957232
853,3617568,3632272
854,3507552,2817216
855,3608016,3011824
856,4260128,3062016
857,3348944,3610768
858,3481312,3297760
859,3658800,3989952
860,4211888,3782400
861,3993216,4083104
862,4562896,3589424
863,4175152,2895504
864,4081552,3508368
865,12542752,3162672
866,4278944,4111072
867,3489728,3570880
868,4018784,3140656
869,3851632,3521072
870,4496896,12565664
871,3524576,3780000
872,3768352,4288288
873,4023472,3243648
874,7722704,6480144
875,4524624,3397728
876,4184496,3005792
877,3978192,2777040
878,6492320,2750448
879,4077392,3685376
880,3634912,2970144
881,3423376,2846368
882,3450800,2878208
883,4307840,2831184
884,3484640,2896464
885,3404640,3000848
886,3453632,2882256
887,3503328,2960624
888,3578320,3607904
889,3658720,2829696
890,3544272,2648320
891,3566528,3523888
892,4279376,2898192
893,3411104,2972448
894,3354752,2813088
895,4181504,2885744
896,3467200,4002704
897,3573216,3570480
898,3504368,2893696
899,3571936,3250576
900,4626208,3187616
901,4216000,3241216
902,3494240,3471472
903,3784400,3528592
904,3800608,3712176
905,3874224,3223984
906,4121360,2820208
907,4007520,3073392
908,3570336,3314144
909,3845600,2935664
910,3515632,2859296
911,3687616,3273264
912,3975168,2853920
913,3639792,3208560
914,3607792,3044384
915,3957744,2941056
916,3479216,2991088
917,3810416,2880656
918,3560960,2973008
919,3421008,2967152
920,3411472,2902048
921,3464976,2916464
922,3666288,4035952
923,3664496,3081776
924,3649696,3547232
925,3613040,3319680
926,4717072,2084960
927,3768912,3305600
928,4248048,3287344
929,3882944,3097920
930,2781328,2880224
931,3960576,2865472
932,3823696,3164496
933,3704800,3098448
934,3536848,2640288
935,3498688,2977808
936,3749840,3136208
937,3712816,2840448
938,3207568,3544176
939,3498400,2832160
940,3694992,3020784
941,3385744,2775152
942,4135952,2817904
943,3491536,3690784
944,3677312,2465008
945,3443024,3267456
946,3380592,2980256
947,4268304,3010160
948,3157808,3022416
949,3868944,2929552
950,3648400,3037136
951,3588288,2604144
952,3680592,2856704
953,3542560,3156928
954,3680272,2858896
955,3268448,3311440
956,3433936,2955888
957,3870800,3145424
958,3446304,2942096
959,4001712,2955744
960,3513344,3322944
961,3734576,2229728
962,3529120,3572832
963,3473920,3140352
964,3859872,2911744
965,2845936,2695264
966,4249488,3091328
967,3753824,1893440
968,3522640,3136256
969,3350448,2874832
970,3614272,2866768
971,2475040,2811952
972,3671664,3093920
973,3381632,2998704
974,3375136,2849264
975,3414240,2763120
976,3782768,3459456
977,3695888,3056736
978,3559088,2775088
979,3462448,3121136
980,4047120,2879584
981,3759632,3287200
982,3388928,2690176
983,3810576,3204672
984,3571424,2754128
985,3962400,3390208
986,3270800,3829584
987,3784992,2944896
988,3387872,3326928
989,4085408,3165712
990,4323712,3083344
991,3645328,3020144
992,4019760,3311936
993,3688960,3103024
994,3688864,2985712
995,3679904,3145520
996,3913904,3583536
997,3799024,4253072
998,3687856,2952912
999,3829600,2790016
1000,3993536,3280720
1001,4246288,2741632
1002,3694064,3457632
1003,3492064,2809760
1004,3934528,3490816
1005,3451216,3524400
1006,4115168,3151136
1007,3410896,3576384
1008,4192464,3067568
1009,4128768,2868064
1010,3865344,3113520
1011,4143744,3047856
1012,3706512,3035408
1013,3568016,3001200
1014,3648896,1878512
1015,3746496,3216752
1016,3716944,3400096
1017,3692608,3466496
1018,2579136,2879392
1019,3853152,3121520
1020,4147840,2889440
1021,3972000,2877712
1022,3569232,3739440
1023,3761728,4674896
1024,3576032,2972048
1025,3525840,2744400
1026,4360560,2863008
1027,5061792,3854128
1028,3645456,2728032
1029,3435536,2967360
1030,3524976,2722512
1031,4452320,2797344
1032,3360432,2999728
1033,3534928,3896112
1034,3180176,2912976
1035,3458128,2846096
1036,3618464,2893984
1037,4527712,2876384
1038,3580880,3130368
1039,3467760,2992912
1040,3394128,3128816
1041,3401232,2860560
1042,3775248,2792640
1043,3516752,2854128
1044,3597952,3021776
1045,3338592,4198656
1046,3308272,3454928
1047,3549600,3059856
1048,3701360,2618128
1049,4885424,3110704
1050,4086880,2879456
1051,3728048,3885312
1052,3217312,3761696
1053,3661040,4026768
1054,3414288,2846944
1055,4477648,2949568
1056,4267248,3486528
1057,3881600,2767120
1058,3545552,3358384
1059,3593712,2920416
1060,4123696,2913504
1061,3350336,2908656
1062,3958784,3031008
1063,3528928,3078192
1064,3411840,2899760
1065,3453264,3356752
1066,3741984,3059632
1067,3779552,2744192
1068,3437488,3120176
1069,4063792,3302208
1070,3576128,3469648
1071,3336160,3460944
1072,3696000,3144624
1073,3708944,2949520
1074,4028288,2220000
1075,4099232,3431984
1076,3815184,3445856
1077,3605792,2975856
1078,2873392,3091520
1079,4109408,2836528
1080,3953392,2899584
1081,3626592,2920656
1082,3736240,2960272
1083,3507088,2802448
1084,3559152,3216688
1085,3590880,2699136
1086,3567344,3089632
1087,3429280,3523248
1088,3732512,1808848
1089,3321856,2575312
1090,3678448,3007968
1091,4075360,2951872
1092,2504272,3028000
1093,3142688,2733664
1094,3457344,2720880
1095,3396320,3744896
1096,3676320,3012480
1097,3295040,2878576
1098,3418336,3280032
1099,4307248,3134752
1100,3544176,3266608
1101,3400976,3298640
1102,3672656,3599376
1103,3603568,1940736
1104,3864192,3306592
1105,3999776,3073568
1106,4191024,2917280
1107,2588672,3130080
1108,3936880,2453152
1109,3788656,2604912
1110,3507504,2878752
1111,3821408,2946752
1112,2732720,3076112
1113,3179280,2788144
1114,3392208,2932256
1115,3554896,3757216
1116,3785456,3257328
1117,3425536,3126576
1118,3605040,3544112
1119,4450832,2922768
1120,3903936,3119920
1121,3827168,2916672
1122,4280736,3310832
1123,3585072,3197232
1124,3751024,3636544
1125,3483600,4263664
1126,3890976,2857456
1127,3851136,3089264
1128,4302960,2744256
1129,4025408,3496256
1130,3557408,2813856
1131,3718384,2905200
1132,3431648,2883888
1133,4075472,3484992
1134,3461440,2865424
1135,3604064,2862560
1136,3532496,2944176
1137,4142416,2699344
1138,3443664,3041840
1139,3568608,3490400
1140,3607776,2823600
1141,3380000,3093776
1142,3704848,2826880
1143,4108944,2732976
1144,3531200,3522080
1145,3772016,2912608
1146,3525152,2849488
1147,3420272,2894992
1148,4171440,3322288
1149,3620784,2960160
1150,3595264,3045504
1151,3590336,2922784
1152,3983712,2848608
1153,3649648,3745760
1154,3746816,3148384
1155,3545872,3187248
1156,3519312,3107632
1157,4444304,3529952
1158,3732512,2662272
1159,3848448,2925344
1160,3797488,3507552
1161,4244304,2962144
1162,3331328,2973584
1163,3411824,3145952
1164,4091008,5620784
1165,3622912,2847552
1166,3599232,3253360
1167,3715280,2696816
1168,3439936,3143728
1169,3389040,2742464
1170,3667152,2994208
1171,3301808,2946512
1172,3577952,3235136
1173,3311840,2808304
1174,3694880,3144272
1175,3648672,2875600
1176,3983712,3024848
1177,3384512,3044768
1178,3836496,3051744
1179,3427888,2960864
1180,3724288,3060352
1181,3560288,2955696
1182,3677760,2981712
1183,3531776,2918528
1184,3600128,2847936
1185,3465728,3019008
1186,3575280,2987504
1187,3537200,2947712
1188,3507120,2654064
1189,3704592,3404272
1190,3674864,3895312
1191,3648160,2897856
1192,3344848,3463248
1193,4001504,2985776
1194,10765664,2889664
1195,3781120,3264896
1196,3590864,2812800
1197,4163888,2967408
1198,3461600,2903504
1199,3370080,2892704
1200,3798400,3269696
1201,3371248,2909536
1202,3436192,2965856
1203,3439440,3301952
1204,3491248,3474192
1205,3966848,3590448
1206,3502816,2903392
1207,3398192,3100512
1208,3806160,2859504
1209,3969360,3386736
1210,4339040,2765808
1211,3483696,2860272
1212,3696304,3124000
1213,3530368,2993248
1214,4011904,3287120
1215,3460368,2824368
1216,3529136,1802768
1217,3756080,3606800
1218,3659488,3530112
1219,3927440,2860160
1220,3518896,2055360
1221,2460992,3300160
1222,4174960,3380784
1223,4177920,3143264
1224,3479552,2832896
1225,2654064,3058016
1226,3899248,3066064
1227,4070080,3530800
1228,3736576,3874816
1229,3348624,4265824
1230,3627376,6024496
1231,3594720,6789376
1232,3997424,4107344
1233,4561072,2771040
1234,3948960,3915168
1235,6762192,2707760
1236,4235344,2883344
1237,3984080,3021760
1238,3460960,3031248
1239,4567776,2991152
1240,3378096,2945264
1241,3457648,2861136
1242,3497840,2885232
1243,3605008,4309920
1244,3469280,2966960
1245,3541200,3422672
1246,3438592,3025968
1247,3594672,2935392
1248,5062896,2911744
1249,3481312,3151312
1250,4003728,3104688
1251,3730432,2886368
1252,3652800,3174160
1253,3626992,3243712
1254,3733040,2736960
1255,3814912,2919920
1256,3562992,2733888
1257,3881328,3002048
1258,3993808,3167840
1259,3442096,2965696
1260,3669232,3115456
1261,3459808,3165120
1262,3583664,2847936
1263,3740448,2913376
1264,3658688,2828432
1265,3831200,3140848
1266,3847056,3027984
1267,3594960,3004352
1268,3599440,4238912
1269,3541872,3796944
1270,3732368,2947392
1271,3695792,3266576
1272,3682000,3070800
1273,4961840,2888160
1274,3680640,2945584
1275,3661456,4149904
1276,3934960,3392752
1277,3797600,2960352
1278,3630880,3065120
1279,3611888,3022768
1280,4871072,3264752
1281,4136064,3029344
1282,3582288,3115824
1283,3657440,3012768
1284,3645504,2907568
1285,3819072,2757264
1286,3735664,3262224
1287,3760384,2877888
1288,3729568,2794800
1289,3616368,2851056
1290,3460224,3703408
1291,3948000,2745712
1292,3558208,2536944
1293,3468992,3510608
1294,3498656,2859808
1295,4325440,2805008
1296,3494928,3172864
1297,3206720,2975632
1298,4152336,2702208
1299,3539040,3319776
1300,3499264,2927344
1301,3708432,3002736
1302,3637536,2652704
1303,3396272,3551376
1304,3844320,2778224
1305,3573168,2771472
1306,3730400,3407008
1307,3374992,2583952
1308,4130672,2993184
1309,3473072,2860768
1310,3452928,3460688
1311,3915664,3084720
1312,3260720,3094768
1313,3555296,2972624
1314,3414464,2893376
1315,4172000,3145536
1316,3779824,2911632
1317,3799856,2851312
1318,3639824,3116944
1319,3550816,2945136
1320,3800272,3044624
1321,3602816,2830256
1322,3559728,2768640
1323,3723824,3426304
1324,3626080,3206992
1325,3749376,2910448
1326,3538528,2949296
1327,3462592,3033104
1328,3930736,2619632
1329,3866880,3528096
1330,3627312,2648944
1331,3653776,3198256
1332,3721472,2658672
1333,3329088,2931216
1334,4184336,3240816
1335,3369088,2865440
1336,3860064,3681712
1337,3349376,2822960
1338,3619328,3022832
1339,3765664,3087472
1340,3581200,2958736
1341,4258944,2916592
1342,3402240,3062928
1343,3772992,3059568
1344,3830640,3182608
1345,3651248,3127040
1346,3593744,3604288
1347,3805536,3887168
1348,3734304,3169680
1349,3858736,3101504
1350,3644128,2945488
1351,4087760,3052624
1352,3938416,2780576
1353,3913776,2954880
1354,3810480,3085600
1355,3515888,2801232
1356,3751744,2988272
1357,3399280,2919648
1358,3627920,3210288
1359,3816512,2945856
1360,3539328,8339952
1361,3648352,3660992
1362,3551264,2395520
1363,3869120,2963232
1364,3668416,3418544
1365,9046816,4231856
1366,4246496,4799472
1367,3099088,3811056
1368,3271872,3303616
1369,3847696,2838640
1370,4696976,2890032
1371,4766976,3610880
1372,4537616,3741680
1373,3961248,4766032
1374,3592800,4054864
1375,3550720,2842160
1376,4299056,3180656
1377,4452736,3414752
1378,4887568,3571136
1379,4706160,4288192
1380,3530848,2813200
1381,3844176,3283696
1382,4132240,2803104
1383,4058608,3136448
1384,4164848,2854848
1385,3512224,2773216
1386,3947744,3403216
1387,3513248,2832256
1388,3801856,2988592
1389,3582688,2872352
1390,3478304,3688000
1391,4059616,2842368
1392,3542560,2870896
1393,3697136,2873824
1394,3538576,3023888
1395,4314928,2916480
1396,3366224,3063072
1397,3385488,3035440
1398,3499584,3035504
1399,3758624,2939952
1400,3615104,2781776
1401,3764640,3204464
1402,3781728,2880720
1403,3707408,3002416
1404,3631040,2741840
1405,3524192,3242272
1406,3866944,2783536
1407,3615424,3244192
1408,3697312,2868016
1409,3403504,3844064
1410,3914928,2805104
1411,3481200,2800768
1412,3856064,2808016
1413,3572848,2858816
1414,4500640,2844336
1415,3464688,3066624
1416,3322176,3449136
1417,3283008,2651808
1418,3606336,3328256
1419,3520448,2688656
1420,3710400,2753904
1421,4095632,3028256
1422,3253456,3245264
1423,4027168,3060544
1424,3275824,2955248
1425,3457664,3813248
1426,3651056,3309136
1427,3850160,3522432
1428,3734960,3236496
1429,3695840,3074848
1430,4521280,2985024
1431,3977168,3134480
1432,4225216,2914864
1433,3907408,2441616
1434,3753216,3216336
1435,3682672,3004608
1436,3813168,2237152
1437,3620640,3100928
1438,3150416,3528000
1439,3752496,3026704
1440,3606976,2874976
1441,2797840,2976528
1442,3783808,3248064
1443,4226352,2784528
1444,3636912,3212848
1445,3499472,2629920
1446,3571120,3810784
1447,3836880,2827856
1448,3430352,2757024
1449,3737632,2746256
1450,3275056,3117216
1451,4394192,3122768
1452,3536272,2996096
1453,3451312,2660528
1454,3366896,3209600
1455,3624800,3139536
1456,3757520,2754784
1457,3666256,3142480
1458,3329936,3000640
1459,3773456,2852176
1460,3760832,3145952
1461,3425504,3091504
1462,3660960,2991184
1463,3597968,2774176
1464,3459712,3286112
1465,3725248,2987840
1466,3670320,3105200
1467,3525424,2953792
1468,3437216,3352448
1469,3876752,3716304
1470,3599856,4162432
1471,3705168,3271360
1472,3610912,2971440
1473,4020144,3191232
1474,4428336,2897280
1475,4061808,2846208
1476,3978608,3250864
1477,3507152,3802512
1478,3674160,3480608
1479,3456016,3223392
1480,3370352,3150176
1481,3941024,2737616
1482,4156352,2945184
1483,3842320,2799712
1484,3836560,2715728
1485,3860096,3532416
1486,3420416,3008960
1487,3615040,2762768
1488,3450176,3125840
1489,3318208,2998656
1490,4126288,2866256
1491,3661024,3118864
1492,3431632,3140352
1493,3725056,3147040
1494,3613232,2819392
1495,3482688,3023072
1496,3707408,3038160
1497,3734880,2900560
1498,3803728,2145664
1499,3528800,3077328
1500,3682416,3906640
1501,3699776,3008560
1502,3576528,2817296
1503,2813376,3211840
1504,3745952,2967280
1505,4616544,2866016
1506,3714576,2957248
1507,3510640,2948048
1508,3844112,2762992
1509,3676688,3504272
1510,3559008,2901232
1511,3623696,3088720
1512,3580976,2899264
1513,3433840,2752272
1514,4028032,2812640
1515,3587648,3375712
1516,3738128,2867792
1517,3608128,3799920
1518,3419392,3442208
1519,3426624,4210576
1520,3954160,2776416
1521,3517776,2843216
1522,4449568,3234768
1523,3796832,3163648
1524,4155104,2998288
1525,3514416,2700464
1526,3495920,2981872
1527,3846816,3195904
1528,3865216,2881120
1529,3686208,3335504
1530,3405936,2931088
1531,3631360,2839152
1532,3842592,2894960
1533,3583936,3311984
1534,4000336,2705696
1535,3572400,2979728
1536,3544368,2953632
1537,3579008,3411760
1538,3965904,2635888
1539,3400480,2883440
1540,3632048,3879328
1541,3606048,3020560
1542,4076592,3011600
1543,3270464,2798128
1544,3490096,3247280
1545,4510864,2629952
1546,3496112,2762496
1547,3498336,2882416
1548,3427504,2859856
1549,3703392,2862896
1550,3236448,3587872
1551,3281536,3011888
1552,3584880,2910768
1553,3565360,2892400
1554,3516800,2832864
1555,4197408,3009152
1556,3572928,3230320
1557,3470528,3058656
1558,3520368,2958912
1559,3534544,3076960
1560,3699792,2888320
1561,3911536,3001344
1562,3660176,2885904
1563,3530976,3080816
1564,3723616,3363552
1565,3422480,2795296
1566,3685056,2808080
1567,3495744,2931904
1568,3783024,2634112
1569,4071712,3516000
1570,3212992,2650880
1571,3389792,2976880
1572,3633920,2917392
1573,3329984,3070864
1574,4166832,3333104
1575,3353248,2882368
1576,3628480,3015424
1577,3541504,2934432
1578,3689744,2747728
1579,3978736,3043504
1580,3581008,3351344
1581,3706832,2989472
1582,3631248,3120096
1583,3457728,2958288
1584,3704080,2919328
1585,3963920,2746608
1586,3668384,3465040
1587,3836640,2970912
1588,3597920,2997648
1589,3612656,2864032
1590,3479040,3059840
1591,4136320,2758208
1592,3541248,3090864
1593,3515152,3547104
1594,3452416,3097040
1595,3756176,2656512
1596,3454400,3600432
1597,3786848,3054288
1598,4255904,3016496
1599,3698864,3177200
1600,3327456,3726400
1601,4130336,3205072
1602,3753168,3342064
1603,3725904,4701424
1604,3887952,3056736
1605,4364032,2876448
1606,3903104,2883408
1607,4015840,2888736
1608,4993984,3356928
1609,3649424,2789648
1610,3500000,2831584
1611,3534432,2995344
1612,3567040,2969904
1613,4009936,3876176
1614,3425008,2728000
1615,3541584,2983520
1616,3621392,3023456
1617,3626512,3044016
1618,4540320,2815952
1619,3313392,2734192
1620,3547344,2748752
1621,3572464,2951552
1622,3614960,2945184
1623,3364288,3810768
1624,3279952,3289408
1625,3419392,3361536
1626,3570032,3183328
1627,3574736,7510512
1628,4407488,2118352
1629,3835216,3101696
1630,3985344,3676720
1631,3887376,2740080
1632,4489920,3112928
1633,2776112,3001920
1634,3760496,3123632
1635,4350880,2895472
1636,3358112,3130528
1637,3660752,3001216
1638,3606240,2924464
1639,3684656,2934864
1640,3486368,2975008
1641,3719392,3221376
1642,3618704,3389456
1643,3554048,3453568
1644,3601088,4236288
1645,3587984,3335264
1646,3854288,2905936
1647,4050496,2714400
1648,3932832,3782672
1649,4717600,2704176
1650,3994320,3608800
1651,3602048,3207312
1652,3412944,3110960
1653,4416320,3434912
1654,3318624,2730816
1655,4191792,2957872
1656,3907232,3195424
1657,3818832,3107840
1658,4073808,3156144
1659,3380528,3160976
1660,3529120,3065696
1661,3740864,2622544
1662,3703824,2760144
1663,3719280,2904880
1664,3814752,2870256
1665,3772656,3204672
1666,3292800,3096576
1667,3411056,2898864
1668,3407840,3610512
1669,3379456,3112240
1670,3844208,3284368
1671,3643312,3690400
1672,3399840,4887808
1673,4169696,3444064
1674,3693520,2791408
1675,3991024,3770848
1676,4068080,2800480
1677,4718960,3162256
1678,4150096,3026128
1679,3312320,3037040
1680,4221728,2652320
1681,3509888,3497392
1682,3819504,4937792
1683,3695552,4015408
1684,3729984,4168144
1685,3358512,4994528
1686,4142576,3739408
1687,5437232,3325424
1688,4375888,3334592
1689,4885424,5555664
1690,5394656,2990496
1691,4148704,3046304
1692,4032512,2994560
1693,3838400,4137040
1694,5830864,3138816
1695,3473440,3308768
1696,3612176,2871088
1697,3423184,2868304
1698,4389424,3091632
1699,3720736,3056256
1700,3938256,2977696
1701,3504192,2958720
1702,3489600,3002976
1703,3697504,2904448
1704,3645648,2993488
1705,3599264,2840576
1706,3594000,3833264
1707,3604656,5327040
1708,3494128,3958848
1709,3588128,3623760
1710,3473024,3135312
1711,4319200,3704592
1712,5644112,3960512
1713,4507088,3046352
1714,4239264,3161296
1715,3708032,3011904
1716,4182832,4429312
1717,3674288,3294672
1718,3750000,2011072
1719,3860320,3522240
1720,3619280,3212592
1721,4951552,3622080
1722,3922640,3526048
1723,2678288,4197424
1724,4184880,2945616
1725,3694048,2877888
1726,4251744,3053360
1727,3942704,3115808
1728,4043824,3034304
1729,3629104,3104112
1730,3574256,3828176
1731,3684320,3888336
1732,3673040,3440176
1733,3705536,4669120
1734,3697904,2867008
1735,4204144,3198784
1736,4580992,3327664
1737,4090496,3874560
1738,5047968,3649472
1739,3569520,3151184
1740,3851136,3167376
1741,4031936,4680944
1742,4349280,3311984
1743,4061120,5422192
1744,3819856,4503584
1745,3867568,3322752
1746,5135008,2900912
1747,3952320,2883568
1748,5729792,3219376
1749,4986208,2907104
1750,4032752,3791360
1751,3488240,4118992
1752,3402608,5465632
1753,3745440,2719008
1754,3366704,2816816
1755,3985808,3028320
1756,4824144,2801584
1757,5893472,3183024
1758,3313328,2961504
1759,3376336,2863712
1760,3566032,2879712
1761,3387744,3213584
1762,3925136,2942000
1763,3541632,2898944
1764,3501232,3168816
1765,3617616,2887952
1766,3912480,3120256
1767,3643392,4800528
1768,3573504,2947520
1769,3554192,3007184
1770,3507904,3273184
1771,3859088,3627264
1772,4655120,4284368
1773,3657488,3031536
1774,3714656,3142576
1775,3982336,3379040
1776,3985696,3872720
1777,3991232,3630112
1778,3717792,3821872
1779,3736032,4951568
1780,3822928,4167392
1781,4307392,5120064
1782,4254496,3417504
1783,4307728,3775424
1784,4636768,3451952
1785,4805536,2893280
1786,5682064,1907968
1787,3884304,3561776
1788,4422816,3898832
1789,3914944,3955728
1790,3554672,6835280
1791,2558128,5010208
1792,4160352,6333264
1793,4450016,3453728
1794,4492560,4837600
1795,6764064,6252992
1796,4219664,2722352
1797,7026880,2890432
1798,3949440,6736336
1799,5461136,6017664
1800,4847728,3707120
1801,3390880,4189600
1802,3464064,4590624
1803,6985840,3269136
1804,6203744,3694672
1805,4337088,3341152
1806,4386896,4271824
1807,5037152,4837648
1808,3820032,3027872
1809,4378848,3076032
1810,3811120,5950832
1811,4972624,6685568
1812,5259920,7037200
1813,3732400,6331120
1814,3760896,5581296
1815,6505904,4176208
1816,6365424,3115296
1817,6927744,5038688
1818,6013600,3526992
1819,6003456,3478576
1820,3989584,3655024
1821,3812192,2063888
1822,5742224,3434944
1823,3905328,2922496
1824,4108624,3474400
1825,4357472,2773200
1826,2707488,2993360
1827,4067872,3002368
1828,3442608,3132688
1829,4095952,3088176
1830,3417424,3093376
1831,3547776,2682528
1832,3540704,3111808
1833,3671488,2834752
1834,3682032,3018688
1835,3749424,3013008
1836,3333296,3250512
1837,3650096,2954688
1838,3468976,3155456
1839,3587440,4551296
1840,3583808,6032704
1841,3768240,2387056
1842,3536144,3416128
1843,3808560,3053632
1844,11070512,3067216
1845,5246480,3251904
1846,6685792,4237760
1847,3134064,4667120
1848,4108016,6303344
1849,3773152,5426528
1850,3722336,3375552
1851,3785536,2973440
1852,4909296,2780608
1853,4751728,2719728
1854,22751648,2825280
1855,7025600,3262352
1856,4380192,3007792
1857,4124896,2702320
1858,3723824,3746704
1859,3517248,2720368
1860,3464800,3124160
1861,3458576,2878816
1862,3911072,2794912
1863,3690656,3464208
1864,3417264,2886816
1865,4343744,2812432
1866,3430368,2818256
1867,3713472,3228816
1868,3573760,2792000
1869,3420944,3136736
1870,4056656,3008160
1871,3600112,2971392
1872,3537744,3078976
1873,3527456,2805072
1874,3799040,2716576
1875,3525904,3524768
1876,3699968,2819056
1877,3689584,2867024
1878,3703952,2834976
1879,3781984,3428320
1880,3532320,2848832
1881,3323168,2893744
1882,4254192,2627520
1883,3484160,3093520
1884,3567392,3288256
1885,3490784,2904224
1886,4051392,2804256
1887,3524448,3367776
1888,3491984,2972400
1889,3284784,3770416
1890,3844384,3529344
1891,4002304,3231696
1892,3560480,3857600
1893,3372816,2801520
1894,4091584,3150544
1895,3575136,2946672
1896,4393440,2979456
1897,3916752,3501024
1898,3850592,2778640
1899,4015104,2860288
1900,3543200,2841712
1901,3788624,3013904
1902,3588272,2796464
1903,3675168,3417984
1904,4159472,3004864
1905,3427040,2871280
1906,3595360,3289296
1907,3560496,2794144
1908,3589472,2977872
1909,3494400,3043888
1910,4106928,2909584
1911,3681776,2987840
1912,3568000,3158672
1913,4020480,2636544
1914,3500256,3323408
1915,3689424,2904000
1916,3736208,2779248
1917,3619232,3194368
1918,3716560,2877168
1919,3871312,3421904
1920,3376576,3076688
1921,4023216,2854256
1922,3638544,2895024
1923,3341888,2890928
1924,3897200,2850368
1925,3589648,3301280
1926,4145488,2727024
1927,3752448,2952320
1928,3473152,2987024
1929,3562512,3307408
1930,3534960,2653728
1931,3526080,3327200
1932,3978288,2986128
1933,3457248,2738544
1934,3607184,3341952
1935,3687440,2752480
1936,3990512,3024928
1937,3354208,3131968
1938,4010384,2999568
1939,3686720,3271056
1940,3476512,2730624
1941,4011248,2636720
1942,3502912,3139296
1943,3712864,2847952
1944,3810848,2427632
1945,3682368,3914768
1946,4000848,2738240
1947,3356592,3058784
1948,3337408,3776992
1949,3764064,3461248
1950,3447856,3314752
1951,3143408,3711840
1952,3985600,2858400
1953,3468464,2831008
1954,3719488,2742096
1955,4358352,2997136
1956,4032704,2924064
1957,4023600,2813136
1958,4323136,3190864
1959,3565552,2950592
1960,3540976,3122400
1961,3432640,2947376
1962,3511584,2832048
1963,3530304,3633008
1964,3340912,2931696
1965,3896816,2766864
1966,3559264,2948144
1967,3655328,3622464
1968,3553952,3008928
1969,3417488,3351264
1970,4343248,3200400
1971,3618768,3298832
1972,3494320,4148736
1973,3540752,2928928
1974,4216912,2755872
1975,3706256,3018416
1976,4068880,3135024
1977,3831648,2874064
1978,3965104,2879472
1979,4139408,3307936
1980,3629968,2880560
1981,3492176,2952624
1982,3700704,2872032
1983,3795040,3154848
1984,3601280,3163872
1985,3545824,2953168
1986,4025488,3000448
1987,3620016,2709296
1988,3691296,3148256
1989,3567520,3053616
1990,3814704,2823424
1991,3878976,3176400
1992,3675936,2837696
1993,3709328,3113712
1994,3415600,2824704
1995,3749888,2373936
1996,3774832,2973280
1997,3565392,3722960
1998,3778080,0
1999,3585344,0
===CSV_END===
=========================================
HI_NET_PING_DONE run=13
