========================================
Signal Sender Workload (Synchronized)
========================================
Initializing shared memory...
Waiting for speedometer to register...
Found speedometer in shared memory!
Sending START command to speedometer: START: 15;5;20

Running workload signal period for 15 seconds...

Workload signal period completed.
Sending STOP command to speedometer...
Waiting for statistics from speedometer...

Stress workload terminated.
===VMSTAT_START===
procs -----------memory---------- ---swap-- -----io---- -system-- ------cpu-----
 r  b   swpd   free   buff  cache   si   so    bi    bo   in   cs us sy id wa st
 2  0      0 139184   9476  35232    0    0    27    10  192  102 54 12 33  0  0
 2  0      0 139124   9476  35232    0    0     0     0  309  171 52  1 47  0  0
 3  0      0 139124   9476  35232    0    0     0     0  300  169 51  1 48  0  0
 2  0      0 139124   9476  35232    0    0     0     0  301  170 50  2 48  0  0
 2  0      0 139124   9484  35224    0    0     0   124  325  184 52  2 46  1  0
 2  0      0 139124   9484  35232    0    0     0     0  310  170 52  1 48  0  0
 2  0      0 139124   9484  35232    0    0     0     0  312  173 52  2 47  0  0
 2  0      0 139124   9484  35232    0    0     0     0  315  171 53  1 47  0  0
 2  0      0 139124   9484  35232    0    0     0     0  308  171 52  1 48  0  0
 2  0      0 139124   9484  35232    0    0     0     0  314  173 52  2 47  0  0
 2  0      0 139124   9484  35232    0    0     0     0  317  175 51  1 47  0  0
 2  0      0 139124   9484  35232    0    0     0     0  308  170 53  1 47  0  0
 2  0      0 139124   9484  35232    0    0     0     0  314  174 53  1 47  0  0
 2  0      0 139124   9484  35232    0    0     0     0  302  165 51  1 49  0  0
 3  0      0 139124   9484  35232    0    0     0     0  306  173 52  1 47  0  0
 2  0      0 139124   9484  35232    0    0     0     0  301  170 50  2 48  0  0
 2  0      0 139124   9484  35232    0    0     0     0  311  162 51  4 45  0  0
===VMSTAT_END===
========== SPEEDOMETER RT APPLICATION RESULTS ==========
Test Configuration:
Period: 50.000 ms
Deadline: 5.000 ms
RT Priority: 99 (SCHED_FIFO)
Execution Statistics:
Total cycles: 299
Deadline misses: 0 (0.000%)
Execution Time (μs):
Mean: 176.740
Min: 133.152
Max: 1208.000
50th percentile: 165.120
95th percentile: 248.560
99th percentile: 303.696
99.9th percentile: 1208.000
Jitter (μs):
Mean: 2045.883
Min: 945.584
Max: 4467.152
Response Time (μs):
Mean: 2222.623
Min: 1122.832
Max: 4617.088
50th percentile: 2220.448
95th percentile: 2772.272
99th percentile: 3245.296
99.9th percentile: 4617.088
========================================================
[  530.858004] SDK:handler_do_el0_svc_pre: syscall __NR_futex (98) is not allowed
[  531.022999] SDK:handler_do_el0_svc_pre: syscall __NR_munmap (215) is not allowed
[  531.037179] SDK:handler_do_el0_svc_pre: syscall __NR_wait4 (260) is not allowed
[  531.049125] SDK:handler_do_el0_svc_pre: syscall __NR_munmap (215) is not allowed
[  531.061973] SDK:handler_do_el0_svc_pre: syscall __NR_rt_sigprocmask (135) is not allowed
[  531.074398] SDK:handler_do_el0_svc_pre: syscall __NR_futex (98) is not allowed
[  531.086940] SDK:handler_do_el0_svc_pre: syscall __NR_futex (98) is not allowed
[  531.090380] SDK:handler_do_el0_svc_pre: syscall __NR_exit (93) is not allowed
[  531.112223] SDK:handler_do_el0_svc_pre: syscall __NR_munmap (215) is not allowed
===VMSTAT_START===
procs -----------memory---------- ---swap-- -----io---- -system-- ------cpu-----
r  b   swpd   free   buff  cache   si   so    bi    bo   in   cs us sy id wa st
0  0      0  68316    512   9824    0    0     0     0   58   54  0  4 95  0  0
1  0      0  68316    512   9824    0    0     0     0   42   62  1  1 99  0  0
1  0      0  68316    512   9824    0    0     0     0   43   61  1  1 99  0  0
0  0      0  68316    512   9824    0    0     0     0   31   55  0  1 99  0  0
0  0      0  68316    512   9824    0    0     0     0   37   55  0  1 99  0  0
0  0      0  68316    512   9824    0    0     0     0   32   60  0  0 100  0  0
0  0      0  68316    512   9824    0    0     0     0   45   61  1  1 98  0  0
0  0      0  68316    512   9824    0    0     0     0   31   53  0  0 100  0  0
0  0      0  68316    512   9824    0    0     0     0   39   61  1  1 99  0  0
0  0      0  68316    512   9824    0    0     0     0   36   59  0  1 99  0  0
0  0      0  68316    512   9824    0    0     0     0   34   57  0  0 100  0  0
0  0      0  68316    512   9824    0    0     0     0   31   54  0  1 99  0  0
0  0      0  68316    512   9824    0    0     0     0   36   61  0  1 99  0  0
0  0      0  68316    512   9824    0    0     0     0   41   58  1  0 99  0  0
0  0      0  68316    512   9824    0    0     0     0   39   57  0  1 99  0  0
0  0      0  68316    512   9824    0    0     0     0  156   43  1 11 89  0  0
===VMSTAT_END===
===CSV_START===
cycle,timestamp_s,execution_time_us,jitter_us,response_time_us,deadline_miss
1,0.054467,149.936,4467.152,4617.088,0
2,0.102610,162.496,2609.776,2772.272,0
3,0.152268,205.728,2268.144,2473.872,0
4,0.202183,140.400,2183.264,2323.664,0
5,0.252055,174.656,2055.312,2229.968,0
6,0.302395,180.480,2395.136,2575.616,0
7,0.352324,167.888,2323.984,2491.872,0
8,0.402364,183.824,2363.872,2547.696,0
9,0.451977,189.888,1976.672,2166.560,0
10,0.501318,206.928,1318.096,1525.024,0
11,0.552002,143.264,2002.272,2145.536,0
12,0.602219,137.328,2219.472,2356.800,0
13,0.652241,159.392,2241.328,2400.720,0
14,0.702276,143.904,2275.536,2419.440,0
15,0.751979,159.568,1979.280,2138.848,0
16,0.801033,196.240,1032.752,1228.992,0
17,0.851996,153.856,1996.080,2149.936,0
18,0.901026,143.120,1025.904,1169.024,0
19,0.953076,168.800,3076.496,3245.296,0
20,1.002262,134.656,2261.872,2396.528,0
21,1.051977,187.392,1976.912,2164.304,0
22,1.102486,133.488,2486.064,2619.552,0
23,1.151990,191.776,1989.984,2181.760,0
24,1.202973,182.176,2973.168,3155.344,0
25,1.251985,158.896,1985.168,2144.064,0
26,1.302377,188.528,2376.544,2565.072,0
27,1.351971,202.720,1971.472,2174.192,0
28,1.402141,196.048,2141.376,2337.424,0
29,1.451958,225.440,1958.272,2183.712,0
30,1.502048,135.088,2048.464,2183.552,0
31,1.551069,179.168,1069.488,1248.656,0
32,1.602580,180.128,2580.176,2760.304,0
33,1.652006,160.832,2005.744,2166.576,0
34,1.702141,137.760,2141.408,2279.168,0
35,1.752092,146.288,2092.464,2238.752,0
36,1.801054,215.104,1053.808,1268.912,0
37,1.852030,139.520,2030.336,2169.856,0
38,1.901015,146.736,1015.024,1161.760,0
39,1.951969,228.560,1968.720,2197.280,0
40,2.001006,147.264,1006.416,1153.680,0
41,2.052871,303.696,2871.424,3175.120,0
42,2.102956,238.240,2956.352,3194.592,0
43,2.152027,135.808,2027.456,2163.264,0
44,2.202784,271.328,2783.808,3055.136,0
45,2.251955,228.368,1955.424,2183.792,0
46,2.302059,134.816,2059.312,2194.128,0
47,2.351964,203.936,1963.632,2167.568,0
48,2.402257,133.536,2256.704,2390.240,0
49,2.452045,164.224,2044.752,2208.976,0
50,2.502220,145.744,2219.856,2365.600,0
51,2.552690,165.168,2690.432,2855.600,0
52,2.602324,170.512,2323.536,2494.048,0
53,2.652045,136.656,2045.280,2181.936,0
54,2.702011,214.848,2010.816,2225.664,0
55,2.750975,273.312,974.592,1247.904,0
56,2.802219,134.704,2219.296,2354.000,0
57,2.851976,238.304,1975.840,2214.144,0
58,2.902098,136.368,2098.032,2234.400,0
59,2.952075,192.336,2075.344,2267.680,0
60,3.002248,133.792,2248.448,2382.240,0
61,3.052004,149.376,2004.496,2153.872,0
62,3.102981,174.704,2981.440,3156.144,0
63,3.152047,171.584,2047.056,2218.640,0
64,3.202368,182.864,2368.048,2550.912,0
65,3.252047,187.776,2047.264,2235.040,0
66,3.302249,133.440,2248.624,2382.064,0
67,3.351324,166.528,1324.496,1491.024,0
68,3.402225,143.696,2224.896,2368.592,0
69,3.451964,209.824,1963.520,2173.344,0
70,3.501038,136.688,1038.080,1174.768,0
71,3.552999,156.880,2999.472,3156.352,0
72,3.603394,163.360,3394.448,3557.808,0
73,3.652338,171.264,2337.840,2509.104,0
74,3.702266,136.576,2266.480,2403.056,0
75,3.751989,151.664,1989.488,2141.152,0
76,3.802277,133.760,2276.672,2410.432,0
77,3.851040,134.896,1040.496,1175.392,0
78,3.902095,155.184,2095.328,2250.512,0
79,3.952039,175.296,2038.528,2213.824,0
80,4.002138,154.016,2138.256,2292.272,0
81,4.051995,183.056,1994.528,2177.584,0
82,4.102100,134.144,2100.416,2234.560,0
83,4.151974,171.360,1974.304,2145.664,0
84,4.201024,186.544,1024.224,1210.768,0
85,4.251991,177.664,1991.360,2169.024,0
86,4.302405,174.016,2404.720,2578.736,0
87,4.351984,183.008,1984.304,2167.312,0
88,4.401976,146.016,1975.648,2121.664,0
89,4.451394,166.192,1393.616,1559.808,0
90,4.502266,133.312,2266.048,2399.360,0
91,4.551964,192.944,1964.160,2157.104,0
92,4.602245,145.760,2245.408,2391.168,0
93,4.651977,193.648,1977.056,2170.704,0
94,4.702092,173.344,2091.664,2265.008,0
95,4.750996,186.720,996.240,1182.960,0
96,4.801992,135.792,1991.776,2127.568,0
97,4.851948,200.736,1948.096,2148.832,0
98,4.902051,164.560,2051.088,2215.648,0
99,4.952043,137.328,2043.488,2180.816,0
100,5.002210,159.792,2209.632,2369.424,0
101,5.050997,136.208,996.800,1133.008,0
102,5.102156,143.888,2155.680,2299.568,0
103,5.151972,220.976,1972.240,2193.216,0
104,5.202266,134.064,2265.568,2399.632,0
105,5.252077,193.472,2076.544,2270.016,0
106,5.302371,169.936,2370.880,2540.816,0
107,5.351942,256.064,1942.208,2198.272,0
108,5.402268,144.320,2267.936,2412.256,0
109,5.451967,202.784,1966.576,2169.360,0
110,5.502334,175.360,2334.400,2509.760,0
111,5.551997,150.944,1996.672,2147.616,0
112,5.602365,175.920,2365.104,2541.024,0
113,5.652330,190.656,2330.368,2521.024,0
114,5.702338,174.496,2338.032,2512.528,0
115,5.751976,171.520,1976.208,2147.728,0
116,5.801014,196.304,1013.936,1210.240,0
117,5.851994,143.104,1994.464,2137.568,0
118,5.901252,135.056,1252.032,1387.088,0
119,5.952004,139.136,2004.224,2143.360,0
120,6.002060,143.440,2060.064,2203.504,0
121,6.051965,215.760,1965.472,2181.232,0
122,6.101043,164.400,1043.024,1207.424,0
123,6.152045,135.552,2044.576,2180.128,0
124,6.201146,136.496,1145.808,1282.304,0
125,6.251973,192.784,1972.560,2165.344,0
126,6.302315,150.032,2315.136,2465.168,0
127,6.352080,173.200,2079.648,2252.848,0
128,6.402323,192.720,2322.896,2515.616,0
129,6.451997,145.040,1997.152,2142.192,0
130,6.502425,173.296,2424.528,2597.824,0
131,6.552606,185.024,2606.272,2791.296,0
132,6.602059,134.960,2058.896,2193.856,0
133,6.651992,177.632,1991.744,2169.376,0
134,6.702299,181.456,2299.136,2480.592,0
135,6.751993,163.888,1993.280,2157.168,0
136,6.802347,169.888,2347.248,2517.136,0
137,6.851964,242.640,1963.520,2206.160,0
138,6.902095,169.200,2095.360,2264.560,0
139,6.952161,174.896,2160.928,2335.824,0
140,7.002252,145.056,2252.192,2397.248,0
141,7.051972,216.480,1972.048,2188.528,0
142,7.102230,167.584,2229.984,2397.568,0
143,7.151971,267.664,1971.120,2238.784,0
144,7.202222,133.984,2221.728,2355.712,0
145,7.251760,238.432,1759.584,1998.016,0
146,7.302467,161.264,2466.720,2627.984,0
147,7.352040,135.440,2040.368,2175.808,0
148,7.402259,144.144,2258.576,2402.720,0
149,7.451960,239.008,1959.936,2198.944,0
150,7.502279,144.256,2279.424,2423.680,0
151,7.551964,252.000,1964.352,2216.352,0
152,7.602240,134.128,2240.448,2374.576,0
153,7.651977,191.056,1976.944,2168.000,0
154,7.702323,174.624,2323.280,2497.904,0
155,7.751976,214.032,1975.504,2189.536,0
156,7.802318,164.896,2317.680,2482.576,0
157,7.852033,135.072,2032.544,2167.616,0
158,7.902339,196.240,2339.136,2535.376,0
159,7.951963,249.680,1962.992,2212.672,0
160,8.001330,171.472,1330.256,1501.728,0
161,8.051980,173.632,1979.552,2153.184,0
162,8.101360,175.664,1360.400,1536.064,0
163,8.152145,135.328,2144.720,2280.048,0
164,8.202337,178.512,2337.424,2515.936,0
165,8.251969,270.464,1968.592,2239.056,0
166,8.302306,168.448,2306.480,2474.928,0
167,8.351974,184.496,1973.904,2158.400,0
168,8.402093,169.664,2093.376,2263.040,0
169,8.452035,135.456,2034.896,2170.352,0
170,8.501560,1208.000,1559.648,2767.648,0
171,8.551976,138.864,1976.016,2114.880,0
172,8.602091,153.616,2091.136,2244.752,0
173,8.652056,135.440,2056.272,2191.712,0
174,8.702092,173.424,2091.600,2265.024,0
175,8.751919,238.512,1919.488,2158.000,0
176,8.802150,145.600,2149.824,2295.424,0
177,8.851963,257.200,1963.264,2220.464,0
178,8.902341,182.032,2340.848,2522.880,0
179,8.952021,163.296,2021.040,2184.336,0
180,9.002151,168.928,2151.152,2320.080,0
181,9.051978,227.520,1978.208,2205.728,0
182,9.102344,171.840,2344.368,2516.208,0
183,9.151950,229.696,1949.920,2179.616,0
184,9.202322,182.720,2322.464,2505.184,0
185,9.252040,162.192,2039.808,2202.000,0
186,9.302274,134.240,2274.000,2408.240,0
187,9.352022,136.432,2021.648,2158.080,0
188,9.402093,182.320,2093.152,2275.472,0
189,9.451969,235.552,1969.264,2204.816,0
190,9.502097,174.144,2097.088,2271.232,0
191,9.551949,270.960,1949.488,2220.448,0
192,9.602206,162.800,2206.448,2369.248,0
193,9.652039,135.968,2038.672,2174.640,0
194,9.702187,149.920,2187.184,2337.104,0
195,9.752229,138.480,2229.408,2367.888,0
196,9.802247,135.104,2247.424,2382.528,0
197,9.851984,136.272,1984.032,2120.304,0
198,9.901040,154.384,1039.968,1194.352,0
199,9.951963,245.280,1963.056,2208.336,0
200,10.002252,136.384,2252.064,2388.448,0
201,10.051972,245.216,1972.352,2217.568,0
202,10.102100,166.736,2099.568,2266.304,0
203,10.151988,140.336,1987.616,2127.952,0
204,10.202087,135.376,2087.232,2222.608,0
205,10.251981,157.168,1981.360,2138.528,0
206,10.302478,185.696,2478.480,2664.176,0
207,10.351957,232.576,1957.488,2190.064,0
208,10.402255,133.152,2254.784,2387.936,0
209,10.451994,138.720,1994.464,2133.184,0
210,10.502260,133.744,2260.464,2394.208,0
211,10.552545,165.232,2545.104,2710.336,0
212,10.602970,197.392,2969.648,3167.040,0
213,10.651970,178.624,1969.520,2148.144,0
214,10.702253,134.160,2252.784,2386.944,0
215,10.750987,136.144,986.688,1122.832,0
216,10.802085,167.040,2084.544,2251.584,0
217,10.850980,158.352,979.552,1137.904,0
218,10.902147,137.344,2146.832,2284.176,0
219,10.952244,134.048,2243.584,2377.632,0
220,11.002251,134.032,2251.360,2385.392,0
221,11.050965,208.880,964.608,1173.488,0
222,11.102269,146.128,2269.168,2415.296,0
223,11.151966,216.144,1966.288,2182.432,0
224,11.202243,141.648,2243.168,2384.816,0
225,11.252049,138.752,2048.704,2187.456,0
226,11.302243,133.728,2242.976,2376.704,0
227,11.351041,134.784,1040.944,1175.728,0
228,11.402258,143.872,2258.224,2402.096,0
229,11.452012,156.176,2011.600,2167.776,0
230,11.500979,220.992,979.360,1200.352,0
231,11.552088,183.024,2087.616,2270.640,0
232,11.602404,184.944,2404.304,2589.248,0
233,11.652080,162.048,2080.432,2242.480,0
234,11.702278,150.496,2278.464,2428.960,0
235,11.752056,171.424,2055.648,2227.072,0
236,11.802413,194.176,2413.360,2607.536,0
237,11.852069,135.424,2069.456,2204.880,0
238,11.902270,143.712,2270.048,2413.760,0
239,11.952013,159.872,2012.560,2172.432,0
240,12.002354,180.736,2354.128,2534.864,0
241,12.051980,165.120,1980.160,2145.280,0
242,12.102347,180.432,2346.704,2527.136,0
243,12.152042,135.568,2041.744,2177.312,0
244,12.202529,148.080,2528.800,2676.880,0
245,12.252047,135.920,2047.184,2183.104,0
246,12.302339,187.856,2338.640,2526.496,0
247,12.351993,146.848,1992.896,2139.744,0
248,12.402068,159.712,2068.448,2228.160,0
249,12.452045,166.720,2044.976,2211.696,0
250,12.502200,187.168,2199.648,2386.816,0
251,12.551987,163.248,1986.944,2150.192,0
252,12.601001,149.200,1000.848,1150.048,0
253,12.651991,169.360,1991.360,2160.720,0
254,12.702090,185.056,2090.128,2275.184,0
255,12.752096,167.808,2096.464,2264.272,0
256,12.802257,143.728,2256.624,2400.352,0
257,12.851993,166.960,1993.200,2160.160,0
258,12.900946,286.912,945.584,1232.496,0
259,12.953016,145.072,3016.016,3161.088,0
260,13.003040,134.768,3039.600,3174.368,0
261,13.052019,135.792,2019.232,2155.024,0
262,13.102275,144.208,2275.280,2419.488,0
263,13.151975,188.368,1975.216,2163.584,0
264,13.202481,149.056,2480.608,2629.664,0
265,13.251989,135.872,1989.104,2124.976,0
266,13.301069,162.064,1069.072,1231.136,0
267,13.351984,144.240,1984.320,2128.560,0
268,13.402040,170.640,2040.288,2210.928,0
269,13.452067,151.712,2067.248,2218.960,0
270,13.502356,148.096,2356.304,2504.400,0
271,13.552003,138.672,2003.200,2141.872,0
272,13.602071,172.464,2071.120,2243.584,0
273,13.652072,178.192,2072.080,2250.272,0
274,13.702250,144.016,2249.824,2393.840,0
275,13.752018,136.512,2017.648,2154.160,0
276,13.801230,141.888,1230.240,1372.128,0
277,13.852049,139.872,2048.656,2188.528,0
278,13.901239,148.608,1239.264,1387.872,0
279,13.951980,137.360,1980.112,2117.472,0
280,14.002095,168.688,2094.816,2263.504,0
281,14.052010,170.576,2010.160,2180.736,0
282,14.102058,192.064,2058.192,2250.256,0
283,14.152039,135.152,2039.024,2174.176,0
284,14.202515,144.864,2514.752,2659.616,0
285,14.251950,247.360,1949.744,2197.104,0
286,14.301529,1031.632,1528.608,2560.240,0
287,14.351971,140.112,1971.408,2111.520,0
288,14.402288,137.536,2288.000,2425.536,0
289,14.452056,145.696,2056.016,2201.712,0
290,14.501281,253.776,1281.120,1534.896,0
291,14.551495,147.952,1494.944,1642.896,0
292,14.602222,169.472,2222.480,2391.952,0
293,14.651920,218.608,1920.352,2138.960,0
294,14.702089,172.272,2088.576,2260.848,0
295,14.750989,190.816,988.624,1179.440,0
296,14.802000,160.864,2000.064,2160.928,0
297,14.851959,225.616,1958.880,2184.496,0
298,14.902281,144.352,2281.360,2425.712,0
299,14.951957,248.560,1956.992,2205.552,0
===CSV_END===
Statistics sent to li VM via shared memory
Run #20 completed. Waiting for next START command...
Waiting for START command from li VM...
