========================================
Signal Sender Workload (Synchronized)
========================================
Initializing shared memory...
Waiting for speedometer to register...
Found speedometer in shared memory!
Sending START command to speedometer: START: 30;5;20

Running workload signal period for 30 seconds...

Workload signal period completed.
Sending STOP command to speedometer...
Waiting for statistics from speedometer...

Stress workload terminated.
===VMSTAT_START===
procs -----------memory---------- ---swap-- -----io---- -system-- ------cpu-----
 r  b   swpd   free   buff  cache   si   so    bi    bo   in   cs us sy id wa st
 1  0      0 398040  11856  31088    0    0    33     6  136   75 36  8 55  1  0
 0  0      0 397916  11856  31088    0    0     0     0   16   18  0  0 100  0  0
 0  0      0 397916  11856  31088    0    0     0     0   15   16  0  0 100  0  0
 0  0      0 397916  11856  31088    0    0     0     0   15   15  0  0 100  0  0
 0  0      0 397916  11856  31088    0    0     0     0   19   22  0  0 100  0  0
 0  1      0 397916  11856  31088    0    0     0    60   18   20  0  0 90 10  0
 0  0      0 397916  11856  31088    0    0     0     0   25   20  0  0 96  4  0
 0  0      0 397916  11856  31088    0    0     0     0   26   21  0  0 99  0  0
 1  0      0 397916  11856  31088    0    0     0     0   19   25  0  0 100  0  0
 0  0      0 397916  11856  31088    0    0     0     0   13   18  0  0 100  0  0
 0  0      0 397916  11856  31088    0    0     0     0   11   12  0  0 100  0  0
 0  0      0 397916  11856  31088    0    0     0     0   17   20  0  0 100  0  0
 0  0      0 397916  11856  31088    0    0     0     0   14   18  0  0 100  0  0
 0  0      0 397916  11856  31088    0    0     0     0   15   20  0  0 100  0  0
 0  0      0 397916  11856  31088    0    0     0     0   13   16  0  0 100  0  0
 0  0      0 397916  11856  31088    0    0     0     0   10   16  0  0 100  0  0
 1  0      0 397916  11856  31088    0    0     0     0   16   18  0  0 100  0  0
 0  0      0 397916  11856  31088    0    0     0     0   13   16  0  0 100  0  0
 0  0      0 397916  11856  31088    0    0     0    16   18   17  0  0 100  0  0
 0  0      0 397916  11856  31088    0    0     0     0   21   19  0  0 100  0  0
 0  0      0 397916  11856  31088    0    0     0     0   11   15  0  0 100  0  0
 0  0      0 397916  11856  31088    0    0     0     0   12   18  0  0 100  0  0
 0  0      0 397916  11856  31088    0    0     0     0   13   12  0  0 100  0  0
 0  0      0 397916  11856  31088    0    0     0     0   12   21  0  0 100  0  0
 0  0      0 397916  11856  31088    0    0     0     0   17   20  1  0 100  0  0
 0  0      0 397916  11856  31088    0    0     0     0   16   20  0  0 100  0  0
 0  0      0 397916  11856  31088    0    0     0     0   14   14  0  0 99  0  0
 0  0      0 397916  11856  31088    0    0     0     0   13   16  0  0 100  0  0
 1  0      0 397916  11856  31088    0    0     0     0   22   23  0  0 100  0  0
 1  0      0 397916  11856  31088    0    0     0     0   11   14  0  0 100  0  0
 0  0      0 397916  11856  31088    0    0     0     0   21   25  0  0 100  0  0
 0  0      0 397916  11856  31088    0    0     0     0   29   38  1  0 99  0  0
 1  0      0 397916  11856  31088    0    0     0     0   25   36  0  1 99  0  0
===VMSTAT_END===
========== SPEEDOMETER RT APPLICATION RESULTS ==========
Test Configuration:
Period: 50.000 ms
Deadline: 5.000 ms
RT Priority: 99 (SCHED_FIFO)
Execution Statistics:
Total cycles: 599
Deadline misses: 2 (0.334%)
Execution Time (μs):
Mean: 180.741
Min: 131.648
Max: 2392.144
50th percentile: 169.488
95th percentile: 213.856
99th percentile: 292.208
99.9th percentile: 2392.144
Jitter (μs):
Mean: 1440.893
Min: 1034.112
Max: 6321.264
Response Time (μs):
Mean: 1621.634
Min: 1185.328
Max: 6528.576
50th percentile: 1497.920
95th percentile: 2410.000
99th percentile: 3326.800
99.9th percentile: 6528.576
========================================================
[  496.000270] SDK:handler_do_el0_svc_pre: syscall __NR_futex (98) is not allowed
[  496.352494] SDK:handler_do_el0_svc_pre: syscall __NR_munmap (215) is not allowed
[  496.364023] SDK:handler_do_el0_svc_pre: syscall __NR_wait4 (260) is not allowed
[  496.376199] SDK:handler_do_el0_svc_pre: syscall __NR_munmap (215) is not allowed
[  496.388034] SDK:handler_do_el0_svc_pre: syscall __NR_rt_sigprocmask (135) is not allowed
[  496.400119] SDK:handler_do_el0_svc_pre: syscall __NR_futex (98) is not allowed
[  496.412153] SDK:handler_do_el0_svc_pre: syscall __NR_exit (93) is not allowed
[  496.414366] SDK:handler_do_el0_svc_pre: syscall __NR_futex (98) is not allowed
[  496.434003] SDK:handler_do_el0_svc_pre: syscall __NR_munmap (215) is not allowed
===VMSTAT_START===
procs -----------memory---------- ---swap-- -----io---- -system-- ------cpu-----
r  b   swpd   free   buff  cache   si   so    bi    bo   in   cs us sy id wa st
0  0      0  68404    512   9824    0    0     0     0   59   54  0  4 95  0  0
0  0      0  68344    512   9824    0    0     0     0   35   59  1  0 99  0  0
0  0      0  68344    512   9824    0    0     0     0   36   55  0  1 99  0  0
0  0      0  68344    512   9824    0    0     0     0   34   61  0  0 100  0  0
0  0      0  68344    512   9824    0    0     0     0   36   58  0  1 99  0  0
0  0      0  68344    512   9824    0    0     0     0   36   58  1  0 99  0  0
0  0      0  68344    512   9824    0    0     0     0   32   56  0  1 99  0  0
0  0      0  68344    512   9824    0    0     0     0   35   65  0  0 100  0  0
0  0      0  68344    512   9824    0    0     0     0   34   54  0  0 100  0  0
0  0      0  68344    512   9824    0    0     0     0   41   62  0  1 99  0  0
0  0      0  68344    512   9824    0    0     0     0   35   52  1  1 99  0  0
0  0      0  68344    512   9824    0    0     0     0   41   67  1  1 99  0  0
0  0      0  68344    512   9824    0    0     0     0   39   51  0  1 99  0  0
0  0      0  68344    512   9824    0    0     0     0   39   61  0  1 99  0  0
0  0      0  68344    512   9824    0    0     0     0   37   60  0  1 99  0  0
0  0      0  68344    512   9824    0    0     0     0   40   60  1  1 98  0  0
0  0      0  68344    512   9824    0    0     0     0   34   54  0  1 99  0  0
1  0      0  68344    512   9824    0    0     0     0   33   56  0  1 99  0  0
1  0      0  68332    512   9824    0    0     0     0   33   57  1  0 99  0  0
0  0      0  68332    512   9824    0    0     0     0   42   65  0  1 99  0  0
1  0      0  68332    512   9824    0    0     0     0   38   58  0  1 99  0  0
0  0      0  68332    512   9824    0    0     0     0   34   55  1  0 99  0  0
0  0      0  68332    512   9824    0    0     0     0   35   60  0  0 100  0  0
0  0      0  68332    512   9824    0    0     0     0   38   62  1  1 99  0  0
0  0      0  68332    512   9824    0    0     0     0   37   60  0  0 100  0  0
0  0      0  68332    512   9824    0    0     0     0   40   58  0  1 99  0  0
0  0      0  68332    512   9824    0    0     0     0   36   58  0  1 99  0  0
0  0      0  68332    512   9824    0    0     0     0   37   61  0  1 99  0  0
0  0      0  68332    512   9824    0    0     0     0   36   55  0  0 100  0  0
0  0      0  68332    512   9824    0    0     0     0   45   61  1  1 99  0  0
0  0      0  68332    512   9824    0    0     0     0  134   41  1  6 93  0  0
===VMSTAT_END===
===CSV_START===
cycle,timestamp_s,execution_time_us,jitter_us,response_time_us,deadline_miss
1,0.056321,207.312,6321.264,6528.576,1
2,0.101703,155.104,1703.232,1858.336,0
3,0.151530,239.648,1530.032,1769.680,0
4,0.202250,149.808,2250.032,2399.840,0
5,0.251261,145.824,1261.024,1406.848,0
6,0.301274,145.680,1273.760,1419.440,0
7,0.351381,145.232,1380.656,1525.888,0
8,0.402268,147.568,2267.968,2415.536,0
9,0.451230,169.312,1230.496,1399.808,0
10,0.501265,146.240,1264.800,1411.040,0
11,0.551224,149.632,1224.288,1373.920,0
12,0.601265,146.576,1264.528,1411.104,0
13,0.651511,206.704,1511.360,1718.064,0
14,0.701259,172.624,1259.344,1431.968,0
15,0.751310,174.784,1309.584,1484.368,0
16,0.801276,144.864,1275.840,1420.704,0
17,0.851276,146.960,1275.600,1422.560,0
18,0.901397,173.632,1396.832,1570.464,0
19,0.951371,171.952,1371.216,1543.168,0
20,1.001266,145.472,1266.368,1411.840,0
21,1.051449,159.456,1449.008,1608.464,0
22,1.101268,144.608,1267.520,1412.128,0
23,1.151191,175.696,1191.328,1367.024,0
24,1.201378,190.592,1377.936,1568.528,0
25,1.251256,145.104,1256.336,1401.440,0
26,1.301290,173.104,1290.240,1463.344,0
27,1.351379,161.632,1379.232,1540.864,0
28,1.401369,144.608,1368.912,1513.520,0
29,1.451261,134.336,1260.912,1395.248,0
30,1.501342,190.768,1342.016,1532.784,0
31,1.551094,211.472,1094.192,1305.664,0
32,1.601402,145.232,1401.648,1546.880,0
33,1.651707,142.672,1707.200,1849.872,0
34,1.702229,198.784,2228.864,2427.648,0
35,1.751187,154.192,1186.720,1340.912,0
36,1.801247,135.376,1247.328,1382.704,0
37,1.851288,164.112,1287.600,1451.712,0
38,1.901303,154.912,1302.880,1457.792,0
39,1.951300,155.952,1300.272,1456.224,0
40,2.001099,157.680,1099.072,1256.752,0
41,2.052097,197.104,2096.512,2293.616,0
42,2.101282,142.496,1281.504,1424.000,0
43,2.151374,157.168,1373.600,1530.768,0
44,2.201132,188.832,1131.808,1320.640,0
45,2.251410,157.008,1410.496,1567.504,0
46,2.301266,146.000,1265.680,1411.680,0
47,2.351194,136.496,1193.728,1330.224,0
48,2.401223,180.832,1223.264,1404.096,0
49,2.451273,134.432,1272.528,1406.960,0
50,2.501295,160.048,1294.576,1454.624,0
51,2.551274,171.632,1274.160,1445.792,0
52,2.601543,214.688,1542.592,1757.280,0
53,2.651262,145.616,1262.016,1407.632,0
54,2.701455,147.856,1455.152,1603.008,0
55,2.751293,165.632,1293.072,1458.704,0
56,2.801059,197.696,1058.544,1256.240,0
57,2.852245,164.944,2245.056,2410.000,0
58,2.901216,153.152,1215.984,1369.136,0
59,2.951076,168.208,1075.712,1243.920,0
60,3.002202,135.008,2201.680,2336.688,0
61,3.051240,146.112,1240.352,1386.464,0
62,3.101399,166.704,1398.864,1565.568,0
63,3.151240,135.600,1240.192,1375.792,0
64,3.201218,163.904,1218.256,1382.160,0
65,3.251242,156.656,1241.632,1398.288,0
66,3.301283,187.952,1283.488,1471.440,0
67,3.351267,145.376,1267.168,1412.544,0
68,3.401297,185.168,1297.408,1482.576,0
69,3.451257,180.608,1257.072,1437.680,0
70,3.501744,149.984,1743.600,1893.584,0
71,3.551248,159.024,1248.272,1407.296,0
72,3.601061,167.520,1060.560,1228.080,0
73,3.652161,209.504,2160.832,2370.336,0
74,3.702253,134.192,2252.608,2386.800,0
75,3.751432,158.128,1432.080,1590.208,0
76,3.801093,151.248,1093.104,1244.352,0
77,3.852239,167.504,2238.592,2406.096,0
78,3.902260,205.056,2259.520,2464.576,0
79,3.951411,147.296,1410.672,1557.968,0
80,4.001273,180.080,1272.832,1452.912,0
81,4.051088,178.256,1087.984,1266.240,0
82,4.102292,173.520,2292.432,2465.952,0
83,4.151259,134.832,1258.592,1393.424,0
84,4.201191,173.200,1191.056,1364.256,0
85,4.251248,145.600,1247.968,1393.568,0
86,4.301297,182.096,1297.312,1479.408,0
87,4.351261,145.216,1261.296,1406.512,0
88,4.401280,134.704,1279.904,1414.608,0
89,4.451161,203.504,1160.624,1364.128,0
90,4.501394,151.984,1394.064,1546.048,0
91,4.551288,161.456,1287.632,1449.088,0
92,4.601104,223.472,1104.064,1327.536,0
93,4.651268,134.736,1267.776,1402.512,0
94,4.701547,198.000,1546.912,1744.912,0
95,4.751086,170.864,1086.048,1256.912,0
96,4.801307,152.416,1307.376,1459.792,0
97,4.851094,205.248,1093.616,1298.864,0
98,4.902403,181.296,2402.624,2583.920,0
99,4.951444,146.880,1444.256,1591.136,0
100,5.001598,169.824,1597.984,1767.808,0
101,5.051458,146.256,1458.080,1604.336,0
102,5.102264,145.552,2264.192,2409.744,0
103,5.152383,2070.736,2382.768,4453.504,0
104,5.201237,154.624,1237.216,1391.840,0
105,5.251301,164.656,1300.688,1465.344,0
106,5.301556,198.880,1555.504,1754.384,0
107,5.351585,186.672,1585.168,1771.840,0
108,5.401308,197.872,1307.808,1505.680,0
109,5.451218,162.736,1217.568,1380.304,0
110,5.501288,145.392,1287.920,1433.312,0
111,5.551296,163.408,1295.888,1459.296,0
112,5.601162,135.312,1161.568,1296.880,0
113,5.651242,153.872,1242.064,1395.936,0
114,5.701428,136.048,1428.064,1564.112,0
115,5.751110,210.672,1109.696,1320.368,0
116,5.801256,151.120,1255.504,1406.624,0
117,5.851298,148.992,1298.448,1447.440,0
118,5.901207,177.136,1207.472,1384.608,0
119,5.951248,145.008,1248.400,1393.408,0
120,6.001489,146.912,1489.088,1636.000,0
121,6.051234,135.120,1233.504,1368.624,0
122,6.101231,137.584,1230.672,1368.256,0
123,6.151096,221.360,1095.760,1317.120,0
124,6.201255,143.344,1255.392,1398.736,0
125,6.251254,146.000,1254.336,1400.336,0
126,6.301208,176.352,1208.336,1384.688,0
127,6.351187,175.392,1187.408,1362.800,0
128,6.401305,172.320,1305.104,1477.424,0
129,6.451301,172.352,1300.768,1473.120,0
130,6.501351,163.120,1351.424,1514.544,0
131,6.551491,134.560,1490.848,1625.408,0
132,6.601281,174.192,1280.704,1454.896,0
133,6.651124,175.168,1124.272,1299.440,0
134,6.701302,167.280,1301.776,1469.056,0
135,6.751241,135.136,1240.864,1376.000,0
136,6.801458,143.856,1458.480,1602.336,0
137,6.851077,180.080,1076.944,1257.024,0
138,6.902208,173.840,2207.856,2381.696,0
139,6.951184,136.672,1183.520,1320.192,0
140,7.001397,138.080,1396.976,1535.056,0
141,7.051110,189.152,1110.112,1299.264,0
142,7.101277,145.584,1277.200,1422.784,0
143,7.151532,135.360,1531.584,1666.944,0
144,7.201180,152.704,1179.712,1332.416,0
145,7.251211,173.856,1210.992,1384.848,0
146,7.301432,141.840,1431.968,1573.808,0
147,7.351192,155.360,1191.600,1346.960,0
148,7.401077,214.080,1076.544,1290.624,0
149,7.451409,138.496,1408.560,1547.056,0
150,7.501386,178.992,1386.304,1565.296,0
151,7.551154,210.800,1154.016,1364.816,0
152,7.601280,133.680,1280.480,1414.160,0
153,7.651269,133.248,1269.440,1402.688,0
154,7.701065,206.496,1064.608,1271.104,0
155,7.751580,210.224,1579.568,1789.792,0
156,7.801294,134.448,1293.872,1428.320,0
157,7.851493,134.464,1492.544,1627.008,0
158,7.901082,180.848,1082.496,1263.344,0
159,7.951084,183.856,1084.048,1267.904,0
160,8.002376,164.288,2375.856,2540.144,0
161,8.051312,145.824,1312.352,1458.176,0
162,8.101079,210.368,1079.440,1289.808,0
163,8.151295,180.208,1295.488,1475.696,0
164,8.201071,207.744,1070.992,1278.736,0
165,8.252441,172.320,2440.928,2613.248,0
166,8.301409,133.808,1409.184,1542.992,0
167,8.351070,213.376,1070.208,1283.584,0
168,8.402076,208.320,2075.792,2284.112,0
169,8.451093,211.568,1092.832,1304.400,0
170,8.501303,172.944,1302.976,1475.920,0
171,8.551080,208.224,1079.792,1288.016,0
172,8.601276,161.104,1276.288,1437.392,0
173,8.651099,200.608,1098.544,1299.152,0
174,8.701164,186.528,1164.496,1351.024,0
175,8.751181,176.048,1181.392,1357.440,0
176,8.801073,172.512,1072.880,1245.392,0
177,8.852284,1574.368,2283.952,3858.320,0
178,8.901104,189.312,1103.552,1292.864,0
179,8.951150,135.520,1149.712,1285.232,0
180,9.001257,134.704,1256.544,1391.248,0
181,9.051404,133.760,1404.304,1538.064,0
182,9.101355,151.248,1355.264,1506.512,0
183,9.151083,167.280,1083.472,1250.752,0
184,9.202221,170.656,2221.472,2392.128,0
185,9.251102,200.080,1102.320,1302.400,0
186,9.301098,204.096,1098.064,1302.160,0
187,9.351246,143.792,1245.888,1389.680,0
188,9.401182,177.904,1181.632,1359.536,0
189,9.451204,173.968,1204.496,1378.464,0
190,9.501414,150.704,1413.840,1564.544,0
191,9.551255,161.840,1255.392,1417.232,0
192,9.601339,169.024,1338.768,1507.792,0
193,9.651300,151.296,1299.696,1450.992,0
194,9.701282,194.768,1281.856,1476.624,0
195,9.751153,171.120,1152.592,1323.712,0
196,9.801313,184.480,1313.440,1497.920,0
197,9.851414,146.800,1413.552,1560.352,0
198,9.901297,155.264,1297.200,1452.464,0
199,9.951410,169.264,1410.368,1579.632,0
200,10.001249,138.032,1248.800,1386.832,0
201,10.051542,181.312,1541.728,1723.040,0
202,10.102487,134.224,2486.784,2621.008,0
203,10.151252,142.992,1251.712,1394.704,0
204,10.201312,160.736,1312.304,1473.040,0
205,10.253563,2392.144,3562.864,5955.008,1
206,10.301307,195.072,1306.848,1501.920,0
207,10.351512,135.520,1511.904,1647.424,0
208,10.401415,159.344,1414.944,1574.288,0
209,10.451316,190.784,1316.160,1506.944,0
210,10.501382,170.384,1382.288,1552.672,0
211,10.551310,189.344,1310.464,1499.808,0
212,10.601500,213.632,1499.648,1713.280,0
213,10.651399,172.864,1399.360,1572.224,0
214,10.702251,155.872,2251.488,2407.360,0
215,10.751252,137.184,1251.856,1389.040,0
216,10.801237,161.120,1237.376,1398.496,0
217,10.851169,171.632,1168.864,1340.496,0
218,10.901095,218.096,1094.816,1312.912,0
219,10.951426,146.752,1425.824,1572.576,0
220,11.001104,181.072,1104.256,1285.328,0
221,11.051088,180.176,1088.192,1268.368,0
222,11.101174,153.904,1174.496,1328.400,0
223,11.151254,135.008,1253.904,1388.912,0
224,11.201281,181.872,1280.528,1462.400,0
225,11.251239,154.624,1239.472,1394.096,0
226,11.301081,169.424,1081.200,1250.624,0
227,11.352289,1009.824,2289.280,3299.104,0
228,11.401104,170.384,1104.160,1274.544,0
229,11.451354,172.816,1353.616,1526.432,0
230,11.501418,151.872,1417.600,1569.472,0
231,11.551102,171.408,1101.904,1273.312,0
232,11.602069,182.944,2069.168,2252.112,0
233,11.652078,158.288,2077.568,2235.856,0
234,11.702086,168.224,2086.352,2254.576,0
235,11.751084,182.272,1084.048,1266.320,0
236,11.801144,180.736,1144.464,1325.200,0
237,11.851099,182.528,1099.120,1281.648,0
238,11.901214,182.720,1214.080,1396.800,0
239,11.951089,183.568,1089.136,1272.704,0
240,12.002071,181.856,2070.992,2252.848,0
241,12.052242,155.040,2242.208,2397.248,0
242,12.102101,174.480,2101.312,2275.792,0
243,12.151093,167.248,1092.656,1259.904,0
244,12.202974,214.512,2974.288,3188.800,0
245,12.252081,175.440,2081.376,2256.816,0
246,12.301102,208.400,1102.320,1310.720,0
247,12.352074,151.552,2073.600,2225.152,0
248,12.401051,169.488,1051.360,1220.848,0
249,12.452232,192.768,2231.584,2424.352,0
250,12.501421,144.880,1420.608,1565.488,0
251,12.551273,134.416,1273.024,1407.440,0
252,12.601091,200.048,1091.328,1291.376,0
253,12.651280,134.304,1280.240,1414.544,0
254,12.701067,159.232,1066.528,1225.760,0
255,12.751277,174.704,1277.456,1452.160,0
256,12.801256,134.368,1255.712,1390.080,0
257,12.851082,150.880,1082.464,1233.344,0
258,12.901053,169.424,1053.296,1222.720,0
259,12.951100,150.800,1099.824,1250.624,0
260,13.001106,176.464,1105.792,1282.256,0
261,13.052078,184.688,2078.000,2262.688,0
262,13.101095,171.808,1095.072,1266.880,0
263,13.151082,174.736,1081.664,1256.400,0
264,13.202074,169.136,2074.224,2243.360,0
265,13.251090,177.216,1090.336,1267.552,0
266,13.302182,161.728,2182.080,2343.808,0
267,13.351036,168.144,1035.840,1203.984,0
268,13.401248,161.104,1247.552,1408.656,0
269,13.451457,134.288,1457.312,1591.600,0
270,13.501389,135.088,1388.656,1523.744,0
271,13.551055,170.832,1055.408,1226.240,0
272,13.602154,195.888,2154.032,2349.920,0
273,13.651276,147.696,1276.304,1424.000,0
274,13.701264,144.608,1263.760,1408.368,0
275,13.751273,150.128,1273.296,1423.424,0
276,13.801444,144.416,1444.192,1588.608,0
277,13.851059,170.816,1059.296,1230.112,0
278,13.901034,151.216,1034.112,1185.328,0
279,13.951533,143.200,1532.976,1676.176,0
280,14.001063,209.120,1063.264,1272.384,0
281,14.051088,193.936,1088.112,1282.048,0
282,14.101353,192.672,1352.512,1545.184,0
283,14.151069,152.784,1069.136,1221.920,0
284,14.202078,175.760,2077.904,2253.664,0
285,14.252059,183.120,2059.392,2242.512,0
286,14.301102,198.736,1101.968,1300.704,0
287,14.351293,163.600,1292.880,1456.480,0
288,14.401103,209.968,1102.672,1312.640,0
289,14.451269,145.072,1269.136,1414.208,0
290,14.501189,164.528,1188.928,1353.456,0
291,14.552103,211.056,2102.880,2313.936,0
292,14.601559,169.200,1558.800,1728.000,0
293,14.651282,144.800,1282.064,1426.864,0
294,14.701257,145.552,1256.560,1402.112,0
295,14.751208,164.416,1207.616,1372.032,0
296,14.801103,190.464,1103.024,1293.488,0
297,14.851306,162.784,1306.464,1469.248,0
298,14.901494,146.064,1493.680,1639.744,0
299,14.951291,149.632,1291.120,1440.752,0
300,15.001221,179.968,1220.912,1400.880,0
301,15.051397,140.896,1396.528,1537.424,0
302,15.101086,174.608,1086.112,1260.720,0
303,15.152070,246.144,2070.160,2316.304,0
304,15.201077,163.488,1077.376,1240.864,0
305,15.252107,219.152,2107.008,2326.160,0
306,15.301399,156.288,1399.328,1555.616,0
307,15.351271,145.360,1271.120,1416.480,0
308,15.401070,158.704,1070.496,1229.200,0
309,15.451103,152.576,1102.896,1255.472,0
310,15.502104,191.680,2104.352,2296.032,0
311,15.551077,170.720,1077.072,1247.792,0
312,15.602542,176.480,2541.696,2718.176,0
313,15.651073,204.128,1073.408,1277.536,0
314,15.702210,176.176,2209.744,2385.920,0
315,15.751387,136.384,1387.296,1523.680,0
316,15.801234,170.112,1233.648,1403.760,0
317,15.851239,145.744,1239.072,1384.816,0
318,15.901103,150.592,1102.864,1253.456,0
319,15.952069,166.176,2068.624,2234.800,0
320,16.001075,178.784,1075.376,1254.160,0
321,16.052269,151.792,2269.120,2420.912,0
322,16.101370,191.312,1369.824,1561.136,0
323,16.151235,137.664,1234.896,1372.560,0
324,16.201091,209.568,1091.008,1300.576,0
325,16.251098,214.864,1097.856,1312.720,0
326,16.301575,232.912,1575.264,1808.176,0
327,16.351579,186.496,1579.040,1765.536,0
328,16.402435,144.736,2434.992,2579.728,0
329,16.451234,137.008,1233.936,1370.944,0
330,16.501196,134.704,1196.272,1330.976,0
331,16.551305,158.048,1304.912,1462.960,0
332,16.601240,141.392,1239.584,1380.976,0
333,16.651309,143.296,1308.880,1452.176,0
334,16.701325,169.488,1325.472,1494.960,0
335,16.751280,192.160,1280.240,1472.400,0
336,16.801288,169.504,1288.096,1457.600,0
337,16.851049,177.344,1049.040,1226.384,0
338,16.902257,134.672,2256.672,2391.344,0
339,16.951232,147.280,1232.032,1379.312,0
340,17.001254,144.992,1253.904,1398.896,0
341,17.051289,137.296,1289.376,1426.672,0
342,17.101270,176.976,1269.968,1446.944,0
343,17.151058,171.184,1058.432,1229.616,0
344,17.201093,210.208,1092.768,1302.976,0
345,17.251384,134.496,1384.464,1518.960,0
346,17.301248,136.176,1248.288,1384.464,0
347,17.351257,144.752,1257.392,1402.144,0
348,17.401225,161.248,1225.424,1386.672,0
349,17.451080,170.736,1080.416,1251.152,0
350,17.501070,210.416,1069.664,1280.080,0
351,17.551103,207.728,1102.768,1310.496,0
352,17.601292,159.616,1291.696,1451.312,0
353,17.651067,238.000,1066.576,1304.576,0
354,17.701096,234.352,1096.368,1330.720,0
355,17.751072,171.168,1072.256,1243.424,0
356,17.802039,174.112,2038.944,2213.056,0
357,17.851338,154.512,1338.176,1492.688,0
358,17.901079,149.616,1079.184,1228.800,0
359,17.951077,182.336,1076.608,1258.944,0
360,18.002395,135.200,2394.800,2530.000,0
361,18.051228,137.968,1228.448,1366.416,0
362,18.101236,143.344,1235.680,1379.024,0
363,18.151518,229.072,1517.712,1746.784,0
364,18.201277,140.640,1276.720,1417.360,0
365,18.251404,139.104,1403.728,1542.832,0
366,18.301261,215.520,1261.408,1476.928,0
367,18.352276,1050.928,2275.872,3326.800,0
368,18.401268,212.448,1267.696,1480.144,0
369,18.451089,180.432,1088.864,1269.296,0
370,18.501105,232.352,1105.488,1337.840,0
371,18.551287,144.496,1287.472,1431.968,0
372,18.601193,137.872,1193.040,1330.912,0
373,18.651232,144.880,1232.448,1377.328,0
374,18.701376,170.288,1376.112,1546.400,0
375,18.751103,172.528,1103.488,1276.016,0
376,18.802229,160.704,2229.088,2389.792,0
377,18.851107,170.864,1107.088,1277.952,0
378,18.901275,180.144,1275.424,1455.568,0
379,18.951083,166.368,1082.768,1249.136,0
380,19.002197,184.576,2196.880,2381.456,0
381,19.051092,168.768,1091.744,1260.512,0
382,19.101074,154.144,1073.952,1228.096,0
383,19.152154,239.104,2154.176,2393.280,0
384,19.201272,145.696,1271.968,1417.664,0
385,19.251103,190.704,1102.880,1293.584,0
386,19.304501,150.528,4501.200,4651.728,0
387,19.351202,195.712,1202.400,1398.112,0
388,19.401116,162.544,1115.632,1278.176,0
389,19.452109,176.448,2108.720,2285.168,0
390,19.502225,166.992,2225.200,2392.192,0
391,19.551276,145.296,1275.744,1421.040,0
392,19.601086,167.488,1085.888,1253.376,0
393,19.651223,162.672,1223.152,1385.824,0
394,19.701273,146.048,1272.928,1418.976,0
395,19.751277,145.424,1277.168,1422.592,0
396,19.801275,145.616,1274.624,1420.240,0
397,19.851095,150.832,1095.488,1246.320,0
398,19.902204,146.000,2204.064,2350.064,0
399,19.951222,174.336,1222.288,1396.624,0
400,20.001271,134.896,1270.800,1405.696,0
401,20.051105,183.952,1104.544,1288.496,0
402,20.101405,148.048,1405.312,1553.360,0
403,20.151295,148.352,1295.056,1443.408,0
404,20.201410,146.416,1409.744,1556.160,0
405,20.251093,206.864,1093.296,1300.160,0
406,20.301285,201.840,1285.024,1486.864,0
407,20.352456,215.984,2455.792,2671.776,0
408,20.401278,148.080,1277.808,1425.888,0
409,20.451232,171.744,1232.000,1403.744,0
410,20.501202,162.256,1201.824,1364.080,0
411,20.551280,175.920,1280.336,1456.256,0
412,20.601248,207.616,1248.224,1455.840,0
413,20.651219,160.816,1219.040,1379.856,0
414,20.701295,147.888,1295.088,1442.976,0
415,20.751185,213.856,1185.072,1398.928,0
416,20.801079,171.136,1079.280,1250.416,0
417,20.851297,187.856,1297.392,1485.248,0
418,20.901293,213.104,1293.440,1506.544,0
419,20.951277,188.944,1276.976,1465.920,0
420,21.001656,169.296,1656.240,1825.536,0
421,21.051092,158.960,1091.728,1250.688,0
422,21.101228,158.000,1227.568,1385.568,0
423,21.151103,208.496,1103.216,1311.712,0
424,21.201282,191.328,1281.824,1473.152,0
425,21.251100,206.416,1099.680,1306.096,0
426,21.301080,172.128,1079.968,1252.096,0
427,21.351115,189.024,1114.704,1303.728,0
428,21.402224,173.984,2224.480,2398.464,0
429,21.451088,164.096,1088.368,1252.464,0
430,21.501259,179.264,1258.752,1438.016,0
431,21.551167,185.840,1166.688,1352.528,0
432,21.601073,150.912,1073.184,1224.096,0
433,21.651089,202.256,1088.560,1290.816,0
434,21.701296,207.408,1295.776,1503.184,0
435,21.751288,165.056,1287.936,1452.992,0
436,21.801293,151.056,1292.912,1443.968,0
437,21.851273,135.440,1272.608,1408.048,0
438,21.901220,177.552,1220.272,1397.824,0
439,21.951299,185.168,1299.360,1484.528,0
440,22.001157,208.256,1156.992,1365.248,0
441,22.051385,134.640,1385.456,1520.096,0
442,22.101235,145.616,1235.088,1380.704,0
443,22.151250,144.336,1249.696,1394.032,0
444,22.201225,147.184,1224.832,1372.016,0
445,22.251093,193.904,1092.880,1286.784,0
446,22.302200,140.080,2199.504,2339.584,0
447,22.351097,150.576,1097.408,1247.984,0
448,22.401559,175.072,1559.296,1734.368,0
449,22.451425,172.304,1424.880,1597.184,0
450,22.501419,172.304,1419.440,1591.744,0
451,22.551446,152.784,1445.552,1598.336,0
452,22.601314,203.200,1314.432,1517.632,0
453,22.651422,191.920,1421.520,1613.440,0
454,22.701582,197.696,1581.520,1779.216,0
455,22.751436,175.344,1435.952,1611.296,0
456,22.801599,233.968,1598.688,1832.656,0
457,22.851411,150.736,1411.040,1561.776,0
458,22.901527,192.448,1527.152,1719.600,0
459,22.951712,136.240,1711.632,1847.872,0
460,23.002571,171.872,2571.344,2743.216,0
461,23.051412,165.952,1412.240,1578.192,0
462,23.101389,171.024,1389.296,1560.320,0
463,23.151445,152.800,1445.168,1597.968,0
464,23.201424,152.720,1423.648,1576.368,0
465,23.251582,175.360,1582.336,1757.696,0
466,23.302302,248.048,2301.664,2549.712,0
467,23.351519,170.448,1519.408,1689.856,0
468,23.401434,171.072,1433.744,1604.816,0
469,23.451573,177.552,1572.608,1750.160,0
470,23.501421,152.896,1420.880,1573.776,0
471,23.551591,215.264,1590.608,1805.872,0
472,23.601747,135.744,1747.408,1883.152,0
473,23.651515,133.632,1515.264,1648.896,0
474,23.701415,177.472,1415.248,1592.720,0
475,23.751527,167.296,1526.832,1694.128,0
476,23.801568,173.120,1568.320,1741.440,0
477,23.851605,188.752,1604.880,1793.632,0
478,23.901421,155.264,1420.608,1575.872,0
479,23.951413,150.176,1412.848,1563.024,0
480,24.001277,135.056,1277.152,1412.208,0
481,24.051439,169.120,1438.960,1608.080,0
482,24.101525,178.304,1524.512,1702.816,0
483,24.151448,181.296,1448.496,1629.792,0
484,24.201780,145.200,1779.776,1924.976,0
485,24.251452,154.336,1452.016,1606.352,0
486,24.301677,151.184,1676.976,1828.160,0
487,24.351448,135.936,1448.000,1583.936,0
488,24.401555,184.512,1554.592,1739.104,0
489,24.451601,229.520,1600.592,1830.112,0
490,24.502435,178.448,2434.736,2613.184,0
491,24.551442,164.672,1442.080,1606.752,0
492,24.601430,170.880,1430.080,1600.960,0
493,24.651583,182.576,1582.560,1765.136,0
494,24.701446,171.360,1445.504,1616.864,0
495,24.751383,172.144,1383.408,1555.552,0
496,24.801434,158.016,1434.288,1592.304,0
497,24.851433,177.424,1432.864,1610.288,0
498,24.901430,153.504,1430.064,1583.568,0
499,24.951424,167.504,1423.536,1591.040,0
500,25.001784,134.592,1783.520,1918.112,0
501,25.051782,133.648,1781.792,1915.440,0
502,25.101434,173.136,1433.904,1607.040,0
503,25.151432,171.808,1431.616,1603.424,0
504,25.201570,223.472,1570.176,1793.648,0
505,25.251603,178.400,1602.976,1781.376,0
506,25.301436,175.328,1435.664,1610.992,0
507,25.351720,134.096,1719.968,1854.064,0
508,25.401576,182.368,1576.064,1758.432,0
509,25.451423,171.616,1423.488,1595.104,0
510,25.501439,178.304,1438.576,1616.880,0
511,25.551672,145.600,1671.856,1817.456,0
512,25.601425,172.992,1425.200,1598.192,0
513,25.651576,179.328,1576.192,1755.520,0
514,25.701425,170.928,1424.976,1595.904,0
515,25.751380,161.760,1380.224,1541.984,0
516,25.801427,179.312,1426.640,1605.952,0
517,25.851361,186.672,1361.040,1547.712,0
518,25.901757,134.240,1756.832,1891.072,0
519,25.951423,178.400,1422.960,1601.360,0
520,26.001516,134.368,1515.744,1650.112,0
521,26.051594,178.672,1593.616,1772.288,0
522,26.101411,171.472,1411.024,1582.496,0
523,26.151401,170.624,1401.392,1572.016,0
524,26.201438,163.696,1438.272,1601.968,0
525,26.252572,292.208,2571.792,2864.000,0
526,26.301582,187.456,1582.416,1769.872,0
527,26.351437,179.248,1437.456,1616.704,0
528,26.401412,180.000,1412.480,1592.480,0
529,26.451379,180.816,1379.472,1560.288,0
530,26.501581,187.648,1580.976,1768.624,0
531,26.551424,161.792,1423.760,1585.552,0
532,26.601563,176.112,1562.592,1738.704,0
533,26.651441,169.264,1440.848,1610.112,0
534,26.701516,134.048,1516.384,1650.432,0
535,26.751429,172.320,1429.008,1601.328,0
536,26.801427,171.152,1427.200,1598.352,0
537,26.851591,192.624,1590.976,1783.600,0
538,26.901747,134.640,1747.344,1881.984,0
539,26.951421,169.504,1421.040,1590.544,0
540,27.001431,172.160,1430.688,1602.848,0
541,27.051575,173.072,1575.008,1748.080,0
542,27.101422,166.784,1421.520,1588.304,0
543,27.151442,169.200,1442.192,1611.392,0
544,27.201431,183.152,1431.184,1614.336,0
545,27.251423,184.192,1422.512,1606.704,0
546,27.302410,177.712,2410.224,2587.936,0
547,27.351436,171.904,1435.632,1607.536,0
548,27.401431,181.152,1431.248,1612.400,0
549,27.451583,175.632,1582.944,1758.576,0
550,27.501413,171.824,1412.656,1584.480,0
551,27.551423,174.160,1423.024,1597.184,0
552,27.601427,166.704,1426.992,1593.696,0
553,27.651411,167.808,1411.456,1579.264,0
554,27.701567,180.544,1566.768,1747.312,0
555,27.751533,167.136,1533.296,1700.432,0
556,27.801516,135.168,1516.352,1651.520,0
557,27.851380,181.568,1379.648,1561.216,0
558,27.901351,181.568,1351.040,1532.608,0
559,27.951425,167.216,1425.456,1592.672,0
560,28.001437,172.016,1436.560,1608.576,0
561,28.051427,163.408,1426.752,1590.160,0
562,28.101375,179.552,1374.944,1554.496,0
563,28.151439,193.456,1439.040,1632.496,0
564,28.201432,170.192,1431.600,1601.792,0
565,28.251605,183.040,1604.624,1787.664,0
566,28.302607,181.616,2606.864,2788.480,0
567,28.351806,134.928,1805.520,1940.448,0
568,28.402494,186.176,2494.176,2680.352,0
569,28.451436,181.280,1436.240,1617.520,0
570,28.501571,170.096,1571.184,1741.280,0
571,28.551423,193.088,1422.544,1615.632,0
572,28.601609,144.816,1608.912,1753.728,0
573,28.651454,170.384,1453.584,1623.968,0
574,28.701419,170.368,1419.472,1589.840,0
575,28.751814,131.648,1813.824,1945.472,0
576,28.801416,149.856,1415.872,1565.728,0
577,28.851827,132.128,1827.136,1959.264,0
578,28.901425,170.528,1424.528,1595.056,0
579,28.951460,192.128,1459.664,1651.792,0
580,29.001422,169.616,1421.600,1591.216,0
581,29.051558,179.760,1557.568,1737.328,0
582,29.101460,163.104,1460.096,1623.200,0
583,29.151771,133.888,1770.960,1904.848,0
584,29.201571,167.968,1570.800,1738.768,0
585,29.251548,161.376,1547.520,1708.896,0
586,29.301400,171.328,1400.176,1571.504,0
587,29.351416,172.288,1416.192,1588.480,0
588,29.402181,167.600,2181.440,2349.040,0
589,29.451435,178.208,1434.848,1613.056,0
590,29.501447,135.040,1447.424,1582.464,0
591,29.551630,178.960,1630.128,1809.088,0
592,29.601423,176.640,1422.800,1599.440,0
593,29.651424,150.016,1423.584,1573.600,0
594,29.701535,165.904,1534.688,1700.592,0
595,29.751454,153.696,1454.112,1607.808,0
596,29.801429,170.288,1428.848,1599.136,0
597,29.851396,162.480,1396.336,1558.816,0
598,29.901592,191.328,1591.552,1782.880,0
599,29.951531,175.824,1531.040,1706.864,0
===CSV_END===
Statistics sent to li VM via shared memory
Run #10 completed. Waiting for next START command...
Waiting for START command from li VM...
